1.000000000000000000e+00
1.961999999999999966e+00
2.962000000000000188e+00
3.983000000000000096e+00
4.892000000000000348e+00
6.775999999999999801e+00
7.873999999999999666e+00
9.839000000000000412e+00
1.184699999999999953e+01
1.362100000000000044e+01
1.674399999999999977e+01
2.002799999999999869e+01
2.365299999999999869e+01
2.955799999999999983e+01
3.728399999999999892e+01
4.448799999999999955e+01
5.314800000000000324e+01
6.370600000000000307e+01
7.546599999999999397e+01
9.379999999999999716e+01
1.112210000000000036e+02
1.310560000000000116e+02
1.595790000000000077e+02
1.928439999999999941e+02
2.304060000000000059e+02
2.776879999999999882e+02
3.323100000000000023e+02
4.072019999999999982e+02
4.948740000000000236e+02
5.941269999999999527e+02
7.058750000000000000e+02
8.461760000000000446e+02
1.005416000000000054e+03
1.225564000000000078e+03
1.470621000000000095e+03
1.774000000000000000e+03
2.170692000000000007e+03
2.610902000000000044e+03
3.130233999999999924e+03
3.813789999999999964e+03
4.667180000000000291e+03
5.707180000000000291e+03
6.944978000000000065e+03
8.300353999999999360e+03
9.831540000000000873e+03
