1.000000000000000000e+00
2.020999999999999908e+00
3.092000000000000082e+00
4.157000000000000028e+00
5.208000000000000185e+00
7.346000000000000085e+00
8.432000000000000384e+00
1.050200000000000067e+01
1.222199999999999953e+01
1.407900000000000063e+01
1.687800000000000011e+01
2.001300000000000168e+01
2.453600000000000136e+01
2.907000000000000028e+01
3.561299999999999955e+01
4.289800000000000324e+01
5.275699999999999790e+01
6.242600000000000193e+01
7.335999999999999943e+01
8.929600000000000648e+01
1.087849999999999966e+02
1.304919999999999902e+02
1.567410000000000139e+02
1.876539999999999964e+02
2.335180000000000007e+02
2.788100000000000023e+02
3.382579999999999814e+02
4.083399999999999750e+02
4.999800000000000182e+02
6.150950000000000273e+02
7.342630000000000337e+02
8.782640000000000100e+02
1.057760999999999967e+03
1.281829999999999927e+03
1.549634999999999991e+03
1.874553000000000111e+03
2.234081999999999880e+03
2.704675999999999931e+03
3.261673999999999978e+03
3.913347999999999956e+03
4.865363999999999578e+03
5.890457999999999629e+03
7.012987000000000080e+03
8.374218000000000757e+03
9.962378000000000611e+03
