1.000000000000000000e+00
2.040000000000000036e+00
3.263999999999999790e+00
4.232000000000000206e+00
5.496000000000000441e+00
8.039999999999999147e+00
9.532000000000000028e+00
1.154800000000000004e+01
1.345199999999999996e+01
1.611199999999999832e+01
2.031200000000000117e+01
2.397200000000000131e+01
2.796399999999999864e+01
3.282399999999999807e+01
4.121600000000000108e+01
4.648799999999999955e+01
5.724000000000000199e+01
6.571999999999999886e+01
7.189600000000000080e+01
8.090399999999999636e+01
9.387600000000000477e+01
1.052000000000000028e+02
1.165919999999999987e+02
1.276320000000000050e+02
1.499439999999999884e+02
1.752479999999999905e+02
2.144720000000000084e+02
2.504559999999999889e+02
3.078999999999999773e+02
3.642160000000000082e+02
4.491840000000000259e+02
5.244640000000000555e+02
6.128719999999999573e+02
7.223519999999999754e+02
8.938999999999999773e+02
1.077551999999999907e+03
1.378799999999999955e+03
1.676392000000000053e+03
2.080128000000000156e+03
2.643367999999999938e+03
3.271360000000000127e+03
3.951159999999999854e+03
4.706384000000000015e+03
6.076423999999999978e+03
7.561600000000000364e+03
