1.000000000000000000e+00
1.973000000000000087e+00
3.181999999999999940e+00
4.302999999999999936e+00
5.363999999999999879e+00
7.187999999999999723e+00
8.231999999999999318e+00
9.820000000000000284e+00
1.111700000000000088e+01
1.256799999999999962e+01
1.482799999999999940e+01
1.677199999999999847e+01
1.891600000000000037e+01
2.168199999999999861e+01
2.566199999999999903e+01
2.926599999999999824e+01
3.342300000000000182e+01
3.963400000000000034e+01
4.595799999999999841e+01
5.503000000000000114e+01
6.506399999999999295e+01
7.766400000000000148e+01
9.364600000000000080e+01
1.162960000000000065e+02
1.402820000000000107e+02
1.730960000000000036e+02
2.087920000000000016e+02
2.558180000000000121e+02
3.153530000000000086e+02
3.808790000000000191e+02
4.645939999999999941e+02
5.824500000000000455e+02
7.088289999999999509e+02
8.931059999999999945e+02
1.114162000000000035e+03
1.377681000000000040e+03
1.756965999999999894e+03
2.177719999999999800e+03
2.789007999999999811e+03
3.444389999999999873e+03
4.315850000000000364e+03
5.239475999999999658e+03
6.473237000000000080e+03
8.007233000000000175e+03
9.877486000000000786e+03
