1.000000000000000000e+00
2.016000000000000014e+00
3.279999999999999805e+00
4.320000000000000284e+00
5.767999999999999794e+00
8.279999999999999361e+00
9.391999999999999460e+00
1.239600000000000080e+01
1.472400000000000020e+01
1.760000000000000142e+01
2.128000000000000114e+01
2.442399999999999949e+01
2.837600000000000122e+01
3.304800000000000182e+01
4.010000000000000142e+01
4.696000000000000085e+01
5.456000000000000227e+01
6.163199999999999790e+01
6.823199999999999932e+01
7.520000000000000284e+01
8.413200000000000500e+01
9.529600000000000648e+01
1.051839999999999975e+02
1.181200000000000045e+02
1.366719999999999970e+02
1.600720000000000027e+02
1.877680000000000007e+02
2.353839999999999861e+02
2.796279999999999859e+02
3.357400000000000091e+02
4.031480000000000246e+02
5.018639999999999759e+02
5.875040000000000191e+02
6.922240000000000464e+02
8.554039999999999964e+02
1.125491999999999962e+03
1.336367999999999938e+03
1.644784000000000106e+03
1.947135999999999967e+03
2.299568000000000211e+03
2.942840000000000146e+03
3.557923999999999978e+03
4.433467999999999847e+03
5.637283999999999651e+03
6.880551999999999680e+03
