1.000000000000000000e+00
1.955999999999999961e+00
3.168000000000000149e+00
4.115999999999999659e+00
5.352000000000000313e+00
7.751999999999999780e+00
8.939999999999999503e+00
1.176800000000000068e+01
1.409999999999999964e+01
1.667999999999999972e+01
2.051200000000000045e+01
2.399200000000000088e+01
2.845599999999999952e+01
3.379999999999999716e+01
4.212800000000000011e+01
4.960000000000000142e+01
5.659599999999999653e+01
6.907999999999999829e+01
7.980800000000000693e+01
9.591200000000000614e+01
1.094039999999999964e+02
1.325680000000000121e+02
1.581519999999999868e+02
1.827280000000000086e+02
2.157839999999999918e+02
2.648559999999999945e+02
3.254159999999999968e+02
3.938399999999999750e+02
4.841360000000000241e+02
6.269120000000000346e+02
7.349959999999999809e+02
8.830080000000000382e+02
1.023847999999999956e+03
1.217703999999999951e+03
1.536203999999999951e+03
1.872059999999999945e+03
2.236288000000000011e+03
2.815512000000000171e+03
3.241175999999999931e+03
3.766775999999999840e+03
4.704176000000000386e+03
5.774560000000000400e+03
6.914511999999999716e+03
8.280123999999999796e+03
9.938799999999999272e+03
