1.000000000000000000e+00
2.096000000000000085e+00
3.112000000000000099e+00
4.224000000000000199e+00
5.376000000000000334e+00
7.000000000000000000e+00
7.820000000000000284e+00
9.891999999999999460e+00
1.159600000000000009e+01
1.406000000000000050e+01
1.688800000000000168e+01
1.912399999999999878e+01
2.311199999999999832e+01
2.763200000000000145e+01
3.392399999999999949e+01
4.132000000000000028e+01
4.815200000000000102e+01
6.177600000000000335e+01
7.396800000000000352e+01
8.794400000000000261e+01
1.093119999999999976e+02
1.334720000000000084e+02
1.681719999999999970e+02
2.063360000000000127e+02
2.412319999999999993e+02
2.830559999999999832e+02
3.386639999999999873e+02
3.974159999999999968e+02
4.924320000000000164e+02
5.886960000000000264e+02
7.088840000000000146e+02
8.533840000000000146e+02
1.024859999999999900e+03
1.240519999999999982e+03
1.499163999999999987e+03
1.738119999999999891e+03
2.125023999999999887e+03
2.578847999999999956e+03
3.139887999999999920e+03
3.754344000000000051e+03
4.539912000000000262e+03
5.508587999999999738e+03
6.943435999999999694e+03
8.327788000000000466e+03
1.028405600000000049e+04
