1.000000000000000000e+00
1.840000000000000080e+00
2.975999999999999979e+00
3.983999999999999986e+00
5.304000000000000270e+00
7.631999999999999673e+00
8.811999999999999389e+00
1.146400000000000041e+01
1.410399999999999920e+01
1.637600000000000122e+01
2.149599999999999866e+01
2.463200000000000145e+01
2.859600000000000009e+01
3.324799999999999756e+01
4.192799999999999727e+01
5.075999999999999801e+01
6.023599999999999710e+01
7.245600000000000307e+01
8.498399999999999466e+01
1.038719999999999999e+02
1.298240000000000123e+02
1.548559999999999945e+02
1.756239999999999952e+02
1.979679999999999893e+02
2.277839999999999918e+02
2.695280000000000200e+02
3.073679999999999950e+02
3.451759999999999877e+02
4.379719999999999800e+02
5.465320000000000391e+02
6.948640000000000327e+02
8.734959999999999809e+02
1.045983999999999924e+03
1.245263999999999896e+03
1.486175999999999931e+03
1.770112000000000080e+03
2.121615999999999985e+03
2.670903999999999996e+03
3.167903999999999996e+03
3.749047999999999774e+03
4.554416000000000167e+03
5.621207999999999629e+03
6.978935999999999694e+03
8.237224000000000160e+03
9.781644000000000233e+03
