1.000000000000000000e+00
1.993999999999999995e+00
3.048000000000000043e+00
4.068999999999999950e+00
5.187999999999999723e+00
7.217999999999999972e+00
8.398999999999999133e+00
1.063299999999999912e+01
1.268800000000000061e+01
1.458600000000000030e+01
1.767399999999999949e+01
2.070200000000000173e+01
2.475700000000000145e+01
2.928999999999999915e+01
3.704800000000000182e+01
4.326200000000000045e+01
5.113000000000000256e+01
6.098199999999999932e+01
7.220799999999999841e+01
8.832399999999999807e+01
1.070499999999999972e+02
1.269599999999999937e+02
1.547839999999999918e+02
1.860819999999999936e+02
2.302560000000000002e+02
2.740840000000000032e+02
3.362520000000000095e+02
4.140160000000000196e+02
4.894130000000000109e+02
6.096040000000000418e+02
7.278419999999999845e+02
8.652119999999999891e+02
1.056258000000000038e+03
1.281701999999999998e+03
1.572807000000000016e+03
1.921369999999999891e+03
2.258427999999999884e+03
2.697684000000000196e+03
3.280494000000000142e+03
3.933036000000000058e+03
4.778569999999999709e+03
5.805962000000000444e+03
6.906951000000000022e+03
8.203546000000000276e+03
9.768144000000000233e+03
