1.000000000000000000e+00
1.993000000000000105e+00
3.259999999999999787e+00
4.397000000000000242e+00
5.621999999999999886e+00
7.612000000000000099e+00
8.442000000000000171e+00
9.996999999999999886e+00
1.150200000000000067e+01
1.295599999999999952e+01
1.541799999999999926e+01
1.686100000000000065e+01
1.929400000000000048e+01
2.176599999999999824e+01
2.471900000000000119e+01
2.810399999999999920e+01
3.197800000000000153e+01
3.616199999999999903e+01
4.152000000000000313e+01
4.843399999999999750e+01
5.887299999999999756e+01
7.188400000000000034e+01
8.850700000000000500e+01
1.060900000000000034e+02
1.331980000000000075e+02
1.665879999999999939e+02
2.058979999999999961e+02
2.504739999999999895e+02
3.025799999999999841e+02
3.763020000000000209e+02
4.661630000000000109e+02
5.895399999999999636e+02
7.338990000000000009e+02
9.121739999999999782e+02
1.141212999999999965e+03
1.421800999999999931e+03
1.773509999999999991e+03
2.246684000000000196e+03
2.824617999999999938e+03
3.427583999999999833e+03
4.276811999999999898e+03
5.266701000000000022e+03
6.525498999999999796e+03
7.840953000000000429e+03
9.513064000000000306e+03
