1.000000000000000000e+00
1.959999999999999964e+00
3.149999999999999911e+00
4.214000000000000412e+00
5.379999999999999893e+00
7.347999999999999865e+00
8.242000000000000881e+00
9.787000000000000810e+00
1.140399999999999991e+01
1.273399999999999999e+01
1.466799999999999926e+01
1.657499999999999929e+01
1.841000000000000014e+01
2.114999999999999858e+01
2.395700000000000074e+01
2.760800000000000054e+01
3.225999999999999801e+01
3.700600000000000023e+01
4.346399999999999864e+01
5.151800000000000068e+01
6.078900000000000148e+01
7.550600000000000023e+01
9.187800000000000011e+01
1.094680000000000035e+02
1.361740000000000066e+02
1.687700000000000102e+02
2.057319999999999993e+02
2.548559999999999945e+02
3.185799999999999841e+02
3.928709999999999809e+02
4.956750000000000114e+02
5.903540000000000418e+02
7.156689999999999827e+02
8.923600000000000136e+02
1.115098999999999933e+03
1.448472999999999956e+03
1.763074000000000069e+03
2.249755999999999858e+03
2.835193999999999960e+03
3.421038000000000011e+03
4.151439999999999600e+03
5.107144000000000233e+03
6.276891999999999825e+03
7.724185999999999694e+03
9.466016999999999825e+03
