1.000000000000000000e+00
2.040000000000000036e+00
2.983999999999999986e+00
3.923999999999999932e+00
5.000000000000000000e+00
7.368000000000000327e+00
8.539999999999999147e+00
1.070400000000000063e+01
1.306000000000000050e+01
1.580799999999999983e+01
1.940800000000000125e+01
2.289600000000000080e+01
2.680399999999999849e+01
3.196000000000000085e+01
3.912800000000000011e+01
4.477600000000000335e+01
5.241199999999999903e+01
5.975999999999999801e+01
7.110399999999999920e+01
8.773600000000000421e+01
1.038640000000000043e+02
1.240799999999999983e+02
1.498040000000000020e+02
1.794000000000000057e+02
2.308480000000000132e+02
2.812479999999999905e+02
3.484800000000000182e+02
4.194639999999999986e+02
5.008279999999999745e+02
5.802519999999999527e+02
7.179320000000000164e+02
8.588640000000000327e+02
1.058400000000000091e+03
1.289912000000000035e+03
1.577779999999999973e+03
1.790988000000000056e+03
2.149152000000000044e+03
2.626463999999999942e+03
3.189568000000000211e+03
3.688431999999999789e+03
4.631079999999999927e+03
5.675020000000000437e+03
6.978692000000000007e+03
7.962800000000000182e+03
9.821495999999999185e+03
