1.000000000000000000e+00
1.991999999999999993e+00
2.975999999999999979e+00
3.915999999999999925e+00
4.959999999999999964e+00
6.719999999999999751e+00
7.687999999999999723e+00
9.535999999999999588e+00
1.155599999999999916e+01
1.331600000000000072e+01
1.635200000000000031e+01
1.912000000000000099e+01
2.416799999999999926e+01
2.845599999999999952e+01
3.600000000000000000e+01
4.358400000000000318e+01
5.326400000000000290e+01
6.623999999999999488e+01
8.220799999999999841e+01
9.742400000000000659e+01
1.203760000000000048e+02
1.434480000000000075e+02
1.712319999999999993e+02
2.140560000000000116e+02
2.484000000000000057e+02
2.916159999999999854e+02
3.510160000000000196e+02
4.132160000000000082e+02
4.938240000000000123e+02
6.101839999999999691e+02
7.146879999999999882e+02
8.812240000000000464e+02
1.022816000000000031e+03
1.258839999999999918e+03
1.549180000000000064e+03
1.839367999999999938e+03
2.282936000000000149e+03
2.634880000000000109e+03
3.207215999999999894e+03
3.862503999999999905e+03
4.566104000000000269e+03
5.376131999999999607e+03
6.885935999999999694e+03
8.153551999999999680e+03
9.872896000000000640e+03
