1.000000000000000000e+00
1.991999999999999993e+00
3.152000000000000135e+00
4.243999999999999773e+00
5.543999999999999595e+00
8.048000000000000043e+00
9.323999999999999844e+00
1.188400000000000034e+01
1.472000000000000064e+01
1.716400000000000148e+01
2.097599999999999909e+01
2.348799999999999955e+01
2.648000000000000043e+01
3.300000000000000000e+01
4.053600000000000136e+01
4.513600000000000279e+01
5.588400000000000034e+01
6.694400000000000261e+01
7.506399999999999295e+01
8.751999999999999602e+01
1.077039999999999935e+02
1.265120000000000005e+02
1.591560000000000059e+02
1.856160000000000139e+02
2.268799999999999955e+02
2.788240000000000123e+02
3.263999999999999773e+02
3.960880000000000223e+02
4.820640000000000214e+02
5.792119999999999891e+02
6.918920000000000528e+02
8.321280000000000427e+02
1.018148000000000025e+03
1.252567999999999984e+03
1.551683999999999969e+03
1.825915999999999940e+03
2.174711999999999989e+03
2.636967999999999847e+03
3.190920000000000073e+03
3.712552000000000135e+03
4.666184000000000196e+03
5.664220000000000255e+03
6.970779999999999745e+03
8.044684000000000196e+03
9.066675999999999476e+03
