1.000000000000000000e+00
2.001999999999999780e+00
3.021999999999999797e+00
4.083000000000000185e+00
5.038000000000000256e+00
7.049999999999999822e+00
7.980000000000000426e+00
9.900999999999999801e+00
1.172799999999999976e+01
1.351900000000000013e+01
1.649399999999999977e+01
1.885399999999999920e+01
2.252100000000000080e+01
2.751200000000000045e+01
3.315999999999999659e+01
3.952600000000000335e+01
4.778799999999999670e+01
5.789000000000000057e+01
6.923199999999999932e+01
8.453400000000000603e+01
1.028889999999999958e+02
1.267560000000000002e+02
1.524010000000000105e+02
1.851699999999999875e+02
2.319399999999999977e+02
2.768740000000000236e+02
3.415319999999999823e+02
4.120699999999999932e+02
5.023410000000000082e+02
6.081359999999999673e+02
7.296939999999999600e+02
8.617480000000000473e+02
1.017816000000000031e+03
1.242117999999999938e+03
1.530454999999999927e+03
1.837990000000000009e+03
2.251530000000000200e+03
2.717166000000000167e+03
3.248518000000000029e+03
3.985155999999999949e+03
4.793988000000000284e+03
5.805006999999999607e+03
6.942363999999999578e+03
8.335515999999999622e+03
1.000901300000000083e+04
