1.000000000000000000e+00
1.953999999999999959e+00
3.169999999999999929e+00
4.203999999999999737e+00
5.277999999999999581e+00
7.344000000000000306e+00
8.086000000000000298e+00
9.717999999999999972e+00
1.128400000000000070e+01
1.284299999999999997e+01
1.506400000000000006e+01
1.702799999999999869e+01
1.960200000000000031e+01
2.273000000000000043e+01
2.634700000000000131e+01
2.971399999999999864e+01
3.491299999999999670e+01
4.094200000000000017e+01
4.691799999999999926e+01
5.683200000000000074e+01
6.705400000000000205e+01
8.212399999999999523e+01
9.552899999999999636e+01
1.150619999999999976e+02
1.398199999999999932e+02
1.727659999999999911e+02
2.070279999999999916e+02
2.545099999999999909e+02
3.155210000000000150e+02
3.979420000000000073e+02
4.958000000000000114e+02
5.814919999999999618e+02
7.220860000000000127e+02
8.999940000000000282e+02
1.110816000000000031e+03
1.403539999999999964e+03
1.775079999999999927e+03
2.224099999999999909e+03
2.801563999999999851e+03
3.556193999999999960e+03
4.385061999999999898e+03
5.226243999999999687e+03
6.388591999999999643e+03
7.846414999999999964e+03
9.556199000000000524e+03
