1.000000000000000000e+00
1.951999999999999957e+00
3.000000000000000000e+00
4.091999999999999638e+00
5.064000000000000057e+00
7.088000000000000078e+00
7.831999999999999851e+00
9.775999999999999801e+00
1.219599999999999973e+01
1.437599999999999945e+01
1.777599999999999980e+01
2.071999999999999886e+01
2.427199999999999847e+01
2.930399999999999849e+01
3.764399999999999835e+01
4.492000000000000171e+01
5.130799999999999983e+01
6.107999999999999829e+01
7.154399999999999693e+01
8.868800000000000239e+01
1.089080000000000013e+02
1.316560000000000059e+02
1.648240000000000123e+02
2.027359999999999900e+02
2.409519999999999982e+02
2.860319999999999823e+02
3.494719999999999800e+02
4.292959999999999923e+02
5.044479999999999791e+02
5.836879999999999882e+02
7.251079999999999472e+02
8.931680000000000064e+02
1.059880000000000109e+03
1.280008000000000038e+03
1.535759999999999991e+03
1.891288000000000011e+03
2.315648000000000138e+03
2.746527999999999793e+03
3.293976000000000113e+03
4.005255999999999858e+03
4.813847999999999956e+03
5.690492000000000189e+03
6.747011999999999716e+03
8.253131999999999607e+03
9.797664000000000669e+03
