1.000000000000000000e+00
1.953000000000000069e+00
3.072000000000000064e+00
4.141000000000000014e+00
5.193999999999999950e+00
7.317999999999999616e+00
8.313000000000000611e+00
1.039000000000000057e+01
1.231400000000000006e+01
1.424300000000000033e+01
1.687399999999999878e+01
1.939999999999999858e+01
2.296600000000000108e+01
2.739999999999999858e+01
3.398599999999999710e+01
3.954599999999999937e+01
4.729200000000000159e+01
5.701800000000000068e+01
6.920399999999999352e+01
8.440800000000000125e+01
1.040289999999999964e+02
1.245060000000000002e+02
1.521779999999999973e+02
1.841320000000000050e+02
2.283019999999999925e+02
2.748960000000000150e+02
3.258299999999999841e+02
3.922300000000000182e+02
4.844320000000000164e+02
5.862659999999999627e+02
7.122440000000000282e+02
8.551259999999999764e+02
1.038955999999999904e+03
1.259054000000000087e+03
1.513674999999999955e+03
1.829167999999999893e+03
2.230710000000000036e+03
2.707780000000000200e+03
3.338309999999999945e+03
3.991119999999999891e+03
4.793412000000000262e+03
5.704965000000000146e+03
6.829110999999999876e+03
8.239082000000000335e+03
1.009128399999999965e+04
