1.000000000000000000e+00
1.987000000000000099e+00
3.112000000000000099e+00
4.096000000000000085e+00
5.145999999999999908e+00
7.152000000000000135e+00
7.924999999999999822e+00
9.382999999999999119e+00
1.106600000000000072e+01
1.253100000000000058e+01
1.452399999999999913e+01
1.630099999999999838e+01
1.841900000000000048e+01
2.117599999999999838e+01
2.506599999999999895e+01
2.848999999999999844e+01
3.190899999999999892e+01
3.692000000000000171e+01
4.370799999999999841e+01
5.057600000000000051e+01
5.873400000000000176e+01
6.904999999999999716e+01
8.488100000000000023e+01
1.033900000000000006e+02
1.273900000000000006e+02
1.584459999999999980e+02
1.964699999999999989e+02
2.415620000000000118e+02
2.981419999999999959e+02
3.598120000000000118e+02
4.536840000000000259e+02
5.612160000000000082e+02
7.086119999999999663e+02
9.106779999999999973e+02
1.169097999999999956e+03
1.443601000000000113e+03
1.811930000000000064e+03
2.263838000000000193e+03
2.825197999999999865e+03
3.470715999999999894e+03
4.298899999999999636e+03
5.318875000000000000e+03
6.466518000000000029e+03
7.981551000000000386e+03
9.924846999999999753e+03
