1.000000000000000000e+00
1.931000000000000050e+00
2.930000000000000160e+00
3.871999999999999886e+00
4.961999999999999744e+00
7.131999999999999673e+00
8.284000000000000696e+00
1.043900000000000006e+01
1.247600000000000087e+01
1.430599999999999916e+01
1.726200000000000045e+01
2.037999999999999901e+01
2.439900000000000091e+01
2.965399999999999991e+01
3.645199999999999818e+01
4.341400000000000148e+01
5.209700000000000131e+01
6.325399999999999778e+01
7.284000000000000341e+01
8.884399999999999409e+01
1.093070000000000022e+02
1.315420000000000016e+02
1.598360000000000127e+02
1.920740000000000123e+02
2.336819999999999879e+02
2.801120000000000232e+02
3.324599999999999795e+02
3.999279999999999973e+02
4.892099999999999795e+02
5.902720000000000482e+02
7.150140000000000100e+02
8.733659999999999854e+02
1.029665999999999940e+03
1.265241999999999962e+03
1.544981999999999971e+03
1.828424999999999955e+03
2.161865999999999985e+03
2.638096000000000004e+03
3.185291999999999916e+03
3.890215999999999894e+03
4.771944000000000415e+03
5.781618000000000393e+03
6.727284999999999854e+03
8.173895999999999731e+03
9.804971999999999753e+03
