1.000000000000000000e+00
2.007000000000000117e+00
3.120000000000000107e+00
4.177999999999999936e+00
5.275999999999999801e+00
7.354000000000000092e+00
8.220000000000000639e+00
1.025699999999999967e+01
1.229199999999999982e+01
1.408600000000000030e+01
1.651999999999999957e+01
1.967899999999999849e+01
2.316000000000000014e+01
2.773000000000000043e+01
3.432500000000000284e+01
4.103399999999999892e+01
4.956400000000000006e+01
5.898599999999999710e+01
7.039400000000000546e+01
8.526399999999999579e+01
1.041080000000000041e+02
1.295080000000000098e+02
1.557930000000000064e+02
1.856059999999999945e+02
2.223259999999999934e+02
2.702280000000000086e+02
3.235799999999999841e+02
3.979359999999999786e+02
4.914739999999999895e+02
6.043469999999999800e+02
7.318229999999999791e+02
8.617939999999999827e+02
1.053593000000000075e+03
1.290175999999999931e+03
1.539278999999999996e+03
1.877490999999999985e+03
2.264960000000000036e+03
2.730039999999999964e+03
3.277083999999999833e+03
3.929672000000000025e+03
4.759010000000000218e+03
5.726935000000000400e+03
6.876145000000000437e+03
8.262858000000000175e+03
9.894002000000000407e+03
