1.000000000000000000e+00
1.927999999999999936e+00
3.000000000000000000e+00
4.067999999999999616e+00
5.344000000000000306e+00
7.368000000000000327e+00
8.416000000000000369e+00
1.083600000000000030e+01
1.287599999999999945e+01
1.556000000000000050e+01
1.883200000000000074e+01
2.182000000000000028e+01
2.579599999999999937e+01
3.148799999999999955e+01
3.924000000000000199e+01
4.544800000000000040e+01
5.810799999999999699e+01
7.015200000000000102e+01
8.205599999999999739e+01
1.000559999999999974e+02
1.109399999999999977e+02
1.350399999999999920e+02
1.637160000000000082e+02
1.898559999999999945e+02
2.222880000000000109e+02
2.698079999999999927e+02
3.219440000000000168e+02
3.791519999999999868e+02
4.776440000000000055e+02
5.767759999999999536e+02
6.990919999999999845e+02
8.513600000000000136e+02
1.087759999999999991e+03
1.309415999999999940e+03
1.538528000000000020e+03
1.829652000000000044e+03
2.172983999999999924e+03
2.589224000000000160e+03
3.292856000000000222e+03
4.061288000000000011e+03
5.046591999999999643e+03
6.065908000000000357e+03
7.242188000000000102e+03
9.020012000000000626e+03
1.098201200000000063e+04
