1.000000000000000000e+00
1.991999999999999993e+00
3.021999999999999797e+00
3.975000000000000089e+00
5.065999999999999837e+00
7.155999999999999694e+00
8.265000000000000568e+00
1.028299999999999947e+01
1.206799999999999962e+01
1.401800000000000068e+01
1.715800000000000125e+01
1.990599999999999881e+01
2.383299999999999841e+01
2.892399999999999949e+01
3.625000000000000000e+01
4.251800000000000068e+01
5.043200000000000216e+01
6.286999999999999744e+01
7.712000000000000455e+01
9.215999999999999659e+01
1.126809999999999974e+02
1.315699999999999932e+02
1.567129999999999939e+02
1.854759999999999991e+02
2.230159999999999911e+02
2.606920000000000073e+02
3.189119999999999777e+02
3.874180000000000064e+02
4.781299999999999955e+02
5.730380000000000109e+02
6.939740000000000464e+02
8.569859999999999900e+02
1.018674999999999955e+03
1.272577999999999975e+03
1.526798000000000002e+03
1.839574000000000069e+03
2.245115999999999985e+03
2.713815999999999804e+03
3.266907999999999902e+03
3.985478000000000065e+03
4.739904000000000451e+03
5.667341000000000349e+03
6.948817000000000007e+03
8.255442999999999302e+03
1.019854800000000068e+04
