1.00000000000000
1.95699000000000
3.15844000000000
4.19096000000000
5.31518000000000
7.27560000000000
8.13986000000000
9.82683000000000
11.36728000000000
12.80680000000001
14.89814000000000
16.78238000000000
19.15282000000001
21.95738000000000
25.59160000000000
29.10954000000001
33.60414000000000
39.04073999999999
45.10174000000000
53.54982000000000
63.84777999999999
76.92522000000001
93.00899000000001
113.45489999999998
139.05159999999995
171.00653999999994
209.62809999999999
257.26622000000009
315.92103000000009
386.47265000000004
475.43770000000018
585.94150000000036
727.30719999999997
909.36205999999959
1142.25149000000010
1434.61134000000038
1803.38868000000025
2257.36741999999958
2811.28833999999915
3476.05475999999953
4282.72347999999874
5261.99771000000055
6442.48545999999897
7867.18170000000009
9582.75740000000042
