1.000000000000000000e+00
2.016000000000000014e+00
2.951999999999999957e+00
4.131999999999999673e+00
5.192000000000000171e+00
7.024000000000000021e+00
7.956000000000000405e+00
1.001999999999999957e+01
1.225600000000000023e+01
1.408399999999999963e+01
1.719200000000000017e+01
2.101200000000000045e+01
2.503600000000000136e+01
3.108800000000000097e+01
3.705199999999999960e+01
4.352000000000000313e+01
5.470400000000000063e+01
6.512000000000000455e+01
7.424800000000000466e+01
9.215200000000000102e+01
1.105639999999999930e+02
1.344960000000000093e+02
1.618319999999999936e+02
1.864079999999999870e+02
2.242880000000000109e+02
2.678319999999999936e+02
3.223360000000000127e+02
3.940000000000000000e+02
4.853199999999999932e+02
5.795359999999999445e+02
6.987920000000000300e+02
8.662480000000000473e+02
1.024355999999999995e+03
1.248471999999999980e+03
1.485160000000000082e+03
1.735748000000000047e+03
2.131416000000000167e+03
2.580304000000000087e+03
3.192552000000000135e+03
3.776711999999999989e+03
4.539311999999999898e+03
5.403083999999999833e+03
6.604551999999999680e+03
8.154104000000000269e+03
9.619608000000000175e+03
