1.000000000000000000e+00
1.969000000000000083e+00
2.990000000000000213e+00
3.915999999999999925e+00
5.014000000000000234e+00
6.905999999999999694e+00
7.947000000000000064e+00
1.001699999999999946e+01
1.187800000000000011e+01
1.361299999999999955e+01
1.678000000000000114e+01
1.986400000000000077e+01
2.395200000000000173e+01
2.936799999999999855e+01
3.608100000000000307e+01
4.403600000000000136e+01
5.396200000000000330e+01
6.535800000000000409e+01
7.885800000000000409e+01
9.616400000000000148e+01
1.127720000000000056e+02
1.320360000000000014e+02
1.602700000000000102e+02
1.950140000000000100e+02
2.331980000000000075e+02
2.876259999999999764e+02
3.450020000000000095e+02
4.143899999999999864e+02
4.921890000000000214e+02
5.982169999999999845e+02
7.267549999999999955e+02
8.781000000000000227e+02
1.069471000000000004e+03
1.278140000000000100e+03
1.529205999999999904e+03
1.826971000000000004e+03
2.158702000000000226e+03
2.653804000000000087e+03
3.164438000000000102e+03
3.782454000000000178e+03
4.664329999999999927e+03
5.615599000000000160e+03
6.670628999999999905e+03
7.970823000000000320e+03
9.650560999999999694e+03
