1.000000000000000000e+00
1.856000000000000094e+00
2.855999999999999872e+00
3.672000000000000153e+00
4.775999999999999801e+00
6.687999999999999723e+00
7.695999999999999730e+00
9.275999999999999801e+00
1.112800000000000011e+01
1.316799999999999926e+01
1.631200000000000117e+01
1.853200000000000003e+01
2.223199999999999932e+01
2.695200000000000173e+01
3.372800000000000153e+01
3.967999999999999972e+01
4.913199999999999790e+01
6.156799999999999784e+01
7.436799999999999500e+01
8.807999999999999829e+01
1.093479999999999990e+02
1.256239999999999952e+02
1.496680000000000064e+02
1.784319999999999879e+02
2.186320000000000050e+02
2.603999999999999773e+02
3.176240000000000236e+02
3.961200000000000045e+02
4.917880000000000109e+02
5.909239999999999782e+02
7.395320000000000391e+02
8.850800000000000409e+02
1.067223999999999933e+03
1.258031999999999925e+03
1.514471999999999980e+03
1.824076000000000022e+03
2.184847999999999956e+03
2.759559999999999945e+03
3.391480000000000018e+03
4.015896000000000186e+03
4.741024000000000342e+03
6.008307999999999993e+03
7.197456000000000131e+03
8.754703999999999724e+03
1.065639600000000064e+04
