1.000000000000000000e+00
2.060000000000000053e+00
3.148000000000000131e+00
4.134999999999999787e+00
5.177999999999999936e+00
7.299999999999999822e+00
8.301000000000000156e+00
1.028500000000000014e+01
1.224399999999999977e+01
1.403800000000000026e+01
1.675799999999999912e+01
1.917999999999999972e+01
2.298900000000000077e+01
2.805600000000000094e+01
3.385600000000000165e+01
4.065999999999999659e+01
4.883200000000000074e+01
5.946399999999999864e+01
7.100000000000000000e+01
8.442400000000000659e+01
1.053340000000000032e+02
1.282959999999999923e+02
1.583329999999999984e+02
1.906140000000000043e+02
2.312779999999999916e+02
2.782640000000000100e+02
3.330339999999999918e+02
3.957420000000000186e+02
4.797610000000000241e+02
5.798859999999999673e+02
7.027930000000000064e+02
8.619779999999999518e+02
1.066575000000000045e+03
1.273809999999999945e+03
1.557853000000000065e+03
1.870740000000000009e+03
2.243320000000000164e+03
2.686045999999999822e+03
3.262577999999999975e+03
3.932775999999999840e+03
4.798550000000000182e+03
5.710802999999999884e+03
6.843770000000000437e+03
8.210000000000000000e+03
9.852360000000000582e+03
