1.000000000000000000e+00
2.040000000000000036e+00
3.327999999999999847e+00
4.516000000000000014e+00
5.591999999999999638e+00
7.607999999999999652e+00
8.912000000000000810e+00
1.145599999999999952e+01
1.382799999999999940e+01
1.593599999999999994e+01
1.940800000000000125e+01
2.247200000000000131e+01
2.629599999999999937e+01
3.161599999999999966e+01
3.862400000000000233e+01
4.545600000000000307e+01
5.727199999999999847e+01
7.192000000000000171e+01
8.202400000000000091e+01
1.002399999999999949e+02
1.154080000000000013e+02
1.360399999999999920e+02
1.657359999999999900e+02
2.024319999999999879e+02
2.364799999999999898e+02
2.901999999999999886e+02
3.571519999999999868e+02
4.320559999999999832e+02
5.103199999999999932e+02
6.276399999999999864e+02
7.784479999999999791e+02
9.557440000000000282e+02
1.120968000000000075e+03
1.353791999999999916e+03
1.563731999999999971e+03
1.867471999999999980e+03
2.307903999999999996e+03
2.912983999999999924e+03
3.537615999999999985e+03
4.443992000000000189e+03
5.167880000000000109e+03
5.978551999999999680e+03
7.338979999999999563e+03
8.866891999999999825e+03
1.019695199999999932e+04
