1.000000000000000000e+00
1.949000000000000066e+00
3.060000000000000053e+00
4.110000000000000320e+00
5.307999999999999829e+00
7.698000000000000398e+00
8.782999999999999474e+00
1.084800000000000075e+01
1.278200000000000003e+01
1.473399999999999999e+01
1.729599999999999937e+01
2.031099999999999994e+01
2.387699999999999889e+01
2.832199999999999918e+01
3.422299999999999898e+01
4.015999999999999659e+01
4.736299999999999955e+01
5.750800000000000267e+01
6.923000000000000398e+01
8.548199999999999932e+01
1.051380000000000052e+02
1.265540000000000020e+02
1.538019999999999925e+02
1.859499999999999886e+02
2.253120000000000118e+02
2.760040000000000191e+02
3.351139999999999759e+02
4.006940000000000168e+02
4.838000000000000114e+02
5.987930000000000064e+02
7.270839999999999463e+02
8.679260000000000446e+02
1.034938000000000102e+03
1.251740000000000009e+03
1.522645999999999958e+03
1.852406999999999925e+03
2.214402000000000044e+03
2.682891999999999825e+03
3.227389999999999873e+03
3.897748000000000047e+03
4.665641999999999825e+03
5.753426000000000386e+03
6.838944999999999709e+03
8.182421000000000276e+03
1.000166400000000067e+04
