1.000000000000000000e+00
1.868000000000000105e+00
3.056000000000000050e+00
4.072000000000000064e+00
5.160000000000000142e+00
7.456000000000000405e+00
8.832000000000000739e+00
1.093999999999999950e+01
1.291600000000000037e+01
1.506799999999999962e+01
1.857600000000000051e+01
2.195200000000000173e+01
2.640800000000000125e+01
3.323199999999999932e+01
4.125999999999999801e+01
4.739200000000000301e+01
5.760000000000000142e+01
6.717600000000000193e+01
7.751999999999999602e+01
9.428000000000000114e+01
1.087319999999999993e+02
1.304960000000000093e+02
1.526599999999999966e+02
1.825039999999999907e+02
2.277760000000000105e+02
2.605840000000000032e+02
3.172080000000000268e+02
3.811680000000000064e+02
4.648879999999999768e+02
5.531639999999999873e+02
6.780280000000000200e+02
8.507759999999999536e+02
1.055236000000000104e+03
1.227175999999999931e+03
1.558471999999999980e+03
1.924003999999999905e+03
2.355407999999999902e+03
2.763927999999999884e+03
3.187248000000000047e+03
3.924672000000000025e+03
4.602104000000000269e+03
5.591372000000000298e+03
7.003996000000000095e+03
8.346051999999999680e+03
9.919059999999999491e+03
