1.000000000000000000e+00
2.012000000000000011e+00
3.144000000000000128e+00
4.024000000000000021e+00
5.376000000000000334e+00
8.112000000000000099e+00
9.080000000000000071e+00
1.110399999999999920e+01
1.306799999999999962e+01
1.580000000000000071e+01
1.916000000000000014e+01
2.260000000000000142e+01
2.713599999999999923e+01
3.112000000000000099e+01
3.755199999999999960e+01
4.442399999999999949e+01
5.134000000000000341e+01
5.923199999999999932e+01
6.768800000000000239e+01
7.804800000000000182e+01
8.962800000000000011e+01
1.025600000000000023e+02
1.156719999999999970e+02
1.288959999999999866e+02
1.518480000000000132e+02
1.758079999999999927e+02
2.084159999999999968e+02
2.570640000000000214e+02
3.096039999999999850e+02
3.622559999999999718e+02
4.369959999999999809e+02
5.187680000000000291e+02
6.397440000000000282e+02
7.913279999999999745e+02
9.409840000000000373e+02
1.215064000000000078e+03
1.444720000000000027e+03
1.753711999999999989e+03
1.916855999999999995e+03
2.419735999999999876e+03
2.886887999999999920e+03
3.474291999999999916e+03
4.507083999999999833e+03
5.961359999999999673e+03
7.686307999999999993e+03
