1.000000000000000000e+00
2.092000000000000082e+00
3.375999999999999890e+00
4.392000000000000348e+00
5.711999999999999744e+00
8.055999999999999162e+00
9.195999999999999730e+00
1.145199999999999996e+01
1.377200000000000024e+01
1.589600000000000080e+01
1.975199999999999889e+01
2.202799999999999869e+01
2.604400000000000048e+01
3.141600000000000037e+01
3.971600000000000108e+01
4.505599999999999739e+01
5.350399999999999778e+01
6.307999999999999829e+01
7.464000000000000057e+01
8.551999999999999602e+01
1.064200000000000017e+02
1.279279999999999973e+02
1.441639999999999873e+02
1.663120000000000118e+02
2.078240000000000123e+02
2.599759999999999991e+02
3.052880000000000109e+02
3.801759999999999877e+02
4.626120000000000232e+02
5.393039999999999736e+02
6.718039999999999736e+02
8.273519999999999754e+02
1.051627999999999929e+03
1.279039999999999964e+03
1.567892000000000053e+03
1.930152000000000044e+03
2.357552000000000135e+03
2.821407999999999902e+03
3.359215999999999894e+03
4.082824000000000069e+03
4.827663999999999760e+03
5.645051999999999680e+03
6.857887999999999920e+03
7.785583999999999833e+03
9.163448000000000320e+03
