1.000000000000000000e+00
2.080000000000000071e+00
3.096000000000000085e+00
4.184000000000000163e+00
5.663999999999999702e+00
7.911999999999999922e+00
8.875999999999999446e+00
1.093200000000000038e+01
1.316000000000000014e+01
1.508799999999999919e+01
1.916799999999999926e+01
2.229200000000000159e+01
2.747200000000000131e+01
3.175199999999999889e+01
3.980400000000000205e+01
4.699199999999999733e+01
5.879599999999999937e+01
6.870399999999999352e+01
7.725600000000000023e+01
9.580800000000000693e+01
1.146680000000000064e+02
1.358480000000000132e+02
1.668679999999999950e+02
1.991759999999999877e+02
2.382959999999999923e+02
2.791920000000000073e+02
3.407839999999999918e+02
3.827679999999999723e+02
4.584359999999999786e+02
5.583519999999999754e+02
6.729640000000000555e+02
8.451839999999999691e+02
9.977640000000000100e+02
1.249736000000000104e+03
1.503551999999999907e+03
1.856355999999999995e+03
2.222416000000000167e+03
2.626119999999999891e+03
3.059632000000000062e+03
3.833000000000000000e+03
4.605136000000000422e+03
5.442724000000000160e+03
6.254292000000000371e+03
7.748707999999999629e+03
9.355976000000000568e+03
