1.000000000000000000e+00
1.919000000000000039e+00
3.057999999999999829e+00
4.094999999999999751e+00
5.086000000000000298e+00
7.091999999999999638e+00
7.886999999999999567e+00
9.785999999999999588e+00
1.188599999999999923e+01
1.400500000000000078e+01
1.639799999999999969e+01
1.919699999999999918e+01
2.340099999999999980e+01
2.858599999999999852e+01
3.538499999999999801e+01
4.217000000000000171e+01
5.117799999999999727e+01
6.167000000000000171e+01
7.332800000000000296e+01
8.672799999999999443e+01
1.042240000000000038e+02
1.282760000000000105e+02
1.535610000000000070e+02
1.870399999999999920e+02
2.315740000000000123e+02
2.837620000000000005e+02
3.372839999999999918e+02
4.063820000000000050e+02
4.962470000000000141e+02
6.025670000000000073e+02
7.145059999999999718e+02
8.595220000000000482e+02
1.036510999999999967e+03
1.237902000000000044e+03
1.526519000000000005e+03
1.853172000000000025e+03
2.211346000000000004e+03
2.652425999999999931e+03
3.255773999999999887e+03
3.975974000000000160e+03
4.792420000000000073e+03
5.708041000000000167e+03
6.846274999999999636e+03
8.246325000000000728e+03
1.005981500000000051e+04
