1.000000000000000000e+00
2.000999999999999890e+00
2.971999999999999975e+00
3.918000000000000149e+00
4.870000000000000107e+00
6.637999999999999901e+00
7.671999999999999709e+00
9.663999999999999702e+00
1.161200000000000010e+01
1.377399999999999913e+01
1.672599999999999909e+01
1.999899999999999878e+01
2.389300000000000068e+01
2.910999999999999943e+01
3.677300000000000324e+01
4.334799999999999898e+01
5.179699999999999704e+01
6.123400000000000176e+01
7.434600000000000364e+01
9.202400000000000091e+01
1.086520000000000010e+02
1.311519999999999868e+02
1.562429999999999950e+02
1.888160000000000025e+02
2.267239999999999895e+02
2.717900000000000205e+02
3.256700000000000159e+02
3.971399999999999864e+02
4.923360000000000127e+02
5.904759999999999991e+02
7.252229999999999563e+02
8.824220000000000255e+02
1.058644999999999982e+03
1.287132000000000062e+03
1.517146999999999935e+03
1.792173999999999978e+03
2.184032000000000153e+03
2.638251999999999953e+03
3.243666000000000167e+03
3.857077999999999975e+03
4.689783999999999651e+03
5.713760000000000218e+03
6.884010000000000218e+03
8.421875000000000000e+03
9.990069999999999709e+03
