1.000000000000000000e+00
2.012000000000000011e+00
3.029999999999999805e+00
3.974000000000000199e+00
4.958000000000000185e+00
6.964000000000000412e+00
7.841000000000000192e+00
1.007000000000000028e+01
1.207099999999999973e+01
1.421400000000000041e+01
1.708999999999999986e+01
1.999699999999999989e+01
2.410099999999999909e+01
2.881800000000000139e+01
3.602100000000000080e+01
4.334599999999999653e+01
5.236599999999999966e+01
6.338400000000000034e+01
7.484000000000000341e+01
9.150199999999999534e+01
1.086400000000000006e+02
1.287479999999999905e+02
1.540629999999999882e+02
1.859099999999999966e+02
2.240600000000000023e+02
2.734300000000000068e+02
3.255919999999999845e+02
3.916059999999999945e+02
4.828969999999999914e+02
5.872720000000000482e+02
7.065879999999999654e+02
8.366580000000000155e+02
1.021836000000000013e+03
1.225236000000000104e+03
1.467525000000000091e+03
1.776064000000000078e+03
2.184005999999999858e+03
2.664918000000000120e+03
3.195327999999999975e+03
3.822346000000000004e+03
4.693837999999999738e+03
5.669601999999999862e+03
6.883900999999999840e+03
8.202108000000000175e+03
1.000467400000000089e+04
