1.000000000000000000e+00
2.016000000000000014e+00
3.053999999999999826e+00
4.035999999999999588e+00
5.121999999999999886e+00
7.096000000000000085e+00
8.071999999999999176e+00
1.013700000000000045e+01
1.204800000000000004e+01
1.396000000000000085e+01
1.707400000000000162e+01
2.013500000000000156e+01
2.401800000000000068e+01
2.878999999999999915e+01
3.614999999999999858e+01
4.365200000000000102e+01
5.248799999999999955e+01
6.329999999999999716e+01
7.573399999999999466e+01
9.247799999999999443e+01
1.125490000000000066e+02
1.351500000000000057e+02
1.636889999999999930e+02
2.008379999999999939e+02
2.391399999999999864e+02
2.878519999999999754e+02
3.506340000000000146e+02
4.195199999999999818e+02
5.090179999999999723e+02
6.014629999999999654e+02
7.273809999999999718e+02
8.707480000000000473e+02
1.032637999999999920e+03
1.242013999999999896e+03
1.488529999999999973e+03
1.766942000000000007e+03
2.175038000000000011e+03
2.624907999999999902e+03
3.276775999999999840e+03
3.928081999999999880e+03
4.746028000000000247e+03
5.657265000000000327e+03
6.806756000000000313e+03
8.238254000000000815e+03
9.869592000000000553e+03
