1.000000000000000000e+00
1.995999999999999996e+00
3.004000000000000004e+00
4.035000000000000142e+00
5.057999999999999829e+00
6.929999999999999716e+00
7.839000000000000412e+00
9.782999999999999474e+00
1.170700000000000074e+01
1.353200000000000003e+01
1.636400000000000077e+01
1.961899999999999977e+01
2.329400000000000048e+01
2.833800000000000097e+01
3.561200000000000188e+01
4.268599999999999994e+01
5.182300000000000040e+01
6.217799999999999727e+01
7.357599999999999341e+01
8.907200000000000273e+01
1.078529999999999944e+02
1.347820000000000107e+02
1.612489999999999952e+02
1.976040000000000134e+02
2.424919999999999902e+02
2.923740000000000236e+02
3.496440000000000055e+02
4.150400000000000205e+02
5.005960000000000036e+02
5.910879999999999654e+02
7.232789999999999964e+02
8.745599999999999454e+02
1.053695999999999913e+03
1.280327999999999975e+03
1.507541999999999916e+03
1.827827999999999975e+03
2.157023999999999887e+03
2.557155999999999949e+03
3.162297999999999774e+03
3.789673999999999978e+03
4.678372000000000298e+03
5.763332999999999629e+03
6.873997000000000298e+03
8.253130999999999403e+03
9.857918999999999869e+03
