1.000000000000000000e+00
1.969000000000000083e+00
3.088000000000000078e+00
4.141000000000000014e+00
5.158000000000000362e+00
6.950000000000000178e+00
7.990000000000000213e+00
1.000399999999999956e+01
1.206000000000000050e+01
1.369899999999999984e+01
1.649599999999999866e+01
1.877299999999999969e+01
2.250900000000000034e+01
2.671399999999999864e+01
3.236399999999999721e+01
3.837400000000000233e+01
4.564800000000000324e+01
5.546000000000000085e+01
6.790600000000000591e+01
8.362999999999999545e+01
1.032169999999999987e+02
1.250060000000000002e+02
1.535900000000000034e+02
1.873220000000000027e+02
2.317680000000000007e+02
2.873659999999999854e+02
3.482660000000000196e+02
4.124599999999999795e+02
4.950590000000000259e+02
6.032930000000000064e+02
7.317309999999999945e+02
8.814740000000000464e+02
1.054153999999999996e+03
1.257362000000000080e+03
1.491630000000000109e+03
1.823913999999999987e+03
2.154882000000000062e+03
2.614949999999999818e+03
3.155452000000000226e+03
3.797414000000000215e+03
4.536568000000000211e+03
5.402390000000000327e+03
6.602836000000000240e+03
8.043092999999999847e+03
9.832620000000000800e+03
