1.000000000000000000e+00
1.887999999999999901e+00
3.032000000000000028e+00
4.219999999999999751e+00
6.008000000000000007e+00
8.960000000000000853e+00
1.039600000000000080e+01
1.312800000000000011e+01
1.566399999999999970e+01
1.780799999999999983e+01
2.150400000000000134e+01
2.530000000000000071e+01
2.955600000000000094e+01
3.524000000000000199e+01
4.122399999999999665e+01
4.735999999999999943e+01
5.302400000000000091e+01
6.032000000000000028e+01
7.148799999999999955e+01
8.131999999999999318e+01
9.104399999999999693e+01
1.049920000000000044e+02
1.167319999999999993e+02
1.362880000000000109e+02
1.526160000000000139e+02
1.682719999999999914e+02
2.027760000000000105e+02
2.392479999999999905e+02
2.836159999999999854e+02
3.374039999999999964e+02
4.001720000000000255e+02
4.814399999999999977e+02
5.489160000000000537e+02
6.669519999999999982e+02
8.198479999999999563e+02
1.016775999999999954e+03
1.215903999999999996e+03
1.445352000000000089e+03
1.952736000000000104e+03
2.262815999999999804e+03
2.805936000000000149e+03
3.569780000000000200e+03
4.522228000000000065e+03
5.804079999999999927e+03
7.129884000000000015e+03
