1.000000000000000000e+00
2.000000000000000000e+00
3.128000000000000114e+00
4.139999999999999680e+00
5.352000000000000313e+00
7.440000000000000391e+00
8.651999999999999247e+00
1.082399999999999984e+01
1.324799999999999933e+01
1.514799999999999969e+01
1.872800000000000153e+01
2.318799999999999883e+01
2.745599999999999952e+01
3.255199999999999960e+01
4.087199999999999989e+01
4.832000000000000028e+01
5.652400000000000091e+01
6.487999999999999545e+01
7.556000000000000227e+01
8.733599999999999852e+01
1.013960000000000008e+02
1.237999999999999972e+02
1.515960000000000036e+02
1.837599999999999909e+02
2.155120000000000005e+02
2.633199999999999932e+02
3.054959999999999809e+02
3.784719999999999800e+02
4.738120000000000118e+02
5.917640000000000100e+02
7.345199999999999818e+02
8.758079999999999927e+02
1.066455999999999904e+03
1.343511999999999944e+03
1.599403999999999996e+03
1.917948000000000093e+03
2.368903999999999996e+03
2.875976000000000113e+03
3.377119999999999891e+03
4.219792000000000371e+03
5.034399999999999636e+03
6.042000000000000000e+03
7.222923999999999978e+03
8.582448000000000320e+03
1.050160399999999936e+04
