1.000000000000000000e+00
1.887999999999999901e+00
3.092000000000000082e+00
4.134999999999999787e+00
5.307999999999999829e+00
7.346000000000000085e+00
8.103999999999999204e+00
9.954000000000000625e+00
1.139100000000000001e+01
1.267999999999999972e+01
1.496199999999999974e+01
1.704899999999999949e+01
1.967299999999999827e+01
2.272800000000000153e+01
2.660300000000000153e+01
3.036199999999999832e+01
3.381600000000000250e+01
3.879800000000000182e+01
4.599000000000000199e+01
5.517799999999999727e+01
6.708700000000000330e+01
8.104600000000000648e+01
9.796500000000000341e+01
1.163719999999999999e+02
1.397479999999999905e+02
1.729559999999999889e+02
2.081419999999999959e+02
2.583580000000000041e+02
3.199660000000000082e+02
3.866070000000000277e+02
4.798559999999999945e+02
5.937200000000000273e+02
7.253129999999999882e+02
9.161939999999999600e+02
1.139356999999999971e+03
1.413566000000000031e+03
1.726238000000000056e+03
2.202534000000000106e+03
2.799652000000000044e+03
3.489141999999999825e+03
4.287953999999999724e+03
5.236980999999999767e+03
6.475172999999999774e+03
7.924426000000000386e+03
9.508522999999999229e+03
