1.000000000000000000e+00
1.893999999999999906e+00
3.061999999999999833e+00
4.118999999999999773e+00
5.169999999999999929e+00
7.011999999999999567e+00
7.884000000000000341e+00
9.529999999999999361e+00
1.095100000000000051e+01
1.228100000000000058e+01
1.434800000000000075e+01
1.608500000000000085e+01
1.798199999999999932e+01
2.034400000000000119e+01
2.406299999999999883e+01
2.701000000000000156e+01
3.126899999999999835e+01
3.570400000000000063e+01
3.998199999999999932e+01
4.652600000000000335e+01
5.511800000000000210e+01
6.708400000000000318e+01
7.911299999999999955e+01
9.489799999999999613e+01
1.178659999999999997e+02
1.482779999999999916e+02
1.898760000000000048e+02
2.415840000000000032e+02
3.096859999999999786e+02
3.782799999999999727e+02
4.591179999999999950e+02
5.728959999999999582e+02
7.100270000000000437e+02
9.114460000000000264e+02
1.154173000000000002e+03
1.457856999999999971e+03
1.819751999999999953e+03
2.256844000000000051e+03
2.701335999999999785e+03
3.398114000000000033e+03
4.293073999999999614e+03
5.182979999999999563e+03
6.390432999999999993e+03
7.687972999999999956e+03
9.259521000000000640e+03
