1.000000000000000000e+00
1.991000000000000103e+00
2.979999999999999982e+00
3.943999999999999950e+00
4.895999999999999908e+00
6.908000000000000362e+00
7.817999999999999616e+00
9.641000000000000014e+00
1.168800000000000061e+01
1.370500000000000007e+01
1.650000000000000000e+01
1.968199999999999861e+01
2.356599999999999895e+01
2.839600000000000080e+01
3.496699999999999875e+01
4.143599999999999994e+01
5.083599999999999852e+01
6.226800000000000068e+01
7.368200000000000216e+01
8.949200000000000443e+01
1.087840000000000060e+02
1.304079999999999870e+02
1.579149999999999920e+02
1.848619999999999948e+02
2.276560000000000059e+02
2.694959999999999809e+02
3.367479999999999905e+02
4.117520000000000095e+02
4.974409999999999741e+02
6.057980000000000018e+02
7.232699999999999818e+02
8.733060000000000400e+02
1.059700000000000045e+03
1.257963999999999942e+03
1.527537000000000035e+03
1.827784000000000106e+03
2.204393999999999778e+03
2.691706000000000131e+03
3.222349999999999909e+03
3.881000000000000000e+03
4.802202000000000226e+03
5.823545000000000073e+03
6.992667999999999665e+03
8.283700000000000728e+03
1.001272799999999916e+04
