1.000000000000000000e+00
2.124000000000000110e+00
3.391999999999999904e+00
4.283999999999999808e+00
5.687999999999999723e+00
8.631999999999999673e+00
9.960000000000000853e+00
1.226800000000000068e+01
1.492399999999999949e+01
1.681200000000000117e+01
1.996799999999999997e+01
2.336799999999999855e+01
2.797599999999999909e+01
3.324799999999999756e+01
4.009599999999999653e+01
4.692000000000000171e+01
5.556400000000000006e+01
6.239999999999999858e+01
7.301600000000000534e+01
8.350400000000000489e+01
9.480800000000000693e+01
1.049519999999999982e+02
1.142480000000000047e+02
1.265199999999999960e+02
1.445440000000000111e+02
1.670879999999999939e+02
2.027599999999999909e+02
2.510240000000000009e+02
2.932799999999999727e+02
3.573240000000000123e+02
4.394800000000000182e+02
5.269199999999999591e+02
6.431359999999999673e+02
7.495119999999999436e+02
8.925520000000000209e+02
1.063048000000000002e+03
1.315167999999999893e+03
1.557680000000000064e+03
1.898751999999999953e+03
2.270288000000000011e+03
2.826023999999999887e+03
3.487199999999999818e+03
4.655807999999999993e+03
5.901015999999999622e+03
7.369496000000000095e+03
