1.000000000000000000e+00
1.983999999999999986e+00
3.129999999999999893e+00
4.128999999999999559e+00
5.243999999999999773e+00
7.193999999999999950e+00
8.000999999999999446e+00
9.396000000000000796e+00
1.079199999999999982e+01
1.196000000000000085e+01
1.395800000000000018e+01
1.585299999999999976e+01
1.828699999999999903e+01
2.105000000000000071e+01
2.492000000000000171e+01
2.866199999999999903e+01
3.315400000000000347e+01
3.801599999999999824e+01
4.488799999999999812e+01
5.268599999999999994e+01
6.320600000000000307e+01
7.523600000000000421e+01
9.008299999999999841e+01
1.125540000000000020e+02
1.397959999999999923e+02
1.720920000000000130e+02
2.041560000000000059e+02
2.529720000000000084e+02
3.119019999999999868e+02
3.881859999999999786e+02
4.644440000000000168e+02
5.647640000000000100e+02
7.195629999999999882e+02
8.915900000000000318e+02
1.122193999999999960e+03
1.418019000000000005e+03
1.775339999999999918e+03
2.192628000000000156e+03
2.771159999999999854e+03
3.497907999999999902e+03
4.246667999999999665e+03
5.191171999999999571e+03
6.444858000000000175e+03
7.694796000000000276e+03
9.609155000000000655e+03
