1.000000000000000000e+00
2.023000000000000131e+00
3.052000000000000046e+00
4.070000000000000284e+00
5.059999999999999609e+00
7.080000000000000071e+00
8.138999999999999346e+00
1.015199999999999925e+01
1.232399999999999984e+01
1.405799999999999983e+01
1.728600000000000136e+01
2.036599999999999966e+01
2.448300000000000054e+01
2.991199999999999903e+01
3.689600000000000080e+01
4.302799999999999869e+01
5.221500000000000341e+01
6.392399999999999949e+01
7.508599999999999852e+01
9.013599999999999568e+01
1.095900000000000034e+02
1.311459999999999866e+02
1.593679999999999950e+02
1.932160000000000082e+02
2.340080000000000098e+02
2.751779999999999973e+02
3.398299999999999841e+02
4.062679999999999723e+02
4.869169999999999732e+02
5.977870000000000346e+02
7.223890000000000100e+02
8.789500000000000455e+02
1.062375999999999976e+03
1.275218000000000075e+03
1.553590999999999894e+03
1.876855000000000018e+03
2.264277999999999793e+03
2.719260000000000218e+03
3.335786000000000058e+03
3.990398000000000138e+03
4.733435999999999694e+03
5.679479999999999563e+03
6.849748999999999796e+03
8.284896000000000640e+03
1.006271199999999953e+04
