1.000000000000000000e+00
1.983999999999999986e+00
3.144000000000000128e+00
4.120000000000000107e+00
5.104000000000000092e+00
7.080000000000000071e+00
8.192000000000000171e+00
1.037199999999999989e+01
1.239600000000000080e+01
1.490799999999999947e+01
1.824800000000000111e+01
2.089199999999999946e+01
2.500000000000000000e+01
3.128800000000000026e+01
4.023599999999999710e+01
4.770400000000000063e+01
5.519200000000000017e+01
6.768000000000000682e+01
8.031999999999999318e+01
9.059199999999999875e+01
1.077600000000000051e+02
1.325200000000000102e+02
1.573000000000000114e+02
1.858000000000000114e+02
2.139439999999999884e+02
2.525120000000000005e+02
3.094320000000000164e+02
3.664080000000000155e+02
4.389680000000000177e+02
5.231520000000000437e+02
6.203360000000000127e+02
7.556079999999999472e+02
9.481200000000000045e+02
1.165912000000000035e+03
1.403092000000000098e+03
1.724076000000000022e+03
2.085128000000000156e+03
2.549887999999999920e+03
3.048704000000000178e+03
3.975199999999999818e+03
4.637551999999999680e+03
5.815051999999999680e+03
6.921384000000000015e+03
8.930175999999999476e+03
1.054183599999999933e+04
