1.000000000000000000e+00
2.036000000000000032e+00
3.016000000000000014e+00
3.987999999999999989e+00
4.711999999999999744e+00
6.663999999999999702e+00
7.464000000000000412e+00
9.204000000000000625e+00
1.125200000000000067e+01
1.363599999999999923e+01
1.707199999999999918e+01
2.014000000000000057e+01
2.499200000000000088e+01
2.881599999999999895e+01
3.687199999999999989e+01
4.607200000000000273e+01
5.700399999999999778e+01
6.654399999999999693e+01
8.312000000000000455e+01
9.484799999999999898e+01
1.115480000000000018e+02
1.337199999999999989e+02
1.597520000000000095e+02
1.885200000000000102e+02
2.317280000000000086e+02
2.819200000000000159e+02
3.393600000000000136e+02
4.033919999999999959e+02
4.764320000000000164e+02
6.036000000000000227e+02
7.368559999999999945e+02
8.911359999999999673e+02
1.095412000000000035e+03
1.269311999999999898e+03
1.454107999999999947e+03
1.761251999999999953e+03
2.034743999999999915e+03
2.521967999999999847e+03
3.188608000000000175e+03
3.899304000000000087e+03
4.620640000000000327e+03
5.810927999999999884e+03
7.230112000000000080e+03
8.866788000000000466e+03
1.109636399999999958e+04
