1.000000000000000000e+00
1.993000000000000105e+00
2.931999999999999940e+00
3.990000000000000213e+00
5.048000000000000043e+00
7.048000000000000043e+00
8.115999999999999659e+00
1.016999999999999993e+01
1.231000000000000050e+01
1.449399999999999977e+01
1.736599999999999966e+01
2.002899999999999991e+01
2.432199999999999918e+01
2.912000000000000099e+01
3.628900000000000148e+01
4.373599999999999710e+01
5.363900000000000290e+01
6.451999999999999602e+01
7.639799999999999613e+01
9.227599999999999625e+01
1.132210000000000036e+02
1.338439999999999941e+02
1.635709999999999980e+02
1.943979999999999961e+02
2.279499999999999886e+02
2.742119999999999891e+02
3.303999999999999773e+02
3.937520000000000095e+02
4.847459999999999809e+02
5.970019999999999527e+02
6.958490000000000464e+02
8.624320000000000164e+02
1.044560999999999922e+03
1.260493999999999915e+03
1.532184999999999945e+03
1.850815000000000055e+03
2.263918000000000120e+03
2.792523999999999887e+03
3.379327999999999975e+03
4.020849999999999909e+03
4.826460000000000036e+03
5.874863999999999578e+03
7.091479000000000269e+03
8.593636000000000422e+03
1.023732899999999972e+04
