1.000000000000000000e+00
1.971000000000000085e+00
2.982000000000000206e+00
3.934000000000000163e+00
4.793999999999999595e+00
6.807999999999999829e+00
7.823000000000000398e+00
9.768000000000000682e+00
1.177599999999999980e+01
1.390399999999999991e+01
1.705199999999999960e+01
2.001500000000000057e+01
2.401399999999999935e+01
2.916000000000000014e+01
3.532999999999999829e+01
4.225600000000000023e+01
5.094100000000000250e+01
6.055400000000000205e+01
7.349399999999999977e+01
9.064799999999999613e+01
1.120540000000000020e+02
1.372580000000000098e+02
1.665029999999999859e+02
2.020440000000000111e+02
2.388520000000000039e+02
2.839200000000000159e+02
3.440760000000000218e+02
4.182880000000000109e+02
5.025969999999999800e+02
6.028070000000000164e+02
7.168529999999999518e+02
8.714980000000000473e+02
1.049480000000000018e+03
1.262546000000000049e+03
1.538954999999999927e+03
1.842776000000000067e+03
2.242873999999999796e+03
2.695606000000000222e+03
3.300695999999999913e+03
4.003431999999999789e+03
4.707710000000000036e+03
5.523668999999999869e+03
6.577320999999999913e+03
8.014382999999999811e+03
9.679315000000000509e+03
