1.000000000000000000e+00
1.947000000000000064e+00
2.998000000000000220e+00
3.963000000000000078e+00
5.040000000000000036e+00
7.054000000000000270e+00
8.250000000000000000e+00
1.036100000000000065e+01
1.205599999999999916e+01
1.403299999999999947e+01
1.666199999999999903e+01
1.953900000000000148e+01
2.300900000000000034e+01
2.756800000000000139e+01
3.501700000000000301e+01
4.182000000000000028e+01
5.074499999999999744e+01
6.078999999999999915e+01
7.500199999999999534e+01
9.145199999999999818e+01
1.123889999999999958e+02
1.383139999999999930e+02
1.649840000000000089e+02
1.980240000000000009e+02
2.331719999999999970e+02
2.804060000000000059e+02
3.381639999999999873e+02
4.087959999999999923e+02
4.861979999999999791e+02
5.838350000000000364e+02
6.963819999999999482e+02
8.470320000000000391e+02
1.035542999999999893e+03
1.242087999999999965e+03
1.488788999999999987e+03
1.800800999999999931e+03
2.167568000000000211e+03
2.637463999999999942e+03
3.174632000000000062e+03
3.798166000000000167e+03
4.551176000000000386e+03
5.650131999999999607e+03
6.959063000000000102e+03
8.326415999999999258e+03
9.986693999999999505e+03
