1.000000000000000000e+00
1.995999999999999996e+00
3.024000000000000021e+00
3.939999999999999947e+00
4.927999999999999936e+00
7.216000000000000192e+00
8.496000000000000441e+00
1.059200000000000053e+01
1.252399999999999913e+01
1.498000000000000043e+01
1.754400000000000048e+01
2.094399999999999906e+01
2.495599999999999952e+01
3.030399999999999849e+01
3.679200000000000159e+01
4.417600000000000193e+01
5.178799999999999670e+01
6.331199999999999761e+01
7.521599999999999397e+01
8.694400000000000261e+01
1.056640000000000015e+02
1.246400000000000006e+02
1.537040000000000077e+02
1.836320000000000050e+02
2.181200000000000045e+02
2.588960000000000150e+02
3.267839999999999918e+02
4.053759999999999764e+02
5.003480000000000132e+02
6.010520000000000209e+02
7.179199999999999591e+02
8.739120000000000346e+02
1.024632000000000062e+03
1.256008000000000038e+03
1.547332000000000107e+03
1.878476000000000113e+03
2.222559999999999945e+03
2.605112000000000080e+03
3.063391999999999825e+03
3.596320000000000164e+03
4.453775999999999840e+03
5.284771999999999935e+03
6.644076000000000022e+03
8.142091999999999643e+03
9.740683999999999287e+03
