1.000000000000000000e+00
1.959999999999999964e+00
3.168000000000000149e+00
4.248000000000000220e+00
5.200000000000000178e+00
7.472000000000000419e+00
8.896000000000000796e+00
1.132799999999999940e+01
1.335599999999999987e+01
1.585599999999999987e+01
1.963200000000000145e+01
2.353600000000000136e+01
2.820799999999999841e+01
3.367199999999999704e+01
4.030799999999999983e+01
4.732000000000000028e+01
5.672800000000000153e+01
6.611199999999999477e+01
8.047199999999999420e+01
9.282399999999999807e+01
1.108840000000000003e+02
1.317839999999999918e+02
1.586680000000000064e+02
1.828799999999999955e+02
2.120399999999999920e+02
2.476399999999999864e+02
2.942320000000000277e+02
3.487839999999999918e+02
4.414279999999999973e+02
5.286280000000000427e+02
6.613759999999999764e+02
8.024800000000000182e+02
9.668799999999999955e+02
1.203640000000000100e+03
1.490124000000000024e+03
1.845720000000000027e+03
2.131440000000000055e+03
2.604344000000000051e+03
3.131264000000000124e+03
3.689159999999999854e+03
4.367239999999999782e+03
5.339484000000000378e+03
6.479760000000000218e+03
7.675699999999999818e+03
9.577120000000000800e+03
