1.000000000000000000e+00
2.023000000000000131e+00
3.132000000000000117e+00
4.189000000000000057e+00
5.296000000000000263e+00
7.419999999999999929e+00
8.596999999999999531e+00
1.024200000000000088e+01
1.220599999999999952e+01
1.384200000000000053e+01
1.644399999999999906e+01
1.930199999999999960e+01
2.335600000000000165e+01
2.828399999999999892e+01
3.405100000000000193e+01
4.021999999999999886e+01
4.945600000000000307e+01
5.978000000000000114e+01
7.267799999999999727e+01
8.893600000000000705e+01
1.052420000000000044e+02
1.280180000000000007e+02
1.545380000000000109e+02
1.910380000000000109e+02
2.277199999999999989e+02
2.799300000000000068e+02
3.319580000000000268e+02
4.058740000000000236e+02
4.869630000000000223e+02
5.715270000000000437e+02
6.927690000000000055e+02
8.566499999999999773e+02
1.016360000000000014e+03
1.288337999999999965e+03
1.544650000000000091e+03
1.853813000000000102e+03
2.222909999999999854e+03
2.752739999999999782e+03
3.304588000000000193e+03
4.009994000000000142e+03
4.843311999999999898e+03
5.771326000000000022e+03
7.056436999999999898e+03
8.545218999999999141e+03
1.035787900000000081e+04
