1.000000000000000000e+00
1.875999999999999890e+00
2.871999999999999886e+00
3.823999999999999844e+00
4.959999999999999964e+00
6.983999999999999986e+00
7.724000000000000199e+00
1.045199999999999996e+01
1.286400000000000077e+01
1.457600000000000051e+01
1.734400000000000119e+01
1.969600000000000151e+01
2.426800000000000068e+01
2.873600000000000065e+01
3.614399999999999835e+01
4.155199999999999960e+01
5.132800000000000296e+01
6.275200000000000244e+01
7.445600000000000307e+01
8.874399999999999977e+01
1.068520000000000039e+02
1.284799999999999898e+02
1.641639999999999873e+02
1.938959999999999866e+02
2.394159999999999968e+02
2.808639999999999759e+02
3.362239999999999895e+02
4.023600000000000136e+02
4.973600000000000136e+02
6.140679999999999836e+02
7.481559999999999491e+02
8.923759999999999764e+02
1.123476000000000113e+03
1.396855999999999995e+03
1.629167999999999893e+03
2.029632000000000062e+03
2.475119999999999891e+03
2.899768000000000029e+03
3.368039999999999964e+03
4.002000000000000000e+03
4.820384000000000015e+03
5.813532000000000153e+03
7.059792000000000371e+03
8.651631999999999607e+03
1.034202399999999943e+04
