1.000000000000000000e+00
2.028000000000000025e+00
3.048000000000000043e+00
4.032000000000000028e+00
5.296000000000000263e+00
7.919999999999999929e+00
9.016000000000000014e+00
1.189199999999999946e+01
1.411599999999999966e+01
1.637600000000000122e+01
2.039999999999999858e+01
2.392000000000000171e+01
2.922800000000000153e+01
3.504800000000000182e+01
4.408800000000000097e+01
5.328000000000000114e+01
6.028799999999999670e+01
7.039199999999999591e+01
7.940000000000000568e+01
9.655200000000000671e+01
1.180480000000000018e+02
1.424879999999999995e+02
1.705080000000000098e+02
2.098640000000000043e+02
2.479919999999999902e+02
2.982799999999999727e+02
3.518399999999999750e+02
4.035040000000000191e+02
4.887080000000000268e+02
6.090159999999999627e+02
7.450599999999999454e+02
8.679600000000000364e+02
1.085392000000000053e+03
1.306448000000000093e+03
1.538119999999999891e+03
1.838468000000000075e+03
2.267519999999999982e+03
2.723039999999999964e+03
3.184664000000000215e+03
3.857367999999999938e+03
4.653351999999999862e+03
5.541152000000000044e+03
6.711207999999999629e+03
7.973444000000000415e+03
9.962927999999999884e+03
