1.000000000000000000e+00
1.935999999999999943e+00
2.951999999999999957e+00
4.014000000000000234e+00
5.054000000000000270e+00
7.094000000000000306e+00
8.057000000000000384e+00
1.015399999999999991e+01
1.233000000000000007e+01
1.451800000000000068e+01
1.716799999999999926e+01
1.968400000000000105e+01
2.310200000000000031e+01
2.748799999999999955e+01
3.392999999999999972e+01
4.100000000000000000e+01
4.954699999999999704e+01
6.001599999999999824e+01
7.181399999999999295e+01
8.815000000000000568e+01
1.068919999999999959e+02
1.295240000000000009e+02
1.570440000000000111e+02
1.904979999999999905e+02
2.352940000000000111e+02
2.839920000000000186e+02
3.517479999999999905e+02
4.191039999999999850e+02
5.085310000000000059e+02
6.114479999999999791e+02
7.389869999999999663e+02
8.823980000000000246e+02
1.074230000000000018e+03
1.304392000000000053e+03
1.579490999999999985e+03
1.907984999999999900e+03
2.290916000000000167e+03
2.756454000000000178e+03
3.317373999999999796e+03
3.944550000000000182e+03
4.620115999999999985e+03
5.499489999999999782e+03
6.654523000000000138e+03
8.178605999999999767e+03
1.005726200000000063e+04
