1.000000000000000000e+00
1.975999999999999979e+00
3.104000000000000092e+00
4.312000000000000277e+00
5.200000000000000178e+00
7.975999999999999979e+00
9.183999999999999275e+00
1.179599999999999937e+01
1.373199999999999932e+01
1.658800000000000097e+01
1.985600000000000165e+01
2.371600000000000108e+01
2.983599999999999852e+01
3.684000000000000341e+01
4.447599999999999909e+01
4.923199999999999932e+01
5.819599999999999795e+01
6.822400000000000375e+01
7.939199999999999591e+01
9.468800000000000239e+01
1.082560000000000002e+02
1.283839999999999861e+02
1.458360000000000127e+02
1.748240000000000123e+02
2.122160000000000082e+02
2.529439999999999884e+02
2.926399999999999864e+02
3.523519999999999754e+02
4.493319999999999936e+02
5.547759999999999536e+02
7.027480000000000473e+02
8.528479999999999563e+02
1.048539999999999964e+03
1.250728000000000065e+03
1.514327999999999975e+03
1.798627999999999929e+03
2.276079999999999927e+03
2.808088000000000193e+03
3.430208000000000084e+03
3.977552000000000135e+03
4.970688000000000102e+03
5.805663999999999760e+03
6.835695999999999913e+03
7.829167999999999665e+03
9.927051999999999680e+03
