1.000000000000000000e+00
2.084000000000000075e+00
3.088000000000000078e+00
4.115999999999999659e+00
5.272000000000000242e+00
7.376000000000000334e+00
8.451999999999999957e+00
1.057600000000000051e+01
1.289600000000000080e+01
1.547199999999999953e+01
1.991199999999999903e+01
2.276800000000000068e+01
2.670400000000000063e+01
3.252799999999999869e+01
3.938000000000000256e+01
4.655199999999999960e+01
5.392799999999999727e+01
6.392000000000000171e+01
7.392000000000000171e+01
8.783199999999999363e+01
1.079240000000000066e+02
1.308319999999999936e+02
1.575960000000000036e+02
1.958319999999999936e+02
2.289039999999999964e+02
2.709680000000000177e+02
3.246960000000000264e+02
4.042559999999999718e+02
4.777880000000000109e+02
5.899840000000000373e+02
6.905080000000000382e+02
8.337839999999999918e+02
1.007892000000000053e+03
1.202776000000000067e+03
1.492619999999999891e+03
1.805612000000000080e+03
2.107744000000000142e+03
2.522224000000000160e+03
3.072871999999999844e+03
3.626887999999999920e+03
4.436015999999999622e+03
5.552539999999999964e+03
6.795279999999999745e+03
8.302584000000000742e+03
1.000712800000000061e+04
