1.000000000000000000e+00
1.979999999999999982e+00
2.903999999999999915e+00
3.827999999999999847e+00
4.959999999999999964e+00
6.823999999999999844e+00
7.724000000000000199e+00
9.679999999999999716e+00
1.211200000000000010e+01
1.466399999999999970e+01
1.813599999999999923e+01
2.090800000000000125e+01
2.522400000000000020e+01
2.896000000000000085e+01
3.574799999999999756e+01
4.384799999999999898e+01
5.439200000000000301e+01
6.737600000000000477e+01
7.818399999999999750e+01
9.762399999999999523e+01
1.149800000000000040e+02
1.346959999999999980e+02
1.640399999999999920e+02
1.847520000000000095e+02
2.216160000000000139e+02
2.763120000000000118e+02
3.392479999999999905e+02
4.120079999999999814e+02
5.090319999999999823e+02
6.034239999999999782e+02
7.074160000000000537e+02
8.720639999999999645e+02
1.010364000000000033e+03
1.254632000000000062e+03
1.486836000000000013e+03
1.806644000000000005e+03
2.150599999999999909e+03
2.530719999999999800e+03
3.161983999999999924e+03
3.864447999999999865e+03
4.606351999999999862e+03
5.535216000000000349e+03
6.713328000000000429e+03
8.206512000000000626e+03
1.015982799999999952e+04
