1.000000000000000000e+00
1.979999999999999982e+00
3.254000000000000004e+00
4.291000000000000369e+00
5.384000000000000341e+00
7.424000000000000377e+00
8.243000000000000327e+00
1.006600000000000072e+01
1.175300000000000011e+01
1.333600000000000030e+01
1.524399999999999977e+01
1.691499999999999915e+01
1.883500000000000085e+01
2.149399999999999977e+01
2.493599999999999994e+01
2.831800000000000139e+01
3.345700000000000074e+01
3.804599999999999937e+01
4.342999999999999972e+01
5.310399999999999920e+01
6.313900000000000290e+01
7.499599999999999511e+01
9.046299999999999386e+01
1.088700000000000045e+02
1.370819999999999936e+02
1.695380000000000109e+02
2.063899999999999864e+02
2.521599999999999966e+02
3.099970000000000141e+02
3.784399999999999977e+02
4.588170000000000073e+02
5.744220000000000255e+02
7.204220000000000255e+02
8.969579999999999700e+02
1.160964999999999918e+03
1.439992999999999938e+03
1.778266000000000076e+03
2.244242000000000189e+03
2.888255999999999858e+03
3.572228000000000065e+03
4.302485999999999876e+03
5.180961000000000240e+03
6.362596999999999753e+03
7.775743999999999687e+03
9.358197000000000116e+03
