1.000000000000000000e+00
1.955999999999999961e+00
3.088000000000000078e+00
4.216000000000000192e+00
5.607999999999999652e+00
8.295999999999999375e+00
9.460000000000000853e+00
1.182000000000000028e+01
1.389199999999999946e+01
1.551200000000000045e+01
1.876800000000000068e+01
2.241600000000000037e+01
2.637199999999999989e+01
3.269599999999999795e+01
3.878000000000000114e+01
4.646399999999999864e+01
5.525200000000000244e+01
6.489600000000000080e+01
7.655200000000000671e+01
9.157599999999999341e+01
1.098679999999999950e+02
1.291759999999999877e+02
1.560999999999999943e+02
1.861200000000000045e+02
2.277040000000000077e+02
2.720000000000000000e+02
3.291200000000000045e+02
3.809200000000000159e+02
4.392359999999999900e+02
5.328840000000000146e+02
6.494800000000000182e+02
8.148479999999999563e+02
1.031500000000000000e+03
1.254112000000000080e+03
1.556943999999999960e+03
1.944211999999999989e+03
2.312007999999999811e+03
2.788463999999999942e+03
3.253472000000000207e+03
3.948119999999999891e+03
4.664792000000000371e+03
5.801492000000000189e+03
6.925836000000000240e+03
8.288888000000000829e+03
1.046859599999999955e+04
