1.000000000000000000e+00
1.951999999999999957e+00
3.144000000000000128e+00
4.307999999999999829e+00
5.368000000000000327e+00
7.400000000000000355e+00
8.535999999999999588e+00
1.018800000000000061e+01
1.237199999999999989e+01
1.440399999999999991e+01
1.655199999999999960e+01
2.077599999999999980e+01
2.550000000000000000e+01
3.016799999999999926e+01
3.774000000000000199e+01
4.495199999999999818e+01
5.303999999999999915e+01
6.576800000000000068e+01
7.938400000000000034e+01
9.743200000000000216e+01
1.125439999999999969e+02
1.411999999999999886e+02
1.655320000000000107e+02
2.013280000000000030e+02
2.391200000000000045e+02
2.910880000000000223e+02
3.540079999999999814e+02
4.254479999999999791e+02
5.076639999999999873e+02
6.075599999999999454e+02
7.354519999999999982e+02
8.619279999999999973e+02
1.075367999999999938e+03
1.274983999999999924e+03
1.558672000000000025e+03
1.818160000000000082e+03
2.146311999999999898e+03
2.649335999999999785e+03
3.306824000000000069e+03
3.949431999999999789e+03
4.690176000000000386e+03
5.484271999999999935e+03
6.661239999999999782e+03
8.420203999999999724e+03
9.957620000000000800e+03
