1.000000000000000000e+00
1.947999999999999954e+00
3.176000000000000156e+00
4.059999999999999609e+00
5.120000000000000107e+00
7.376000000000000334e+00
8.756000000000000227e+00
1.150799999999999912e+01
1.441600000000000037e+01
1.692800000000000082e+01
1.986400000000000077e+01
2.249599999999999866e+01
2.723999999999999844e+01
3.301599999999999824e+01
3.905599999999999739e+01
4.760799999999999699e+01
5.815999999999999659e+01
6.952800000000000580e+01
7.937600000000000477e+01
9.431199999999999761e+01
1.105319999999999965e+02
1.267279999999999944e+02
1.507880000000000109e+02
1.774399999999999977e+02
2.108000000000000114e+02
2.553360000000000127e+02
3.158879999999999768e+02
3.932880000000000109e+02
4.705520000000000209e+02
5.580919999999999845e+02
6.782079999999999700e+02
8.431359999999999673e+02
1.065788000000000011e+03
1.288480000000000018e+03
1.543307999999999993e+03
1.880700000000000045e+03
2.282112000000000080e+03
2.693423999999999978e+03
3.230007999999999811e+03
3.824327999999999975e+03
4.872608000000000175e+03
5.966823999999999614e+03
7.053387999999999920e+03
8.536031999999999243e+03
1.014128399999999965e+04
