1.000000000000000000e+00
2.020000000000000018e+00
2.991999999999999993e+00
4.019999999999999574e+00
5.224000000000000199e+00
7.488000000000000433e+00
8.795999999999999375e+00
1.128400000000000070e+01
1.362800000000000011e+01
1.571599999999999930e+01
2.003200000000000003e+01
2.395200000000000173e+01
2.840399999999999991e+01
3.510399999999999920e+01
4.274399999999999977e+01
5.204800000000000182e+01
6.291599999999999682e+01
7.181600000000000250e+01
8.447199999999999420e+01
9.696800000000000352e+01
1.123640000000000043e+02
1.288160000000000025e+02
1.515519999999999925e+02
1.776959999999999980e+02
2.158559999999999945e+02
2.644639999999999986e+02
3.263999999999999773e+02
3.880240000000000009e+02
4.839200000000000159e+02
5.762720000000000482e+02
7.074800000000000182e+02
8.375439999999999827e+02
1.020919999999999959e+03
1.228319999999999936e+03
1.485223999999999933e+03
1.786640000000000100e+03
2.201168000000000120e+03
2.642255999999999858e+03
3.178760000000000218e+03
3.780623999999999796e+03
4.241439999999999600e+03
5.414404000000000451e+03
6.480463999999999942e+03
7.892507999999999811e+03
9.612236000000000786e+03
