1.000000000000000000e+00
1.907999999999999918e+00
2.847999999999999865e+00
3.700000000000000178e+00
4.655999999999999694e+00
6.687999999999999723e+00
7.660000000000000142e+00
9.551999999999999602e+00
1.109999999999999964e+01
1.284399999999999942e+01
1.632000000000000028e+01
1.909600000000000009e+01
2.339999999999999858e+01
2.997599999999999909e+01
3.647200000000000131e+01
4.293599999999999994e+01
5.079599999999999937e+01
6.350399999999999778e+01
7.224800000000000466e+01
8.446399999999999864e+01
9.723999999999999488e+01
1.172480000000000047e+02
1.492439999999999998e+02
1.831359999999999957e+02
2.278640000000000043e+02
2.654560000000000173e+02
3.171120000000000232e+02
3.876560000000000059e+02
4.681600000000000250e+02
5.631920000000000073e+02
6.934600000000000364e+02
8.397359999999999900e+02
1.026940000000000055e+03
1.258223999999999933e+03
1.499928000000000111e+03
1.772880000000000109e+03
2.202255999999999858e+03
2.639063999999999851e+03
3.130280000000000200e+03
3.864119999999999891e+03
4.714095999999999549e+03
5.840015999999999622e+03
6.662707999999999629e+03
7.886604000000000269e+03
9.891891999999999825e+03
