1.000000000000000000e+00
1.959999999999999964e+00
3.216000000000000192e+00
4.173000000000000043e+00
5.171999999999999709e+00
7.137999999999999901e+00
8.016999999999999460e+00
1.002299999999999969e+01
1.147799999999999976e+01
1.303200000000000003e+01
1.494599999999999973e+01
1.676200000000000045e+01
1.924599999999999866e+01
2.202199999999999847e+01
2.531500000000000128e+01
2.885600000000000165e+01
3.374799999999999756e+01
3.886599999999999966e+01
4.420199999999999818e+01
5.272599999999999909e+01
6.149000000000000199e+01
7.533599999999999852e+01
8.941899999999999693e+01
1.117900000000000063e+02
1.403400000000000034e+02
1.736020000000000039e+02
2.195120000000000005e+02
2.653919999999999959e+02
3.274320000000000164e+02
3.955620000000000118e+02
4.767259999999999991e+02
5.917380000000000564e+02
7.416490000000000009e+02
9.053419999999999845e+02
1.102711000000000013e+03
1.419896999999999935e+03
1.833607999999999947e+03
2.343885999999999967e+03
2.814235999999999876e+03
3.546882000000000062e+03
4.343341999999999643e+03
5.323207000000000335e+03
6.442730999999999767e+03
7.737877000000000407e+03
9.433415999999999258e+03
