1.000000000000000000e+00
1.975999999999999979e+00
3.088000000000000078e+00
3.931999999999999940e+00
4.967999999999999972e+00
6.919999999999999929e+00
7.916000000000000369e+00
9.800000000000000711e+00
1.195199999999999996e+01
1.422400000000000020e+01
1.755199999999999960e+01
2.103600000000000136e+01
2.480000000000000071e+01
2.934400000000000119e+01
3.804800000000000182e+01
4.485600000000000165e+01
5.656000000000000227e+01
6.603199999999999648e+01
7.436799999999999500e+01
8.825600000000000023e+01
1.064039999999999964e+02
1.326639999999999873e+02
1.571800000000000068e+02
1.990480000000000018e+02
2.423839999999999861e+02
2.790240000000000009e+02
3.207200000000000273e+02
3.887919999999999732e+02
4.590960000000000036e+02
5.564719999999999800e+02
7.008840000000000146e+02
8.736159999999999854e+02
1.043592000000000098e+03
1.260248000000000047e+03
1.527403999999999996e+03
1.847836000000000013e+03
2.240416000000000167e+03
2.550800000000000182e+03
3.153952000000000226e+03
3.852920000000000073e+03
4.736479999999999563e+03
5.595716000000000349e+03
6.858528000000000247e+03
8.338528000000000247e+03
1.028115600000000086e+04
