1.000000000000000000e+00
1.965000000000000080e+00
2.886000000000000121e+00
3.854999999999999982e+00
4.967999999999999972e+00
7.128000000000000114e+00
8.083999999999999631e+00
1.020400000000000063e+01
1.230300000000000082e+01
1.425900000000000034e+01
1.744600000000000151e+01
2.044000000000000128e+01
2.488299999999999912e+01
2.998799999999999955e+01
3.649699999999999989e+01
4.340800000000000125e+01
5.281400000000000006e+01
6.343800000000000239e+01
7.429399999999999693e+01
9.026000000000000512e+01
1.061290000000000049e+02
1.309559999999999889e+02
1.556500000000000057e+02
1.902259999999999991e+02
2.330140000000000100e+02
2.749399999999999977e+02
3.338799999999999955e+02
4.079639999999999986e+02
4.981949999999999932e+02
6.066599999999999682e+02
7.238990000000000009e+02
8.673680000000000518e+02
1.043071999999999889e+03
1.266627999999999929e+03
1.517667999999999893e+03
1.811934999999999945e+03
2.219349999999999909e+03
2.666773999999999887e+03
3.214869999999999891e+03
3.964197999999999865e+03
4.854899999999999636e+03
5.932478000000000065e+03
7.043923999999999978e+03
8.504209000000000742e+03
1.005469399999999951e+04
