1.000000000000000000e+00
1.872000000000000108e+00
2.951999999999999957e+00
4.211999999999999744e+00
5.607999999999999652e+00
8.016000000000000014e+00
9.192000000000000171e+00
1.152800000000000047e+01
1.334800000000000075e+01
1.517600000000000016e+01
1.966400000000000148e+01
2.501599999999999824e+01
2.958800000000000097e+01
3.485600000000000165e+01
4.174000000000000199e+01
4.792000000000000171e+01
5.670400000000000063e+01
6.731999999999999318e+01
7.428000000000000114e+01
9.234399999999999409e+01
1.075759999999999934e+02
1.305519999999999925e+02
1.538640000000000043e+02
1.763760000000000048e+02
2.135200000000000102e+02
2.501680000000000064e+02
2.992400000000000091e+02
3.529200000000000159e+02
4.311999999999999886e+02
5.228200000000000500e+02
6.324120000000000346e+02
7.853039999999999736e+02
9.222519999999999527e+02
1.183071999999999889e+03
1.462236000000000104e+03
1.755392000000000053e+03
2.106128000000000156e+03
2.543768000000000029e+03
3.140159999999999854e+03
3.655552000000000135e+03
4.473680000000000291e+03
5.247091999999999643e+03
6.459952000000000226e+03
8.020155999999999949e+03
9.479579999999999927e+03
