1.000000000000000000e+00
2.020000000000000018e+00
3.085999999999999854e+00
4.067000000000000171e+00
5.182000000000000384e+00
7.214000000000000412e+00
8.141999999999999460e+00
9.891999999999999460e+00
1.189899999999999913e+01
1.377500000000000036e+01
1.698000000000000043e+01
1.989199999999999946e+01
2.308099999999999952e+01
2.743599999999999994e+01
3.415800000000000125e+01
4.079599999999999937e+01
4.782600000000000051e+01
5.827000000000000313e+01
7.164400000000000546e+01
8.696999999999999886e+01
1.037240000000000038e+02
1.250300000000000011e+02
1.550689999999999884e+02
1.875039999999999907e+02
2.281100000000000136e+02
2.740160000000000196e+02
3.360099999999999909e+02
4.023279999999999745e+02
4.874039999999999964e+02
5.848179999999999836e+02
6.966649999999999636e+02
8.378239999999999554e+02
1.007893000000000029e+03
1.222612000000000080e+03
1.473555000000000064e+03
1.753692000000000007e+03
2.166918000000000120e+03
2.650936000000000149e+03
3.160034000000000106e+03
3.801677999999999884e+03
4.657434000000000196e+03
5.767738999999999578e+03
7.050554000000000087e+03
8.392653000000000247e+03
9.910344999999999345e+03
