1.000000000000000000e+00
1.943999999999999950e+00
3.112000000000000099e+00
4.352000000000000313e+00
5.519999999999999574e+00
8.032000000000000028e+00
9.448000000000000398e+00
1.240000000000000036e+01
1.504400000000000048e+01
1.743599999999999994e+01
1.955199999999999960e+01
2.315200000000000102e+01
2.876399999999999935e+01
3.439999999999999858e+01
4.382399999999999807e+01
5.206400000000000006e+01
6.045199999999999818e+01
7.468000000000000682e+01
8.827200000000000557e+01
1.018400000000000034e+02
1.180799999999999983e+02
1.335279999999999916e+02
1.541279999999999859e+02
1.811519999999999868e+02
2.207680000000000007e+02
2.617119999999999891e+02
3.115040000000000191e+02
3.799759999999999991e+02
4.578399999999999750e+02
5.338519999999999754e+02
6.767960000000000491e+02
8.205280000000000200e+02
9.919080000000000155e+02
1.201384000000000015e+03
1.445440000000000055e+03
1.704864000000000033e+03
2.039695999999999913e+03
2.410576000000000022e+03
3.007344000000000051e+03
3.750688000000000102e+03
4.462615999999999985e+03
5.460351999999999862e+03
6.762220000000000255e+03
8.154104000000000269e+03
9.758203999999999724e+03
