1.000000000000000000e+00
1.977000000000000091e+00
3.133999999999999897e+00
4.208999999999999631e+00
5.299999999999999822e+00
7.198000000000000398e+00
8.144999999999999574e+00
9.974000000000000199e+00
1.151999999999999957e+01
1.287299999999999933e+01
1.486999999999999922e+01
1.695100000000000051e+01
1.915099999999999980e+01
2.219800000000000040e+01
2.576899999999999835e+01
2.872400000000000020e+01
3.384700000000000131e+01
4.019599999999999795e+01
4.793599999999999994e+01
5.748400000000000176e+01
6.732200000000000273e+01
7.991599999999999682e+01
9.484699999999999420e+01
1.158239999999999981e+02
1.452680000000000007e+02
1.787620000000000005e+02
2.146680000000000064e+02
2.618960000000000150e+02
3.171379999999999768e+02
3.979259999999999877e+02
4.795299999999999727e+02
5.881459999999999582e+02
7.289039999999999964e+02
9.054260000000000446e+02
1.133009000000000015e+03
1.432147999999999911e+03
1.804748000000000047e+03
2.236690000000000055e+03
2.794865999999999985e+03
3.462675999999999931e+03
4.284198000000000320e+03
5.420457999999999629e+03
6.493988999999999578e+03
7.954689000000000306e+03
9.590802999999999884e+03
