1.000000000000000000e+00
2.108000000000000096e+00
3.112000000000000099e+00
3.963999999999999968e+00
4.983999999999999986e+00
7.256000000000000227e+00
8.512000000000000455e+00
1.067999999999999972e+01
1.288000000000000078e+01
1.469599999999999973e+01
1.787999999999999901e+01
2.164799999999999969e+01
2.507600000000000051e+01
3.089600000000000080e+01
3.840800000000000125e+01
4.671999999999999886e+01
5.596000000000000085e+01
6.939199999999999591e+01
8.235999999999999943e+01
9.898399999999999466e+01
1.165559999999999974e+02
1.358880000000000052e+02
1.590399999999999920e+02
1.936560000000000059e+02
2.364799999999999898e+02
2.863199999999999932e+02
3.489359999999999786e+02
4.235280000000000200e+02
5.038919999999999959e+02
6.150359999999999445e+02
7.493400000000000318e+02
8.865359999999999445e+02
1.058215999999999894e+03
1.281256000000000085e+03
1.531400000000000091e+03
1.818344000000000051e+03
2.138128000000000156e+03
2.610039999999999964e+03
3.208711999999999989e+03
3.937768000000000029e+03
4.660543999999999869e+03
5.691783999999999651e+03
6.880764000000000124e+03
8.358492000000000189e+03
1.004801200000000063e+04
