1.000000000000000000e+00
2.004000000000000004e+00
2.982000000000000206e+00
4.054999999999999716e+00
4.985999999999999766e+00
7.006000000000000227e+00
7.967999999999999972e+00
9.942999999999999616e+00
1.185200000000000031e+01
1.394800000000000040e+01
1.677799999999999869e+01
1.978800000000000026e+01
2.299299999999999855e+01
2.767800000000000082e+01
3.505400000000000205e+01
4.235199999999999676e+01
5.178600000000000136e+01
6.353600000000000136e+01
7.448600000000000421e+01
9.195399999999999352e+01
1.121080000000000041e+02
1.368379999999999939e+02
1.633360000000000127e+02
1.989379999999999882e+02
2.362419999999999902e+02
2.820600000000000023e+02
3.366019999999999754e+02
4.190600000000000023e+02
5.063439999999999941e+02
6.114890000000000327e+02
7.238110000000000355e+02
8.821660000000000537e+02
1.064857999999999947e+03
1.283708000000000084e+03
1.553291999999999916e+03
1.846593000000000075e+03
2.152360000000000127e+03
2.635514000000000124e+03
3.130347999999999956e+03
3.796884000000000015e+03
4.536826000000000022e+03
5.503818000000000211e+03
6.677555999999999585e+03
8.203235000000000582e+03
1.028368900000000031e+04
