1.000000000000000000e+00
1.947999999999999954e+00
2.943999999999999950e+00
3.851999999999999869e+00
4.735999999999999766e+00
6.967999999999999972e+00
7.943999999999999950e+00
1.038400000000000034e+01
1.287199999999999989e+01
1.446799999999999997e+01
1.717599999999999838e+01
2.002799999999999869e+01
2.426800000000000068e+01
2.891199999999999903e+01
3.575999999999999801e+01
4.512800000000000011e+01
5.335999999999999943e+01
6.364000000000000057e+01
7.688800000000000523e+01
9.270399999999999352e+01
1.098599999999999994e+02
1.345600000000000023e+02
1.678480000000000132e+02
1.950320000000000107e+02
2.443120000000000118e+02
2.961039999999999850e+02
3.398879999999999768e+02
4.176560000000000059e+02
4.848639999999999759e+02
5.858600000000000136e+02
7.084600000000000364e+02
9.046960000000000264e+02
1.104336000000000013e+03
1.324375999999999976e+03
1.557471999999999980e+03
1.867359999999999900e+03
2.271864000000000033e+03
2.639976000000000113e+03
3.118519999999999982e+03
3.851112000000000080e+03
4.661648000000000138e+03
5.469000000000000000e+03
6.659355999999999767e+03
8.092743999999999687e+03
1.018573600000000079e+04
