1.000000000000000000e+00
2.028000000000000025e+00
3.176000000000000156e+00
4.251999999999999780e+00
5.176000000000000156e+00
7.320000000000000284e+00
8.380000000000000782e+00
1.107600000000000051e+01
1.386400000000000077e+01
1.628800000000000026e+01
2.013599999999999923e+01
2.362000000000000099e+01
2.763599999999999923e+01
3.353600000000000136e+01
4.039999999999999858e+01
4.505599999999999739e+01
5.542399999999999949e+01
6.651999999999999602e+01
7.759199999999999875e+01
8.915200000000000102e+01
1.076119999999999948e+02
1.255040000000000049e+02
1.438760000000000048e+02
1.642400000000000091e+02
1.928240000000000123e+02
2.249840000000000089e+02
2.690480000000000018e+02
3.298079999999999927e+02
4.010880000000000223e+02
5.009519999999999982e+02
6.304759999999999991e+02
7.878640000000000327e+02
9.538840000000000146e+02
1.133559999999999945e+03
1.349564000000000078e+03
1.698827999999999975e+03
2.027160000000000082e+03
2.453856000000000222e+03
3.088423999999999978e+03
3.733992000000000189e+03
4.726768000000000029e+03
5.665431999999999789e+03
6.952695999999999913e+03
8.217268000000000029e+03
9.904959999999999127e+03
