1.000000000000000000e+00
2.044000000000000039e+00
3.279999999999999805e+00
4.440000000000000391e+00
5.551999999999999602e+00
7.991999999999999993e+00
9.339999999999999858e+00
1.180799999999999983e+01
1.434399999999999942e+01
1.653999999999999915e+01
2.040800000000000125e+01
2.202799999999999869e+01
2.633599999999999852e+01
3.136799999999999855e+01
3.791199999999999903e+01
4.252799999999999869e+01
5.017600000000000193e+01
5.764800000000000324e+01
6.623999999999999488e+01
7.852800000000000580e+01
8.762000000000000455e+01
9.964000000000000057e+01
1.220240000000000009e+02
1.416399999999999864e+02
1.606800000000000068e+02
1.913360000000000127e+02
2.147119999999999891e+02
2.465600000000000023e+02
3.139080000000000155e+02
3.710040000000000191e+02
4.429159999999999968e+02
5.569120000000000346e+02
6.496200000000000045e+02
7.932160000000000082e+02
9.729239999999999782e+02
1.189872000000000071e+03
1.467375999999999976e+03
1.814640000000000100e+03
2.115576000000000022e+03
2.556231999999999971e+03
3.085751999999999953e+03
3.878947999999999865e+03
4.842268000000000029e+03
5.997939999999999600e+03
7.531960000000000036e+03
