1.000000000000000000e+00
1.935999999999999943e+00
3.112000000000000099e+00
4.115999999999999659e+00
5.567999999999999616e+00
7.735999999999999766e+00
8.644000000000000128e+00
1.119999999999999929e+01
1.408399999999999963e+01
1.661199999999999832e+01
2.009600000000000009e+01
2.333599999999999852e+01
2.802400000000000091e+01
3.278399999999999892e+01
4.035199999999999676e+01
4.630400000000000205e+01
5.301599999999999824e+01
6.582399999999999807e+01
7.303199999999999648e+01
8.476000000000000512e+01
9.800000000000000000e+01
1.126479999999999961e+02
1.265559999999999974e+02
1.481200000000000045e+02
1.628319999999999936e+02
1.924879999999999995e+02
2.244720000000000084e+02
2.600720000000000027e+02
3.059359999999999786e+02
3.727320000000000277e+02
4.599320000000000164e+02
5.442559999999999718e+02
6.476639999999999873e+02
7.674800000000000182e+02
9.842279999999999518e+02
1.221627999999999929e+03
1.464231999999999971e+03
1.709079999999999927e+03
2.050639999999999873e+03
2.377623999999999796e+03
2.959903999999999996e+03
3.754927999999999884e+03
4.690612000000000080e+03
6.185728000000000065e+03
7.484868000000000393e+03
