1.000000000000000000e+00
1.977000000000000091e+00
3.100000000000000089e+00
4.083999999999999631e+00
5.208000000000000185e+00
7.158000000000000362e+00
8.066000000000000725e+00
9.871000000000000441e+00
1.164899999999999913e+01
1.301600000000000001e+01
1.547799999999999976e+01
1.760600000000000165e+01
1.990800000000000125e+01
2.178399999999999892e+01
2.516600000000000037e+01
2.941600000000000037e+01
3.447099999999999653e+01
4.048199999999999932e+01
4.767399999999999949e+01
5.585799999999999699e+01
6.575700000000000500e+01
7.660200000000000387e+01
9.140699999999999648e+01
1.129920000000000044e+02
1.398240000000000123e+02
1.732460000000000093e+02
2.164859999999999900e+02
2.595740000000000123e+02
3.176469999999999914e+02
3.940819999999999936e+02
4.843609999999999900e+02
5.971079999999999472e+02
7.564230000000000018e+02
9.426079999999999472e+02
1.170545000000000073e+03
1.451150000000000091e+03
1.856433999999999969e+03
2.357960000000000036e+03
2.930324000000000069e+03
3.525132000000000062e+03
4.262057999999999993e+03
5.386063000000000102e+03
6.617140000000000327e+03
8.087145000000000437e+03
9.664332000000000335e+03
