1.000000000000000000e+00
2.028000000000000025e+00
3.088000000000000078e+00
3.991999999999999993e+00
5.208000000000000185e+00
7.208000000000000185e+00
8.316000000000000725e+00
1.091200000000000081e+01
1.277599999999999980e+01
1.523199999999999932e+01
1.892800000000000082e+01
2.217200000000000060e+01
2.764000000000000057e+01
3.393599999999999994e+01
4.033200000000000074e+01
4.609599999999999653e+01
5.390800000000000125e+01
6.498399999999999466e+01
7.759999999999999432e+01
9.668000000000000682e+01
1.098520000000000039e+02
1.281359999999999957e+02
1.529039999999999964e+02
1.915519999999999925e+02
2.211119999999999948e+02
2.793120000000000118e+02
3.349200000000000159e+02
4.094879999999999995e+02
5.036279999999999859e+02
5.664360000000000355e+02
7.289519999999999982e+02
8.952480000000000473e+02
1.027791999999999916e+03
1.254432000000000016e+03
1.533372000000000071e+03
1.826355999999999995e+03
2.226775999999999840e+03
2.794391999999999825e+03
3.341496000000000095e+03
4.047632000000000062e+03
4.721176000000000386e+03
5.416963999999999942e+03
6.467456000000000131e+03
8.056068000000000211e+03
9.607384000000000015e+03
