1.000000000000000000e+00
1.943000000000000060e+00
3.209999999999999964e+00
4.290000000000000036e+00
5.416000000000000369e+00
7.307999999999999829e+00
8.130000000000000782e+00
9.971000000000000085e+00
1.157900000000000063e+01
1.303100000000000058e+01
1.547600000000000087e+01
1.698999999999999844e+01
1.930300000000000082e+01
2.225199999999999889e+01
2.611400000000000077e+01
3.033399999999999963e+01
3.439500000000000313e+01
3.948199999999999932e+01
4.452600000000000335e+01
5.339600000000000080e+01
6.259599999999999653e+01
7.378799999999999670e+01
8.943399999999999750e+01
1.123100000000000023e+02
1.406939999999999884e+02
1.753919999999999959e+02
2.169799999999999898e+02
2.696279999999999859e+02
3.269499999999999886e+02
4.056890000000000214e+02
4.980009999999999764e+02
6.125000000000000000e+02
7.606549999999999727e+02
9.514239999999999782e+02
1.172376999999999953e+03
1.470483999999999924e+03
1.815998000000000047e+03
2.218936000000000149e+03
2.755905999999999949e+03
3.373112000000000080e+03
4.270068000000000211e+03
5.222659999999999854e+03
6.386136000000000422e+03
7.700027000000000044e+03
9.369715000000000146e+03
