1.000000000000000000e+00
1.957000000000000073e+00
3.080000000000000071e+00
4.105000000000000426e+00
5.155999999999999694e+00
7.301999999999999602e+00
8.380000000000000782e+00
1.062700000000000067e+01
1.264600000000000080e+01
1.478200000000000003e+01
1.762000000000000099e+01
2.057000000000000028e+01
2.415399999999999991e+01
2.900600000000000023e+01
3.529599999999999937e+01
4.133400000000000318e+01
5.045100000000000051e+01
6.079800000000000182e+01
7.218399999999999750e+01
8.757800000000000296e+01
1.078739999999999952e+02
1.301639999999999873e+02
1.551699999999999875e+02
1.883559999999999945e+02
2.281040000000000134e+02
2.758480000000000132e+02
3.429820000000000277e+02
4.122320000000000277e+02
4.926840000000000259e+02
6.026920000000000073e+02
7.445449999999999591e+02
8.952039999999999509e+02
1.081563000000000102e+03
1.315491999999999962e+03
1.586942999999999984e+03
1.921749000000000024e+03
2.327623999999999796e+03
2.792751999999999953e+03
3.250402000000000044e+03
3.926463999999999942e+03
4.692122000000000298e+03
5.658627999999999702e+03
6.802000000000000000e+03
8.081908999999999651e+03
1.002174200000000019e+04
