1.000000000000000000e+00
1.991999999999999993e+00
3.032000000000000028e+00
4.192000000000000171e+00
5.376000000000000334e+00
7.599999999999999645e+00
8.875999999999999446e+00
1.188799999999999990e+01
1.440799999999999947e+01
1.600799999999999912e+01
1.903999999999999915e+01
2.248400000000000176e+01
2.640800000000000125e+01
3.002400000000000091e+01
3.667199999999999704e+01
4.569599999999999795e+01
5.529999999999999716e+01
6.531199999999999761e+01
7.586400000000000432e+01
9.135200000000000387e+01
1.119560000000000031e+02
1.315519999999999925e+02
1.530720000000000027e+02
1.865200000000000102e+02
2.258079999999999927e+02
2.751680000000000064e+02
3.259599999999999795e+02
4.013039999999999736e+02
4.766360000000000241e+02
5.919560000000000173e+02
7.225560000000000400e+02
8.491680000000000064e+02
1.038567999999999984e+03
1.196448000000000093e+03
1.465692000000000007e+03
1.783000000000000000e+03
2.193112000000000080e+03
2.714496000000000095e+03
3.258271999999999935e+03
3.725672000000000025e+03
4.644488000000000284e+03
5.911532000000000153e+03
7.053079999999999927e+03
8.568575999999999112e+03
9.623231999999999971e+03
