1.000000000000000000e+00
1.911999999999999922e+00
2.975999999999999979e+00
3.863999999999999879e+00
4.719999999999999751e+00
6.703999999999999737e+00
7.879999999999999893e+00
1.000399999999999956e+01
1.200399999999999956e+01
1.435599999999999987e+01
1.729599999999999937e+01
2.054799999999999827e+01
2.360800000000000054e+01
2.800799999999999912e+01
3.366799999999999926e+01
4.039200000000000301e+01
5.036399999999999721e+01
5.807200000000000273e+01
7.240800000000000125e+01
8.751999999999999602e+01
1.075840000000000032e+02
1.266239999999999952e+02
1.574519999999999982e+02
1.907680000000000007e+02
2.248240000000000123e+02
2.728399999999999750e+02
3.453199999999999932e+02
3.942160000000000082e+02
4.626600000000000250e+02
5.619400000000000546e+02
6.895760000000000218e+02
8.445520000000000209e+02
1.038695999999999913e+03
1.255847999999999956e+03
1.513519999999999982e+03
1.845559999999999945e+03
2.203096000000000004e+03
2.600559999999999945e+03
3.214744000000000142e+03
3.955112000000000080e+03
4.547855999999999767e+03
5.539488000000000284e+03
6.467887999999999920e+03
7.742028000000000247e+03
9.209536000000000058e+03
