1.000000000000000000e+00
1.983999999999999986e+00
3.080000000000000071e+00
4.296000000000000263e+00
5.488000000000000433e+00
7.983999999999999986e+00
9.263999999999999346e+00
1.132799999999999940e+01
1.322799999999999976e+01
1.550799999999999912e+01
1.896799999999999997e+01
2.162000000000000099e+01
2.745599999999999952e+01
3.226400000000000290e+01
3.975999999999999801e+01
4.528000000000000114e+01
5.239200000000000301e+01
6.392000000000000171e+01
7.304800000000000182e+01
8.670399999999999352e+01
1.028960000000000008e+02
1.218559999999999945e+02
1.450159999999999911e+02
1.869679999999999893e+02
2.244960000000000093e+02
2.678319999999999936e+02
3.259200000000000159e+02
3.737679999999999723e+02
4.554479999999999791e+02
5.878519999999999754e+02
7.120439999999999827e+02
8.692000000000000455e+02
1.031279999999999973e+03
1.273615999999999985e+03
1.525923999999999978e+03
1.885500000000000000e+03
2.250583999999999833e+03
2.640960000000000036e+03
3.002976000000000113e+03
3.685215999999999894e+03
4.345688000000000102e+03
5.137568000000000211e+03
6.045136000000000422e+03
7.666372000000000298e+03
9.405131999999999607e+03
