1.000000000000000000e+00
2.056000000000000050e+00
3.248000000000000220e+00
4.331999999999999851e+00
5.480000000000000426e+00
7.224000000000000199e+00
8.523999999999999133e+00
1.041999999999999993e+01
1.238799999999999990e+01
1.416799999999999926e+01
1.784799999999999898e+01
2.063200000000000145e+01
2.442800000000000082e+01
2.870400000000000063e+01
3.514800000000000324e+01
4.302400000000000091e+01
5.136800000000000210e+01
6.171999999999999886e+01
7.312800000000000011e+01
8.583199999999999363e+01
1.029800000000000040e+02
1.225919999999999987e+02
1.540999999999999943e+02
1.865279999999999916e+02
2.261920000000000073e+02
2.670079999999999814e+02
3.166560000000000059e+02
3.909440000000000168e+02
4.863879999999999768e+02
6.127119999999999891e+02
7.028999999999999773e+02
8.534239999999999782e+02
1.037511999999999944e+03
1.222991999999999962e+03
1.495039999999999964e+03
1.773660000000000082e+03
2.131480000000000018e+03
2.654744000000000142e+03
3.167096000000000004e+03
3.768615999999999985e+03
4.591199999999999818e+03
5.727692000000000007e+03
7.159003999999999905e+03
8.554623999999999796e+03
9.629752000000000407e+03
