1.000000000000000000e+00
1.975999999999999979e+00
3.032000000000000028e+00
4.062000000000000277e+00
5.184000000000000163e+00
7.155999999999999694e+00
8.089000000000000412e+00
1.025099999999999945e+01
1.215300000000000047e+01
1.419400000000000084e+01
1.697800000000000153e+01
1.968499999999999872e+01
2.296099999999999852e+01
2.703800000000000026e+01
3.299499999999999744e+01
3.881799999999999784e+01
4.626100000000000279e+01
5.703199999999999648e+01
6.809000000000000341e+01
8.346800000000000352e+01
1.023209999999999980e+02
1.247579999999999956e+02
1.542460000000000093e+02
1.853420000000000130e+02
2.237059999999999889e+02
2.681820000000000164e+02
3.285000000000000000e+02
3.930860000000000127e+02
4.794669999999999845e+02
5.835969999999999800e+02
7.001359999999999673e+02
8.370240000000000009e+02
1.010153999999999996e+03
1.239993999999999915e+03
1.531403000000000020e+03
1.843532999999999902e+03
2.215190000000000055e+03
2.722190000000000055e+03
3.287911999999999807e+03
3.974820000000000164e+03
4.829757999999999811e+03
5.766882999999999811e+03
6.939608000000000175e+03
8.293800999999999476e+03
1.018243100000000049e+04
