1.000000000000000000e+00
1.987000000000000099e+00
2.942000000000000171e+00
3.886000000000000121e+00
4.967999999999999972e+00
6.918000000000000149e+00
8.028999999999999915e+00
1.011200000000000010e+01
1.223900000000000077e+01
1.422400000000000020e+01
1.678399999999999892e+01
1.990500000000000114e+01
2.410200000000000031e+01
2.919800000000000040e+01
3.592999999999999972e+01
4.278199999999999648e+01
5.168999999999999773e+01
6.358400000000000318e+01
7.645199999999999818e+01
9.052599999999999625e+01
1.104879999999999995e+02
1.354859999999999900e+02
1.601049999999999898e+02
1.891479999999999961e+02
2.272520000000000095e+02
2.699599999999999795e+02
3.263919999999999959e+02
3.915799999999999841e+02
4.672379999999999995e+02
5.714539999999999509e+02
6.917100000000000364e+02
8.276000000000000227e+02
1.016287000000000035e+03
1.231642000000000053e+03
1.489339999999999918e+03
1.811946999999999889e+03
2.218673999999999978e+03
2.671579999999999927e+03
3.257219999999999800e+03
3.903192000000000007e+03
4.731742000000000189e+03
5.679981999999999971e+03
6.793204999999999927e+03
8.367147999999999229e+03
1.005980099999999948e+04
