1.000000000000000000e+00
1.921999999999999931e+00
3.085999999999999854e+00
4.025999999999999801e+00
5.081999999999999851e+00
6.991999999999999993e+00
7.799000000000000377e+00
9.477999999999999758e+00
1.120500000000000007e+01
1.271599999999999930e+01
1.490000000000000036e+01
1.669699999999999918e+01
1.957100000000000151e+01
2.262800000000000011e+01
2.646499999999999986e+01
3.006800000000000139e+01
3.518599999999999994e+01
4.185999999999999943e+01
4.901200000000000045e+01
5.936999999999999744e+01
7.023099999999999454e+01
8.329999999999999716e+01
9.942000000000000171e+01
1.201979999999999933e+02
1.485699999999999932e+02
1.775339999999999918e+02
2.139919999999999902e+02
2.693460000000000036e+02
3.330029999999999859e+02
4.143670000000000186e+02
4.887649999999999864e+02
5.985240000000000009e+02
7.590439999999999827e+02
9.307000000000000455e+02
1.174631000000000085e+03
1.485136999999999944e+03
1.857127999999999929e+03
2.312001999999999953e+03
2.832661999999999807e+03
3.481092000000000098e+03
4.146865999999999985e+03
5.024708999999999833e+03
6.216037000000000262e+03
7.503431999999999789e+03
9.231851000000000568e+03
