1.000000000000000000e+00
1.975999999999999979e+00
2.934000000000000163e+00
3.935999999999999943e+00
4.911999999999999922e+00
6.719999999999999751e+00
7.782000000000000028e+00
9.710000000000000853e+00
1.145199999999999996e+01
1.348000000000000043e+01
1.632400000000000162e+01
1.916799999999999926e+01
2.345200000000000173e+01
2.838800000000000168e+01
3.528199999999999648e+01
4.214399999999999835e+01
5.143999999999999773e+01
6.275000000000000000e+01
7.528199999999999648e+01
9.215999999999999659e+01
1.125070000000000050e+02
1.369240000000000066e+02
1.630689999999999884e+02
1.929720000000000084e+02
2.394079999999999870e+02
2.900720000000000027e+02
3.386800000000000068e+02
4.099180000000000064e+02
5.025790000000000077e+02
6.098630000000000564e+02
7.388780000000000427e+02
8.894740000000000464e+02
1.077097999999999956e+03
1.305846000000000004e+03
1.548961999999999989e+03
1.829416999999999916e+03
2.177427999999999884e+03
2.637429999999999836e+03
3.207909999999999854e+03
3.938137999999999920e+03
4.790826000000000022e+03
5.647653000000000247e+03
6.876844000000000051e+03
8.257936999999999898e+03
1.008386000000000058e+04
