1.000000000000000000e+00
1.987000000000000099e+00
3.140000000000000124e+00
4.306000000000000050e+00
5.339999999999999858e+00
7.328000000000000291e+00
8.275000000000000355e+00
1.003299999999999947e+01
1.209200000000000053e+01
1.398799999999999955e+01
1.701599999999999824e+01
2.010300000000000153e+01
2.377299999999999969e+01
2.790800000000000125e+01
3.473499999999999943e+01
4.165800000000000125e+01
5.052300000000000324e+01
6.173400000000000176e+01
7.637999999999999545e+01
9.110999999999999943e+01
1.098910000000000053e+02
1.346759999999999877e+02
1.584869999999999948e+02
1.934139999999999873e+02
2.337620000000000005e+02
2.833820000000000050e+02
3.446299999999999955e+02
4.138059999999999832e+02
4.928190000000000168e+02
5.973809999999999718e+02
7.125040000000000191e+02
8.636779999999999973e+02
1.064064000000000078e+03
1.285286000000000058e+03
1.553571999999999889e+03
1.886973999999999933e+03
2.226559999999999945e+03
2.675199999999999818e+03
3.210760000000000218e+03
3.909896000000000186e+03
4.758953999999999724e+03
5.732106999999999971e+03
6.832050000000000182e+03
8.163865999999999985e+03
9.750662000000000262e+03
