1.000000000000000000e+00
1.879999999999999893e+00
3.016000000000000014e+00
4.360000000000000320e+00
5.591999999999999638e+00
7.615999999999999659e+00
8.651999999999999247e+00
1.075200000000000067e+01
1.372000000000000064e+01
1.618799999999999883e+01
1.963200000000000145e+01
2.230799999999999983e+01
2.641600000000000037e+01
3.213600000000000279e+01
3.953199999999999648e+01
4.653600000000000136e+01
5.425999999999999801e+01
6.337599999999999767e+01
7.131199999999999761e+01
8.965600000000000591e+01
1.105639999999999930e+02
1.266640000000000015e+02
1.423839999999999861e+02
1.691040000000000134e+02
2.007119999999999891e+02
2.503360000000000127e+02
3.023919999999999959e+02
3.596560000000000059e+02
4.602599999999999909e+02
5.262799999999999727e+02
6.720439999999999827e+02
8.158640000000000327e+02
9.736760000000000446e+02
1.206192000000000007e+03
1.388415999999999940e+03
1.734859999999999900e+03
2.107527999999999793e+03
2.535760000000000218e+03
3.245519999999999982e+03
3.609000000000000000e+03
4.323920000000000073e+03
5.198671999999999571e+03
6.391787999999999556e+03
7.863604000000000269e+03
9.473299999999999272e+03
