1.000000000000000000e+00
1.955999999999999961e+00
3.240000000000000213e+00
4.355999999999999872e+00
5.927999999999999936e+00
8.256000000000000227e+00
9.507999999999999119e+00
1.153999999999999915e+01
1.386800000000000033e+01
1.622800000000000153e+01
1.914399999999999835e+01
2.192800000000000082e+01
2.597200000000000131e+01
3.085600000000000165e+01
3.743599999999999994e+01
4.148799999999999955e+01
4.930799999999999983e+01
5.750399999999999778e+01
6.482399999999999807e+01
7.435200000000000387e+01
8.281199999999999761e+01
9.423199999999999932e+01
1.102519999999999953e+02
1.305440000000000111e+02
1.521759999999999877e+02
1.754720000000000084e+02
2.113760000000000048e+02
2.408720000000000141e+02
2.791440000000000055e+02
3.459159999999999968e+02
4.320240000000000009e+02
5.082559999999999718e+02
6.430119999999999436e+02
7.189600000000000364e+02
9.399919999999999618e+02
1.160951999999999998e+03
1.456624000000000024e+03
1.684311999999999898e+03
1.916392000000000053e+03
2.397936000000000149e+03
3.073327999999999975e+03
3.917099999999999909e+03
4.919600000000000364e+03
6.219872000000000298e+03
7.875876000000000204e+03
