1.000000000000000000e+00
1.979000000000000092e+00
3.029999999999999805e+00
3.938000000000000167e+00
4.854000000000000092e+00
6.847999999999999865e+00
7.831000000000000405e+00
9.984999999999999432e+00
1.218999999999999950e+01
1.429899999999999949e+01
1.712600000000000122e+01
2.012699999999999889e+01
2.380900000000000105e+01
2.907000000000000028e+01
3.582399999999999807e+01
4.201800000000000068e+01
5.016100000000000136e+01
6.100600000000000023e+01
7.281199999999999761e+01
8.662000000000000455e+01
1.047079999999999984e+02
1.295200000000000102e+02
1.550509999999999877e+02
1.884559999999999889e+02
2.273959999999999866e+02
2.702980000000000018e+02
3.309019999999999868e+02
3.980880000000000223e+02
4.806899999999999977e+02
5.839589999999999463e+02
7.170049999999999955e+02
8.643079999999999927e+02
1.033528999999999996e+03
1.275317999999999984e+03
1.498616999999999962e+03
1.852102000000000089e+03
2.244460000000000036e+03
2.733541999999999916e+03
3.347826000000000022e+03
4.037902000000000044e+03
4.823463999999999942e+03
5.879630000000000109e+03
6.963859000000000378e+03
8.538615999999999985e+03
1.031526000000000022e+04
