1.000000000000000000e+00
1.939000000000000057e+00
2.983999999999999986e+00
4.003000000000000114e+00
5.011999999999999567e+00
7.024000000000000021e+00
8.061999999999999389e+00
9.912000000000000810e+00
1.180000000000000071e+01
1.390499999999999936e+01
1.736199999999999832e+01
2.027799999999999869e+01
2.464799999999999969e+01
2.914600000000000080e+01
3.591499999999999915e+01
4.113199999999999790e+01
4.977100000000000080e+01
5.998199999999999932e+01
7.223799999999999955e+01
8.817400000000000659e+01
1.051610000000000014e+02
1.256380000000000052e+02
1.543549999999999898e+02
1.838660000000000139e+02
2.231980000000000075e+02
2.747139999999999986e+02
3.308260000000000218e+02
4.079800000000000182e+02
4.940679999999999836e+02
5.966209999999999809e+02
7.207329999999999472e+02
8.793479999999999563e+02
1.073410000000000082e+03
1.298665999999999940e+03
1.527229000000000042e+03
1.832406999999999925e+03
2.255487999999999829e+03
2.722532000000000153e+03
3.287847999999999956e+03
3.997431999999999789e+03
4.949689999999999600e+03
5.860930999999999585e+03
7.125978000000000065e+03
8.442591000000000349e+03
1.046846600000000035e+04
