1.000000000000000000e+00
2.020999999999999908e+00
3.048000000000000043e+00
3.988999999999999879e+00
5.022000000000000242e+00
7.048000000000000043e+00
7.932000000000000384e+00
9.893000000000000682e+00
1.196599999999999930e+01
1.386299999999999955e+01
1.675400000000000134e+01
1.969600000000000151e+01
2.381599999999999895e+01
2.849399999999999977e+01
3.496200000000000330e+01
4.161999999999999744e+01
5.122699999999999676e+01
6.241199999999999903e+01
7.540600000000000591e+01
9.256999999999999318e+01
1.098689999999999998e+02
1.347940000000000111e+02
1.615000000000000000e+02
1.942259999999999991e+02
2.331920000000000073e+02
2.814540000000000077e+02
3.406299999999999955e+02
4.189440000000000168e+02
5.084669999999999845e+02
6.275589999999999691e+02
7.646649999999999636e+02
9.295240000000000009e+02
1.101803000000000111e+03
1.288932000000000016e+03
1.551380000000000109e+03
1.841593000000000075e+03
2.240737999999999829e+03
2.738543999999999869e+03
3.256215999999999894e+03
3.857199999999999818e+03
4.621184000000000196e+03
5.511484000000000378e+03
6.642962000000000444e+03
7.865002000000000407e+03
9.450691000000000713e+03
