1.000000000000000000e+00
1.931000000000000050e+00
2.987999999999999989e+00
4.027999999999999581e+00
5.049999999999999822e+00
7.211999999999999744e+00
8.178000000000000824e+00
1.006499999999999950e+01
1.181600000000000072e+01
1.380799999999999983e+01
1.673999999999999844e+01
1.924699999999999989e+01
2.344200000000000017e+01
2.819800000000000040e+01
3.442799999999999727e+01
4.234400000000000119e+01
5.200200000000000244e+01
6.300600000000000023e+01
7.387800000000000011e+01
8.966599999999999682e+01
1.058670000000000044e+02
1.288700000000000045e+02
1.533559999999999945e+02
1.845620000000000118e+02
2.247280000000000086e+02
2.777239999999999895e+02
3.365520000000000209e+02
4.028539999999999850e+02
4.848980000000000246e+02
5.996380000000000337e+02
7.273579999999999472e+02
8.676839999999999691e+02
1.051484999999999900e+03
1.251253999999999905e+03
1.494287000000000035e+03
1.822959000000000060e+03
2.169626000000000204e+03
2.650074000000000069e+03
3.210478000000000065e+03
3.963996000000000095e+03
4.697042000000000371e+03
5.634417999999999665e+03
6.952037000000000262e+03
8.391551999999999680e+03
1.011207500000000073e+04
