1.000000000000000000e+00
2.004000000000000004e+00
2.839999999999999858e+00
3.696000000000000174e+00
4.647999999999999687e+00
6.591999999999999638e+00
7.532000000000000028e+00
9.544000000000000483e+00
1.167600000000000016e+01
1.420400000000000063e+01
1.738400000000000034e+01
2.079599999999999937e+01
2.419200000000000017e+01
2.991199999999999903e+01
3.572800000000000153e+01
4.256799999999999784e+01
5.231600000000000250e+01
6.284000000000000341e+01
7.482399999999999807e+01
9.117600000000000193e+01
1.071959999999999980e+02
1.267999999999999972e+02
1.549799999999999898e+02
1.885360000000000014e+02
2.290159999999999911e+02
2.814159999999999968e+02
3.435120000000000005e+02
3.912719999999999914e+02
4.629639999999999986e+02
5.731440000000000055e+02
7.068039999999999736e+02
8.965919999999999845e+02
1.066480000000000018e+03
1.285440000000000055e+03
1.558251999999999953e+03
1.863188000000000102e+03
2.216264000000000124e+03
2.623215999999999894e+03
3.223119999999999891e+03
3.975264000000000124e+03
4.888935999999999694e+03
5.848796000000000276e+03
7.072028000000000247e+03
8.250275999999999840e+03
9.882804000000000087e+03
