1.000000000000000000e+00
1.937999999999999945e+00
3.033999999999999808e+00
4.065999999999999837e+00
5.057999999999999829e+00
7.160000000000000142e+00
8.134999999999999787e+00
1.016300000000000026e+01
1.216300000000000026e+01
1.413400000000000034e+01
1.716400000000000148e+01
2.073900000000000077e+01
2.459100000000000108e+01
2.925799999999999912e+01
3.660399999999999920e+01
4.346800000000000352e+01
5.241299999999999670e+01
6.272999999999999687e+01
7.360200000000000387e+01
8.973600000000000421e+01
1.076580000000000013e+02
1.289039999999999964e+02
1.583429999999999893e+02
1.883580000000000041e+02
2.303979999999999961e+02
2.837400000000000091e+02
3.422180000000000177e+02
4.093059999999999832e+02
4.927040000000000077e+02
5.911599999999999682e+02
7.046399999999999864e+02
8.610180000000000291e+02
1.049192000000000007e+03
1.270188000000000102e+03
1.501576000000000022e+03
1.773151000000000067e+03
2.101775999999999840e+03
2.573324000000000069e+03
3.144818000000000211e+03
3.761224000000000160e+03
4.638663999999999760e+03
5.615286000000000058e+03
6.755764000000000124e+03
8.202906999999999243e+03
9.824072000000000116e+03
