1.000000000000000000e+00
1.955999999999999961e+00
3.225999999999999979e+00
4.336000000000000298e+00
5.506000000000000227e+00
7.687999999999999723e+00
8.721999999999999531e+00
1.063499999999999979e+01
1.240399999999999991e+01
1.400500000000000078e+01
1.599799999999999933e+01
1.802799999999999869e+01
2.036599999999999966e+01
2.247400000000000020e+01
2.646600000000000108e+01
3.014399999999999835e+01
3.595700000000000074e+01
4.110399999999999920e+01
4.665400000000000347e+01
5.470799999999999841e+01
6.589700000000000557e+01
8.003199999999999648e+01
9.477700000000000102e+01
1.107259999999999991e+02
1.388880000000000052e+02
1.756239999999999952e+02
2.130440000000000111e+02
2.656499999999999773e+02
3.273550000000000182e+02
4.068539999999999850e+02
4.989759999999999991e+02
6.106720000000000255e+02
7.653500000000000227e+02
9.409199999999999591e+02
1.170159000000000106e+03
1.458660000000000082e+03
1.781730000000000018e+03
2.240664000000000215e+03
2.802632000000000062e+03
3.454981999999999971e+03
4.314108000000000175e+03
5.283523000000000138e+03
6.501614999999999782e+03
7.829809000000000196e+03
9.622865999999999985e+03
