1.000000000000000000e+00
2.020000000000000018e+00
3.224000000000000199e+00
4.019999999999999574e+00
5.264000000000000234e+00
7.599999999999999645e+00
8.756000000000000227e+00
1.122799999999999976e+01
1.393599999999999994e+01
1.631200000000000117e+01
1.980000000000000071e+01
2.317999999999999972e+01
2.794800000000000040e+01
3.318399999999999750e+01
3.875999999999999801e+01
4.648799999999999955e+01
5.719599999999999795e+01
6.886400000000000432e+01
8.056799999999999784e+01
9.956000000000000227e+01
1.167360000000000042e+02
1.412640000000000100e+02
1.687280000000000086e+02
1.935120000000000005e+02
2.089679999999999893e+02
2.539679999999999893e+02
3.137520000000000095e+02
3.967599999999999909e+02
4.793439999999999941e+02
5.653719999999999573e+02
7.032640000000000100e+02
8.696319999999999482e+02
1.065415999999999940e+03
1.287304000000000087e+03
1.557251999999999953e+03
1.936807999999999993e+03
2.327815999999999804e+03
2.753911999999999807e+03
3.368407999999999902e+03
4.172768000000000029e+03
5.112439999999999600e+03
6.058095999999999549e+03
7.484000000000000000e+03
8.969056000000000495e+03
1.093045999999999913e+04
