1.000000000000000000e+00
2.008000000000000007e+00
3.311999999999999833e+00
4.535999999999999588e+00
5.967999999999999972e+00
8.375999999999999446e+00
9.387999999999999901e+00
1.169999999999999929e+01
1.429199999999999982e+01
1.667999999999999972e+01
2.013599999999999923e+01
2.352400000000000091e+01
2.726399999999999935e+01
3.332800000000000296e+01
3.888400000000000034e+01
4.653600000000000136e+01
5.492799999999999727e+01
6.409600000000000364e+01
7.452800000000000580e+01
8.322400000000000375e+01
9.313200000000000500e+01
1.078559999999999945e+02
1.234320000000000022e+02
1.410960000000000036e+02
1.652640000000000100e+02
1.850480000000000018e+02
2.102880000000000109e+02
2.321200000000000045e+02
2.794359999999999786e+02
3.469080000000000155e+02
4.325319999999999823e+02
5.410720000000000027e+02
6.784679999999999609e+02
7.844160000000000537e+02
9.528920000000000528e+02
1.071099999999999909e+03
1.333112000000000080e+03
1.596175999999999931e+03
1.982672000000000025e+03
2.288807999999999993e+03
2.939192000000000007e+03
3.250260000000000218e+03
4.151159999999999854e+03
5.301376000000000204e+03
6.675960000000000036e+03
