1.000000000000000000e+00
2.088000000000000078e+00
3.399999999999999911e+00
4.384000000000000341e+00
5.615999999999999659e+00
7.791999999999999815e+00
8.692000000000000171e+00
1.114000000000000057e+01
1.379199999999999982e+01
1.635600000000000165e+01
2.076000000000000156e+01
2.426000000000000156e+01
2.731200000000000117e+01
3.242399999999999949e+01
3.715999999999999659e+01
4.369599999999999795e+01
4.848400000000000176e+01
5.648799999999999955e+01
6.571200000000000330e+01
7.465600000000000591e+01
8.237600000000000477e+01
9.356000000000000227e+01
1.053960000000000008e+02
1.181599999999999966e+02
1.380639999999999930e+02
1.547599999999999909e+02
1.793760000000000048e+02
2.203120000000000118e+02
2.723279999999999745e+02
3.250400000000000205e+02
3.976759999999999877e+02
4.957679999999999723e+02
6.061559999999999491e+02
7.597359999999999900e+02
9.312480000000000473e+02
1.169299999999999955e+03
1.335359999999999900e+03
1.681160000000000082e+03
2.071215999999999894e+03
2.483103999999999814e+03
3.000791999999999916e+03
3.770768000000000029e+03
4.621884000000000015e+03
5.817176000000000386e+03
7.527840000000000146e+03
