1.000000000000000000e+00
1.947000000000000064e+00
3.144000000000000128e+00
4.222000000000000419e+00
5.363999999999999879e+00
7.131999999999999673e+00
7.972000000000000419e+00
9.573999999999999844e+00
1.090900000000000070e+01
1.230799999999999983e+01
1.452599999999999980e+01
1.628900000000000148e+01
1.840099999999999980e+01
2.117000000000000171e+01
2.422800000000000153e+01
2.753999999999999915e+01
3.171099999999999852e+01
3.762599999999999767e+01
4.479800000000000182e+01
5.279399999999999693e+01
6.187599999999999767e+01
7.401600000000000534e+01
8.786599999999999966e+01
1.089339999999999975e+02
1.337059999999999889e+02
1.640140000000000100e+02
2.004619999999999891e+02
2.420440000000000111e+02
2.955029999999999859e+02
3.688829999999999814e+02
4.623829999999999814e+02
5.687119999999999891e+02
7.080309999999999491e+02
8.825560000000000400e+02
1.114935999999999922e+03
1.403364000000000033e+03
1.775248000000000047e+03
2.209447999999999865e+03
2.737353999999999814e+03
3.325608000000000175e+03
4.114304000000000087e+03
5.137646999999999935e+03
6.245555999999999585e+03
7.526332000000000335e+03
9.225502000000000407e+03
