1.000000000000000000e+00
2.040000000000000036e+00
3.088000000000000078e+00
3.951999999999999957e+00
4.815999999999999837e+00
6.775999999999999801e+00
7.411999999999999922e+00
9.599999999999999645e+00
1.177999999999999936e+01
1.340799999999999947e+01
1.680799999999999983e+01
1.998000000000000043e+01
2.394000000000000128e+01
3.090399999999999991e+01
3.689600000000000080e+01
4.319200000000000017e+01
5.208800000000000097e+01
6.339999999999999858e+01
7.583199999999999363e+01
9.223999999999999488e+01
1.118679999999999950e+02
1.369679999999999893e+02
1.671800000000000068e+02
1.992880000000000109e+02
2.365840000000000032e+02
2.828480000000000132e+02
3.320880000000000223e+02
3.883279999999999745e+02
5.024839999999999804e+02
5.999679999999999609e+02
7.319880000000000564e+02
8.411599999999999682e+02
9.984840000000000373e+02
1.244240000000000009e+03
1.524200000000000045e+03
1.797183999999999969e+03
2.153360000000000127e+03
2.678576000000000022e+03
3.198880000000000109e+03
3.780592000000000098e+03
4.824384000000000015e+03
5.861279999999999745e+03
6.818351999999999862e+03
8.245620000000000800e+03
1.001418399999999929e+04
