1.000000000000000000e+00
1.872000000000000108e+00
3.080000000000000071e+00
4.288000000000000256e+00
5.679999999999999716e+00
8.327999999999999403e+00
9.720000000000000639e+00
1.224799999999999933e+01
1.434399999999999942e+01
1.631599999999999895e+01
1.980799999999999983e+01
2.367200000000000060e+01
2.755600000000000094e+01
3.256000000000000227e+01
3.942000000000000171e+01
4.710399999999999920e+01
5.446800000000000352e+01
6.450400000000000489e+01
7.288800000000000523e+01
7.997599999999999909e+01
8.643600000000000705e+01
9.357599999999999341e+01
1.088199999999999932e+02
1.321040000000000134e+02
1.394960000000000093e+02
1.598640000000000043e+02
1.923919999999999959e+02
2.362079999999999984e+02
2.743199999999999932e+02
3.341519999999999868e+02
4.221480000000000246e+02
5.687440000000000282e+02
6.795480000000000018e+02
8.432480000000000473e+02
9.947319999999999709e+02
1.143400000000000091e+03
1.404407999999999902e+03
1.759152000000000044e+03
2.098431999999999789e+03
2.585536000000000058e+03
3.056887999999999920e+03
3.625452000000000226e+03
4.632699999999999818e+03
5.705332000000000335e+03
7.317131999999999607e+03
