1.000000000000000000e+00
1.989999999999999991e+00
2.935999999999999943e+00
3.980999999999999872e+00
4.983999999999999986e+00
7.144000000000000128e+00
8.121999999999999886e+00
1.009699999999999953e+01
1.178599999999999959e+01
1.360100000000000087e+01
1.682000000000000028e+01
1.982100000000000151e+01
2.339999999999999858e+01
2.808599999999999852e+01
3.577000000000000313e+01
4.327400000000000091e+01
5.257399999999999807e+01
6.432200000000000273e+01
7.671999999999999886e+01
9.333400000000000318e+01
1.139929999999999950e+02
1.421399999999999864e+02
1.685800000000000125e+02
2.006839999999999975e+02
2.401999999999999886e+02
2.905500000000000114e+02
3.464560000000000173e+02
4.180179999999999723e+02
4.943849999999999909e+02
6.018479999999999563e+02
7.276190000000000282e+02
8.716599999999999682e+02
1.079976000000000113e+03
1.294624000000000024e+03
1.578413000000000011e+03
1.891551999999999907e+03
2.269353999999999814e+03
2.699545999999999822e+03
3.288186000000000149e+03
3.873521999999999935e+03
4.690402000000000044e+03
5.630296999999999571e+03
6.793801000000000386e+03
8.310547000000000480e+03
1.000406899999999951e+04
