1.000000000000000000e+00
1.993000000000000105e+00
3.032000000000000028e+00
4.126999999999999780e+00
5.064000000000000057e+00
7.075999999999999623e+00
8.185000000000000497e+00
1.003999999999999915e+01
1.198700000000000010e+01
1.406900000000000084e+01
1.695599999999999952e+01
1.979599999999999937e+01
2.334400000000000119e+01
2.802799999999999869e+01
3.550300000000000011e+01
4.212400000000000233e+01
5.234000000000000341e+01
6.341799999999999926e+01
7.612000000000000455e+01
9.132999999999999829e+01
1.105799999999999983e+02
1.335039999999999907e+02
1.615629999999999882e+02
1.916920000000000073e+02
2.348280000000000030e+02
2.858639999999999759e+02
3.452540000000000191e+02
4.209379999999999882e+02
5.008140000000000214e+02
6.055130000000000337e+02
7.260610000000000355e+02
8.810059999999999718e+02
1.065772999999999911e+03
1.284314000000000078e+03
1.547039999999999964e+03
1.858665999999999940e+03
2.244536000000000058e+03
2.715742000000000189e+03
3.197456000000000131e+03
3.988052000000000135e+03
4.803938000000000102e+03
5.831149999999999636e+03
6.944811999999999898e+03
8.475262000000000626e+03
1.007243100000000049e+04
