1.000000000000000000e+00
1.971999999999999975e+00
3.295999999999999819e+00
4.483999999999999986e+00
5.647999999999999687e+00
8.167999999999999261e+00
9.535999999999999588e+00
1.224799999999999933e+01
1.511999999999999922e+01
1.797200000000000131e+01
2.208800000000000097e+01
2.519600000000000151e+01
3.001200000000000045e+01
3.639999999999999858e+01
4.201200000000000045e+01
4.936800000000000210e+01
5.996399999999999864e+01
6.445600000000000307e+01
7.114400000000000546e+01
8.035200000000000387e+01
9.054399999999999693e+01
1.073359999999999985e+02
1.257999999999999972e+02
1.411040000000000134e+02
1.572400000000000091e+02
1.765519999999999925e+02
1.903600000000000136e+02
2.312319999999999993e+02
2.881000000000000227e+02
3.561879999999999882e+02
4.427080000000000268e+02
5.437200000000000273e+02
6.582400000000000091e+02
8.067599999999999909e+02
1.015220000000000027e+03
1.180615999999999985e+03
1.359736000000000104e+03
1.624864000000000033e+03
2.005711999999999989e+03
2.508175999999999931e+03
3.126351999999999862e+03
3.880208000000000084e+03
4.890920000000000073e+03
6.109612000000000080e+03
7.833956000000000131e+03
