1.000000000000000000e+00
1.961000000000000076e+00
3.021999999999999797e+00
4.052999999999999936e+00
4.902000000000000135e+00
6.815999999999999837e+00
7.881999999999999673e+00
9.839999999999999858e+00
1.167999999999999972e+01
1.332900000000000063e+01
1.595199999999999996e+01
1.877700000000000102e+01
2.242599999999999838e+01
2.678999999999999915e+01
3.330899999999999750e+01
3.916799999999999926e+01
4.791499999999999915e+01
5.751599999999999824e+01
6.950600000000000023e+01
8.422799999999999443e+01
1.028379999999999939e+02
1.254000000000000057e+02
1.510480000000000018e+02
1.804360000000000070e+02
2.219559999999999889e+02
2.710520000000000209e+02
3.250520000000000209e+02
3.971539999999999964e+02
4.874759999999999991e+02
5.957699999999999818e+02
7.122050000000000409e+02
8.389719999999999800e+02
1.011940000000000055e+03
1.232074000000000069e+03
1.508230000000000018e+03
1.826502999999999929e+03
2.166844000000000051e+03
2.630199999999999818e+03
3.198992000000000189e+03
3.880849999999999909e+03
4.611315999999999804e+03
5.410331000000000131e+03
6.446881000000000313e+03
7.843654000000000451e+03
9.622522000000000844e+03
