1.000000000000000000e+00
1.991999999999999993e+00
3.208000000000000185e+00
4.384000000000000341e+00
5.559999999999999609e+00
7.879999999999999893e+00
9.099999999999999645e+00
1.172799999999999976e+01
1.450000000000000000e+01
1.693599999999999994e+01
2.128800000000000026e+01
2.500400000000000134e+01
2.928399999999999892e+01
3.461599999999999966e+01
4.203999999999999915e+01
4.718399999999999750e+01
5.364000000000000057e+01
5.904800000000000182e+01
7.013599999999999568e+01
7.959999999999999432e+01
8.859600000000000364e+01
1.001760000000000019e+02
1.140999999999999943e+02
1.277439999999999998e+02
1.524399999999999977e+02
1.729199999999999875e+02
1.973439999999999941e+02
2.290960000000000036e+02
2.866519999999999868e+02
3.331999999999999886e+02
3.953000000000000114e+02
4.870160000000000196e+02
5.937759999999999536e+02
7.661040000000000418e+02
9.813920000000000528e+02
1.144352000000000089e+03
1.522304000000000087e+03
1.872183999999999969e+03
2.273231999999999971e+03
2.730175999999999931e+03
3.316231999999999971e+03
4.120608000000000175e+03
5.078260000000000218e+03
5.982104000000000269e+03
7.370872000000000298e+03
