1.000000000000000000e+00
1.969999999999999973e+00
2.982000000000000206e+00
4.091000000000000192e+00
5.131999999999999673e+00
7.336000000000000298e+00
8.388999999999999346e+00
1.030100000000000016e+01
1.220199999999999996e+01
1.428599999999999959e+01
1.753800000000000026e+01
2.040299999999999869e+01
2.389199999999999946e+01
2.820599999999999952e+01
3.493399999999999750e+01
4.200200000000000244e+01
5.095499999999999829e+01
6.100600000000000023e+01
7.467799999999999727e+01
9.185999999999999943e+01
1.114489999999999981e+02
1.334939999999999998e+02
1.602170000000000130e+02
1.924459999999999980e+02
2.330240000000000009e+02
2.746580000000000155e+02
3.351399999999999864e+02
4.025640000000000214e+02
4.869859999999999900e+02
6.069370000000000118e+02
7.321459999999999582e+02
8.702060000000000173e+02
1.040128999999999905e+03
1.239887999999999920e+03
1.468532999999999902e+03
1.787450000000000045e+03
2.136643999999999778e+03
2.633351999999999862e+03
3.142128000000000156e+03
3.832871999999999844e+03
4.672137999999999920e+03
5.602417999999999665e+03
6.875452000000000226e+03
8.431540999999999258e+03
1.023205800000000090e+04
