1.000000000000000000e+00
1.991999999999999993e+00
3.176000000000000156e+00
4.160000000000000142e+00
5.256000000000000227e+00
7.456000000000000405e+00
8.343999999999999417e+00
1.069599999999999973e+01
1.364799999999999969e+01
1.613200000000000145e+01
1.852799999999999869e+01
2.188400000000000034e+01
2.670799999999999841e+01
3.149599999999999866e+01
4.073199999999999932e+01
4.803999999999999915e+01
5.942399999999999949e+01
7.159999999999999432e+01
8.084799999999999898e+01
9.881600000000000250e+01
1.155720000000000027e+02
1.389120000000000061e+02
1.609639999999999986e+02
1.875600000000000023e+02
2.128799999999999955e+02
2.546959999999999980e+02
3.062799999999999727e+02
3.870400000000000205e+02
4.823360000000000127e+02
5.528400000000000318e+02
6.589800000000000182e+02
7.989120000000000346e+02
1.008427999999999997e+03
1.256023999999999887e+03
1.495011999999999944e+03
1.734571999999999889e+03
2.068311999999999898e+03
2.584791999999999916e+03
3.151472000000000207e+03
3.667056000000000040e+03
4.554328000000000429e+03
5.437604000000000269e+03
6.647427999999999884e+03
8.045747999999999593e+03
1.009434799999999996e+04
