1.000000000000000000e+00
1.883999999999999897e+00
2.919999999999999929e+00
4.176000000000000156e+00
5.360000000000000320e+00
7.623999999999999666e+00
8.976000000000000867e+00
1.117999999999999972e+01
1.298799999999999955e+01
1.516399999999999970e+01
1.818400000000000105e+01
2.080399999999999849e+01
2.567200000000000060e+01
2.994399999999999906e+01
3.674799999999999756e+01
4.462400000000000233e+01
5.117600000000000193e+01
6.359199999999999875e+01
7.679999999999999716e+01
9.540000000000000568e+01
1.148439999999999941e+02
1.388000000000000114e+02
1.638360000000000127e+02
1.978480000000000132e+02
2.306239999999999952e+02
2.791440000000000055e+02
3.325520000000000209e+02
4.050319999999999823e+02
4.747719999999999914e+02
5.845240000000000009e+02
6.955159999999999627e+02
8.485439999999999827e+02
1.034451999999999998e+03
1.258496000000000095e+03
1.481051999999999907e+03
1.800619999999999891e+03
2.154039999999999964e+03
2.561911999999999807e+03
3.043128000000000156e+03
3.926728000000000065e+03
4.757880000000000109e+03
5.889716000000000349e+03
7.171868000000000393e+03
8.496504000000000815e+03
9.966852000000000771e+03
