1.000000000000000000e+00
1.985000000000000098e+00
3.004000000000000004e+00
3.943999999999999950e+00
4.937999999999999723e+00
6.873999999999999666e+00
7.834999999999999964e+00
9.952999999999999403e+00
1.215300000000000047e+01
1.437899999999999956e+01
1.741000000000000014e+01
2.044099999999999895e+01
2.449099999999999966e+01
2.968400000000000105e+01
3.633599999999999852e+01
4.352799999999999869e+01
5.257399999999999807e+01
6.338799999999999812e+01
7.476200000000000045e+01
9.162399999999999523e+01
1.100550000000000068e+02
1.335240000000000009e+02
1.602529999999999859e+02
1.934559999999999889e+02
2.336279999999999859e+02
2.806240000000000236e+02
3.406379999999999768e+02
4.095659999999999741e+02
5.051960000000000264e+02
5.983780000000000427e+02
7.250159999999999627e+02
8.873899999999999864e+02
1.074451000000000022e+03
1.277721999999999980e+03
1.519666999999999916e+03
1.818615999999999985e+03
2.188898000000000138e+03
2.617121999999999844e+03
3.158139999999999873e+03
3.906045999999999822e+03
4.740095999999999549e+03
5.775677999999999884e+03
6.947091999999999643e+03
8.303905000000000655e+03
1.019035499999999956e+04
