1.000000000000000000e+00
1.971999999999999975e+00
2.919999999999999929e+00
3.919999999999999929e+00
5.096000000000000085e+00
7.328000000000000291e+00
8.400000000000000355e+00
1.039600000000000080e+01
1.267600000000000016e+01
1.455199999999999960e+01
1.734400000000000119e+01
2.106800000000000139e+01
2.475199999999999889e+01
2.808800000000000097e+01
3.486800000000000210e+01
4.271200000000000330e+01
5.275600000000000023e+01
6.211200000000000188e+01
7.139199999999999591e+01
8.694400000000000261e+01
1.053479999999999990e+02
1.310720000000000027e+02
1.547640000000000100e+02
1.910720000000000027e+02
2.264639999999999986e+02
2.821519999999999868e+02
3.411120000000000232e+02
4.211840000000000259e+02
5.075799999999999841e+02
6.205439999999999827e+02
7.308880000000000337e+02
8.580560000000000400e+02
1.006264000000000010e+03
1.227215999999999894e+03
1.530847999999999956e+03
1.821859999999999900e+03
2.134007999999999811e+03
2.693224000000000160e+03
3.200664000000000215e+03
3.814135999999999967e+03
4.876024000000000342e+03
5.650395999999999731e+03
7.064747999999999593e+03
8.633316000000000713e+03
1.017987999999999920e+04
