1.000000000000000000e+00
1.925999999999999934e+00
3.128000000000000114e+00
4.254999999999999893e+00
5.338000000000000078e+00
7.250000000000000000e+00
8.173000000000000043e+00
1.015900000000000070e+01
1.198499999999999943e+01
1.371499999999999986e+01
1.656400000000000006e+01
1.958500000000000085e+01
2.376200000000000045e+01
2.783999999999999986e+01
3.494899999999999807e+01
4.070400000000000063e+01
4.963300000000000267e+01
6.109599999999999653e+01
7.329399999999999693e+01
8.891200000000000614e+01
1.090259999999999962e+02
1.334780000000000086e+02
1.589869999999999948e+02
1.932079999999999984e+02
2.302539999999999907e+02
2.759619999999999891e+02
3.355600000000000023e+02
4.046080000000000041e+02
4.964630000000000223e+02
5.978990000000000009e+02
7.199819999999999709e+02
8.679299999999999500e+02
1.031771999999999935e+03
1.236811999999999898e+03
1.463410000000000082e+03
1.797007000000000062e+03
2.204936000000000149e+03
2.649634000000000015e+03
3.158000000000000000e+03
3.723851999999999862e+03
4.559590000000000146e+03
5.532729999999999563e+03
6.591694999999999709e+03
8.013967999999999847e+03
9.829843000000000757e+03
