1.000000000000000000e+00
2.012000000000000011e+00
3.129999999999999893e+00
4.041000000000000369e+00
5.000000000000000000e+00
7.128000000000000114e+00
8.069000000000000838e+00
1.024399999999999977e+01
1.202100000000000080e+01
1.402100000000000080e+01
1.678399999999999892e+01
1.934299999999999997e+01
2.314399999999999835e+01
2.798000000000000043e+01
3.564699999999999847e+01
4.103199999999999648e+01
4.918500000000000227e+01
6.110000000000000142e+01
7.362000000000000455e+01
8.953000000000000114e+01
1.075460000000000065e+02
1.308100000000000023e+02
1.548710000000000093e+02
1.872640000000000100e+02
2.300680000000000121e+02
2.809759999999999991e+02
3.444359999999999786e+02
4.135659999999999741e+02
5.026890000000000214e+02
6.226250000000000000e+02
7.727160000000000082e+02
9.338780000000000427e+02
1.118421000000000049e+03
1.312413999999999987e+03
1.597152000000000044e+03
1.899652000000000044e+03
2.311324000000000069e+03
2.815483999999999924e+03
3.380054000000000087e+03
4.032045999999999822e+03
4.805518000000000029e+03
5.747306999999999789e+03
6.929735999999999876e+03
8.326916999999999462e+03
9.899614999999999782e+03
