1.000000000000000000e+00
1.971999999999999975e+00
2.975999999999999979e+00
4.072000000000000064e+00
4.927999999999999936e+00
6.687999999999999723e+00
7.472000000000000419e+00
9.688000000000000611e+00
1.150799999999999912e+01
1.316000000000000014e+01
1.692800000000000082e+01
2.021999999999999886e+01
2.491199999999999903e+01
2.960000000000000142e+01
3.626800000000000068e+01
4.311200000000000188e+01
5.019599999999999795e+01
6.224799999999999756e+01
7.578400000000000603e+01
9.297599999999999909e+01
1.158239999999999981e+02
1.387119999999999891e+02
1.631080000000000041e+02
1.996080000000000041e+02
2.264960000000000093e+02
2.741999999999999886e+02
3.397359999999999900e+02
4.178240000000000123e+02
4.994719999999999800e+02
5.951040000000000418e+02
7.000520000000000209e+02
8.535919999999999845e+02
1.064036000000000058e+03
1.270839999999999918e+03
1.506695999999999913e+03
1.849271999999999935e+03
2.251664000000000215e+03
2.759351999999999862e+03
3.237920000000000073e+03
3.947856000000000222e+03
4.718576000000000022e+03
5.528391999999999825e+03
6.409956000000000131e+03
7.964247999999999593e+03
9.767879999999999200e+03
