1.000000000000000000e+00
1.975000000000000089e+00
2.958000000000000185e+00
4.022000000000000242e+00
5.113999999999999879e+00
7.129999999999999893e+00
8.256000000000000227e+00
1.040300000000000047e+01
1.243900000000000006e+01
1.425399999999999956e+01
1.745799999999999841e+01
2.066700000000000159e+01
2.423300000000000054e+01
2.927799999999999869e+01
3.627400000000000091e+01
4.255599999999999739e+01
5.061200000000000188e+01
6.122599999999999909e+01
7.124200000000000443e+01
8.691800000000000637e+01
1.061410000000000053e+02
1.306539999999999964e+02
1.613580000000000041e+02
1.968640000000000043e+02
2.397680000000000007e+02
2.813620000000000232e+02
3.438039999999999736e+02
4.034619999999999891e+02
5.022690000000000055e+02
6.027709999999999582e+02
7.479800000000000182e+02
9.049700000000000273e+02
1.088667999999999893e+03
1.330660000000000082e+03
1.588636999999999944e+03
1.924238000000000056e+03
2.320623999999999796e+03
2.759559999999999945e+03
3.270371999999999844e+03
3.880215999999999894e+03
4.670613999999999578e+03
5.635359000000000378e+03
6.718712000000000444e+03
8.158692000000000007e+03
9.931666999999999462e+03
