1.000000000000000000e+00
1.947999999999999954e+00
2.930000000000000160e+00
3.995000000000000107e+00
4.926000000000000156e+00
7.158000000000000362e+00
8.162000000000000810e+00
1.015099999999999980e+01
1.213499999999999979e+01
1.429299999999999926e+01
1.676999999999999957e+01
1.963800000000000168e+01
2.332199999999999918e+01
2.772200000000000131e+01
3.457999999999999829e+01
4.172399999999999665e+01
5.131900000000000261e+01
6.228600000000000136e+01
7.476999999999999602e+01
9.227400000000000091e+01
1.113589999999999947e+02
1.353480000000000132e+02
1.620380000000000109e+02
1.962119999999999891e+02
2.360480000000000018e+02
2.817160000000000082e+02
3.438679999999999950e+02
4.159599999999999795e+02
5.001709999999999923e+02
5.991040000000000418e+02
7.323390000000000555e+02
8.631180000000000518e+02
1.031182999999999993e+03
1.262400000000000091e+03
1.529217000000000098e+03
1.859141000000000076e+03
2.239574000000000069e+03
2.693260000000000218e+03
3.262273999999999887e+03
3.946811999999999898e+03
4.830242000000000189e+03
5.855801999999999680e+03
7.069832999999999629e+03
8.471045000000000073e+03
1.019268000000000029e+04
