1.000000000000000000e+00
1.951999999999999957e+00
3.080000000000000071e+00
4.165000000000000036e+00
5.217999999999999972e+00
7.155999999999999694e+00
8.042999999999999261e+00
9.638999999999999346e+00
1.125200000000000067e+01
1.236500000000000021e+01
1.462400000000000055e+01
1.665099999999999980e+01
1.898000000000000043e+01
2.207999999999999829e+01
2.581599999999999895e+01
2.944000000000000128e+01
3.379099999999999682e+01
3.971600000000000108e+01
4.553799999999999670e+01
5.532200000000000273e+01
6.696899999999999409e+01
8.221599999999999397e+01
1.004470000000000027e+02
1.237939999999999969e+02
1.491200000000000045e+02
1.778139999999999930e+02
2.151119999999999948e+02
2.577799999999999727e+02
3.166460000000000150e+02
3.847699999999999818e+02
4.591770000000000209e+02
5.636240000000000236e+02
7.177780000000000200e+02
8.963379999999999654e+02
1.124207000000000107e+03
1.402093000000000075e+03
1.742061999999999898e+03
2.168748000000000047e+03
2.784324000000000069e+03
3.530561999999999898e+03
4.438774000000000342e+03
5.380600999999999658e+03
6.622822000000000116e+03
8.136050000000000182e+03
9.900209000000000742e+03
