1.000000000000000000e+00
1.985999999999999988e+00
3.009999999999999787e+00
4.044999999999999929e+00
5.022000000000000242e+00
6.961999999999999744e+00
7.897000000000000242e+00
1.004899999999999949e+01
1.216600000000000037e+01
1.435899999999999999e+01
1.705000000000000071e+01
1.978099999999999881e+01
2.382300000000000040e+01
2.867999999999999972e+01
3.505799999999999983e+01
4.157000000000000028e+01
4.988100000000000023e+01
5.965400000000000347e+01
7.117199999999999704e+01
8.775600000000000023e+01
1.091170000000000044e+02
1.326560000000000059e+02
1.591740000000000066e+02
1.931560000000000059e+02
2.279739999999999895e+02
2.852080000000000268e+02
3.422839999999999918e+02
4.085899999999999750e+02
5.014139999999999873e+02
6.020480000000000018e+02
7.144089999999999918e+02
8.462100000000000364e+02
1.021904999999999973e+03
1.221003999999999905e+03
1.488387999999999920e+03
1.782105999999999995e+03
2.152692000000000007e+03
2.657641999999999825e+03
3.190391999999999825e+03
3.955210000000000036e+03
4.829180000000000291e+03
5.686481999999999971e+03
6.748252999999999702e+03
8.160510000000000218e+03
9.758745000000000800e+03
