1.000000000000000000e+00
1.969000000000000083e+00
3.060000000000000053e+00
4.166000000000000369e+00
5.298000000000000043e+00
7.522000000000000242e+00
8.695000000000000284e+00
1.052999999999999936e+01
1.256700000000000017e+01
1.420100000000000051e+01
1.691799999999999926e+01
1.962600000000000122e+01
2.331099999999999994e+01
2.856400000000000006e+01
3.542699999999999960e+01
4.167199999999999704e+01
5.072599999999999909e+01
6.192799999999999727e+01
7.416400000000000148e+01
8.833400000000000318e+01
1.067049999999999983e+02
1.305020000000000095e+02
1.595629999999999882e+02
1.895939999999999941e+02
2.279519999999999982e+02
2.699599999999999795e+02
3.306279999999999859e+02
3.925199999999999818e+02
4.727330000000000041e+02
5.696520000000000437e+02
6.925209999999999582e+02
8.389519999999999982e+02
1.005509999999999991e+03
1.247087999999999965e+03
1.502134000000000015e+03
1.808384000000000015e+03
2.211289999999999964e+03
2.637269999999999982e+03
3.150351999999999862e+03
3.732054000000000087e+03
4.474247999999999593e+03
5.487996000000000095e+03
6.709356999999999971e+03
8.079115999999999985e+03
9.879718999999999141e+03
