1.000000000000000000e+00
1.943000000000000060e+00
2.878000000000000114e+00
3.887000000000000011e+00
4.900000000000000355e+00
6.833999999999999631e+00
7.756999999999999673e+00
9.782999999999999474e+00
1.204800000000000004e+01
1.421299999999999919e+01
1.701000000000000156e+01
2.001899999999999835e+01
2.380300000000000082e+01
2.815399999999999991e+01
3.553999999999999915e+01
4.292600000000000193e+01
5.082600000000000051e+01
6.286399999999999721e+01
7.524800000000000466e+01
9.147400000000000375e+01
1.124150000000000063e+02
1.394300000000000068e+02
1.630310000000000059e+02
1.951459999999999866e+02
2.398640000000000043e+02
2.861340000000000146e+02
3.475179999999999723e+02
4.325319999999999823e+02
5.104870000000000232e+02
6.053680000000000518e+02
7.397569999999999482e+02
8.931660000000000537e+02
1.068650000000000091e+03
1.279551999999999907e+03
1.498759000000000015e+03
1.823107999999999947e+03
2.238425999999999931e+03
2.683525999999999840e+03
3.197188000000000102e+03
3.832146000000000186e+03
4.621514000000000124e+03
5.534564999999999600e+03
6.748719000000000051e+03
7.995264000000000124e+03
9.748129999999999200e+03
