1.000000000000000000e+00
1.959999999999999964e+00
2.959999999999999964e+00
3.942000000000000171e+00
4.839999999999999858e+00
6.793999999999999595e+00
7.740000000000000213e+00
9.814999999999999503e+00
1.201699999999999946e+01
1.401299999999999990e+01
1.688400000000000034e+01
1.998400000000000176e+01
2.461199999999999832e+01
2.944600000000000151e+01
3.625399999999999778e+01
4.286200000000000188e+01
5.157500000000000284e+01
6.197999999999999687e+01
7.358599999999999852e+01
9.073600000000000421e+01
1.083160000000000025e+02
1.314559999999999889e+02
1.569710000000000036e+02
1.900279999999999916e+02
2.293300000000000125e+02
2.787379999999999995e+02
3.387300000000000182e+02
4.049019999999999868e+02
4.910070000000000050e+02
5.974059999999999491e+02
7.248089999999999691e+02
8.768579999999999472e+02
1.041736000000000104e+03
1.258392000000000053e+03
1.525266000000000076e+03
1.872820999999999913e+03
2.221760000000000218e+03
2.732396000000000186e+03
3.318179999999999836e+03
4.016577999999999975e+03
4.761470000000000255e+03
5.779519000000000233e+03
6.983829999999999927e+03
8.293729999999999563e+03
1.006463800000000083e+04
