1.000000000000000000e+00
1.945000000000000062e+00
3.245999999999999996e+00
4.291999999999999815e+00
5.426000000000000156e+00
7.532000000000000028e+00
8.332000000000000739e+00
9.599000000000000199e+00
1.110899999999999999e+01
1.229100000000000037e+01
1.425999999999999979e+01
1.583099999999999952e+01
1.804200000000000159e+01
2.050600000000000023e+01
2.402199999999999847e+01
2.774599999999999866e+01
3.157499999999999929e+01
3.638199999999999790e+01
4.152400000000000091e+01
4.929599999999999937e+01
5.862500000000000000e+01
7.081000000000000227e+01
8.736599999999999966e+01
1.074899999999999949e+02
1.352659999999999911e+02
1.670680000000000121e+02
2.026320000000000050e+02
2.478460000000000036e+02
3.026720000000000255e+02
3.788430000000000177e+02
4.745670000000000073e+02
5.919080000000000155e+02
7.319669999999999845e+02
9.344819999999999709e+02
1.167479000000000042e+03
1.459730999999999995e+03
1.829183999999999969e+03
2.251099999999999909e+03
2.771367999999999938e+03
3.441161999999999807e+03
4.225003999999999905e+03
5.188146999999999935e+03
6.318060000000000400e+03
7.538574999999999818e+03
9.169468999999999141e+03
