1.000000000000000000e+00
1.883999999999999897e+00
3.088000000000000078e+00
4.323999999999999844e+00
5.368000000000000327e+00
7.607999999999999652e+00
8.772000000000000242e+00
1.088400000000000034e+01
1.319200000000000017e+01
1.553200000000000003e+01
1.893599999999999994e+01
2.208800000000000097e+01
2.649200000000000088e+01
3.112800000000000011e+01
4.123599999999999710e+01
4.906400000000000006e+01
5.913199999999999790e+01
6.905599999999999739e+01
8.050400000000000489e+01
9.227200000000000557e+01
1.100879999999999939e+02
1.315440000000000111e+02
1.640840000000000032e+02
1.842079999999999984e+02
2.225680000000000121e+02
2.620640000000000214e+02
3.184879999999999995e+02
3.793039999999999736e+02
4.442280000000000086e+02
5.212079999999999700e+02
6.049560000000000173e+02
7.163600000000000136e+02
9.032039999999999509e+02
1.142991999999999962e+03
1.430859999999999900e+03
1.784748000000000047e+03
2.145344000000000051e+03
2.643135999999999967e+03
3.210000000000000000e+03
3.917056000000000040e+03
4.776912000000000262e+03
5.914376000000000204e+03
7.095775999999999840e+03
8.293159999999999854e+03
1.025136399999999958e+04
