1.000000000000000000e+00
2.009999999999999787e+00
3.279999999999999805e+00
4.399000000000000021e+00
5.620000000000000107e+00
7.591999999999999638e+00
8.618000000000000327e+00
1.022100000000000009e+01
1.160399999999999920e+01
1.308600000000000030e+01
1.518200000000000038e+01
1.714199999999999946e+01
1.940099999999999980e+01
2.170599999999999952e+01
2.516799999999999926e+01
2.853800000000000026e+01
3.206199999999999761e+01
3.810000000000000142e+01
4.350600000000000023e+01
5.258599999999999852e+01
6.177100000000000080e+01
7.292600000000000193e+01
8.771099999999999852e+01
1.087439999999999998e+02
1.346980000000000075e+02
1.654360000000000070e+02
2.037520000000000095e+02
2.563740000000000236e+02
3.090339999999999918e+02
3.837350000000000136e+02
4.813299999999999841e+02
6.030059999999999718e+02
7.496309999999999718e+02
9.489579999999999700e+02
1.180878999999999905e+03
1.493260999999999967e+03
1.843036000000000058e+03
2.328346000000000004e+03
2.936115999999999985e+03
3.645360000000000127e+03
4.482025999999999840e+03
5.382413999999999760e+03
6.556612000000000080e+03
7.961104999999999563e+03
9.535460999999999331e+03
