1.000000000000000000e+00
2.049999999999999822e+00
3.097999999999999865e+00
4.062000000000000277e+00
5.014000000000000234e+00
6.940000000000000391e+00
7.858999999999999986e+00
9.835000000000000853e+00
1.169800000000000040e+01
1.366099999999999959e+01
1.675199999999999889e+01
1.961899999999999977e+01
2.360900000000000176e+01
2.823600000000000065e+01
3.553000000000000114e+01
4.241799999999999926e+01
5.025600000000000023e+01
6.031600000000000250e+01
7.191200000000000614e+01
8.842799999999999727e+01
1.076200000000000045e+02
1.296699999999999875e+02
1.576189999999999998e+02
1.915440000000000111e+02
2.324259999999999877e+02
2.776659999999999968e+02
3.386920000000000073e+02
4.130160000000000196e+02
4.953000000000000114e+02
6.004829999999999472e+02
7.168809999999999718e+02
8.679059999999999491e+02
1.056589999999999918e+03
1.285258000000000038e+03
1.528088999999999942e+03
1.856548999999999978e+03
2.261784000000000106e+03
2.731724000000000160e+03
3.233653999999999996e+03
3.904057999999999993e+03
4.721550000000000182e+03
5.591559000000000196e+03
6.657051999999999680e+03
7.956765000000000327e+03
9.564027000000000044e+03
