1.000000000000000000e+00
1.995999999999999996e+00
3.016000000000000014e+00
4.048000000000000043e+00
5.304000000000000270e+00
7.416000000000000369e+00
8.679999999999999716e+00
1.070400000000000063e+01
1.303200000000000003e+01
1.593599999999999994e+01
1.982400000000000162e+01
2.422400000000000020e+01
2.958399999999999963e+01
3.539999999999999858e+01
4.280799999999999983e+01
4.960000000000000142e+01
6.006799999999999784e+01
6.987999999999999545e+01
8.364799999999999613e+01
9.735200000000000387e+01
1.153479999999999990e+02
1.330159999999999911e+02
1.521119999999999948e+02
1.694399999999999977e+02
1.990800000000000125e+02
2.475360000000000014e+02
2.965040000000000191e+02
3.544560000000000173e+02
4.524039999999999964e+02
5.429560000000000173e+02
6.260359999999999445e+02
7.885679999999999836e+02
9.678600000000000136e+02
1.222599999999999909e+03
1.482048000000000002e+03
1.817592000000000098e+03
2.179367999999999938e+03
2.783775999999999840e+03
3.434016000000000076e+03
4.161655999999999949e+03
4.994615999999999985e+03
5.974608000000000175e+03
6.991319999999999709e+03
7.842564000000000306e+03
9.754263999999999214e+03
