1.000000000000000000e+00
1.919999999999999929e+00
2.959999999999999964e+00
4.083999999999999631e+00
5.304000000000000270e+00
7.456000000000000405e+00
8.695999999999999730e+00
1.093599999999999994e+01
1.325999999999999979e+01
1.546000000000000085e+01
1.926399999999999935e+01
2.253999999999999915e+01
2.715200000000000102e+01
3.281600000000000250e+01
4.167600000000000193e+01
4.986399999999999721e+01
5.658400000000000318e+01
6.632800000000000296e+01
7.556000000000000227e+01
8.985599999999999454e+01
1.100319999999999965e+02
1.285759999999999934e+02
1.536479999999999961e+02
1.898160000000000025e+02
2.235120000000000005e+02
2.780960000000000036e+02
3.450400000000000205e+02
4.247119999999999891e+02
5.017040000000000077e+02
5.989199999999999591e+02
7.353920000000000528e+02
8.444160000000000537e+02
1.018975999999999999e+03
1.253160000000000082e+03
1.488743999999999915e+03
1.711615999999999985e+03
2.086231999999999971e+03
2.462664000000000215e+03
3.009512000000000171e+03
3.643847999999999956e+03
4.568047999999999774e+03
5.640448000000000320e+03
6.883039999999999964e+03
8.243843999999999141e+03
1.012216400000000067e+04
