1.000000000000000000e+00
1.919999999999999929e+00
2.951999999999999957e+00
3.979999999999999982e+00
4.983999999999999986e+00
7.072000000000000064e+00
7.820000000000000284e+00
9.983999999999999986e+00
1.233999999999999986e+01
1.469200000000000017e+01
1.677599999999999980e+01
1.982799999999999940e+01
2.377199999999999847e+01
2.780799999999999983e+01
3.597200000000000131e+01
4.339999999999999858e+01
5.130799999999999983e+01
6.379999999999999716e+01
7.495999999999999375e+01
9.105599999999999739e+01
1.090559999999999974e+02
1.301920000000000073e+02
1.633319999999999936e+02
1.997599999999999909e+02
2.283120000000000118e+02
2.728879999999999768e+02
3.343439999999999941e+02
4.139279999999999973e+02
5.037160000000000082e+02
6.034560000000000173e+02
7.107519999999999527e+02
8.731280000000000427e+02
1.030836000000000013e+03
1.292016000000000076e+03
1.556872000000000071e+03
1.882579999999999927e+03
2.281599999999999909e+03
2.780295999999999822e+03
3.263119999999999891e+03
3.857327999999999975e+03
4.670944000000000415e+03
5.447404000000000451e+03
6.557359999999999673e+03
7.950427999999999884e+03
9.533043999999999869e+03
