1.000000000000000000e+00
1.989999999999999991e+00
2.978000000000000203e+00
4.128999999999999559e+00
5.144000000000000128e+00
7.136000000000000121e+00
8.311999999999999389e+00
1.020199999999999996e+01
1.219899999999999984e+01
1.400200000000000067e+01
1.694000000000000128e+01
2.017699999999999960e+01
2.413800000000000168e+01
2.880600000000000094e+01
3.559700000000000131e+01
4.226400000000000290e+01
5.109400000000000119e+01
6.225600000000000023e+01
7.577599999999999625e+01
9.104800000000000182e+01
1.096110000000000042e+02
1.316959999999999980e+02
1.611539999999999964e+02
1.948919999999999959e+02
2.310939999999999941e+02
2.816700000000000159e+02
3.365240000000000009e+02
4.123659999999999854e+02
5.032200000000000273e+02
6.098509999999999991e+02
7.370940000000000509e+02
8.871019999999999754e+02
1.077162000000000035e+03
1.272890000000000100e+03
1.522465999999999894e+03
1.852151000000000067e+03
2.248652000000000044e+03
2.658684000000000196e+03
3.134313999999999851e+03
3.756588000000000193e+03
4.526188000000000102e+03
5.572034999999999854e+03
6.720826000000000022e+03
8.026216999999999643e+03
9.861340000000000146e+03
