1.000000000000000000e+00
1.939000000000000057e+00
3.116000000000000103e+00
4.157000000000000028e+00
5.174000000000000377e+00
7.230000000000000426e+00
8.282999999999999474e+00
1.042900000000000027e+01
1.230300000000000082e+01
1.408900000000000041e+01
1.705600000000000094e+01
1.957999999999999829e+01
2.272599999999999909e+01
2.722800000000000153e+01
3.417499999999999716e+01
4.036800000000000210e+01
4.938000000000000256e+01
5.792199999999999704e+01
6.865800000000000125e+01
8.259399999999999409e+01
1.004719999999999942e+02
1.223460000000000036e+02
1.484060000000000059e+02
1.820560000000000116e+02
2.173079999999999927e+02
2.626580000000000155e+02
3.188999999999999773e+02
3.925960000000000036e+02
4.705919999999999845e+02
5.908099999999999454e+02
7.120460000000000491e+02
8.419239999999999782e+02
1.043724999999999909e+03
1.248448000000000093e+03
1.513386999999999944e+03
1.843369999999999891e+03
2.221190000000000055e+03
2.638523999999999887e+03
3.202630000000000109e+03
3.868016000000000076e+03
4.673756000000000313e+03
5.756849000000000160e+03
7.037444000000000415e+03
8.486943999999999505e+03
1.042148899999999958e+04
