1.000000000000000000e+00
1.935999999999999943e+00
2.959999999999999964e+00
3.975999999999999979e+00
5.192000000000000171e+00
7.144000000000000128e+00
8.532000000000000028e+00
1.058000000000000007e+01
1.266799999999999926e+01
1.442800000000000082e+01
1.813599999999999923e+01
2.192399999999999949e+01
2.582799999999999940e+01
3.115200000000000102e+01
3.860000000000000142e+01
4.408800000000000097e+01
5.134400000000000119e+01
5.936800000000000210e+01
7.356799999999999784e+01
9.315999999999999659e+01
1.100400000000000063e+02
1.380800000000000125e+02
1.681479999999999961e+02
1.987520000000000095e+02
2.377359999999999900e+02
2.988079999999999927e+02
3.586480000000000246e+02
4.309279999999999973e+02
5.288479999999999563e+02
6.357799999999999727e+02
7.883519999999999754e+02
8.980960000000000036e+02
1.114612000000000080e+03
1.339584000000000060e+03
1.608571999999999889e+03
1.943327999999999975e+03
2.269623999999999796e+03
2.805608000000000175e+03
3.451503999999999905e+03
4.297648000000000138e+03
5.113015999999999622e+03
5.892652000000000044e+03
7.035188000000000102e+03
8.085600000000000364e+03
9.442799999999999272e+03
