1.000000000000000000e+00
1.887000000000000011e+00
2.974000000000000199e+00
3.970000000000000195e+00
5.027999999999999581e+00
7.144000000000000128e+00
8.032999999999999474e+00
9.907000000000000028e+00
1.186800000000000033e+01
1.393599999999999994e+01
1.654200000000000159e+01
1.944999999999999929e+01
2.296099999999999852e+01
2.789199999999999946e+01
3.420799999999999841e+01
4.095600000000000307e+01
4.904500000000000171e+01
5.871200000000000330e+01
6.924599999999999511e+01
8.632599999999999341e+01
1.052169999999999987e+02
1.276520000000000010e+02
1.565529999999999973e+02
1.876020000000000039e+02
2.233499999999999943e+02
2.713120000000000118e+02
3.257119999999999891e+02
3.905640000000000214e+02
4.686909999999999741e+02
5.845090000000000146e+02
7.164560000000000173e+02
8.733519999999999754e+02
1.061897999999999911e+03
1.238395999999999958e+03
1.538355000000000018e+03
1.874705999999999904e+03
2.242420000000000073e+03
2.718628000000000156e+03
3.301945999999999913e+03
3.880126000000000204e+03
4.632604000000000269e+03
5.573484000000000378e+03
6.757895999999999731e+03
8.389787000000000262e+03
1.020537999999999920e+04
