1.000000000000000000e+00
2.021999999999999797e+00
3.009999999999999787e+00
4.108999999999999986e+00
5.128000000000000114e+00
7.041999999999999815e+00
7.828000000000000291e+00
9.872999999999999332e+00
1.165700000000000003e+01
1.367800000000000082e+01
1.675600000000000023e+01
1.962699999999999889e+01
2.344500000000000028e+01
2.849399999999999977e+01
3.553000000000000114e+01
4.280799999999999983e+01
5.133100000000000307e+01
6.277799999999999869e+01
7.419599999999999795e+01
9.098399999999999466e+01
1.105060000000000002e+02
1.309139999999999873e+02
1.606119999999999948e+02
1.925680000000000121e+02
2.350879999999999939e+02
2.813380000000000223e+02
3.421080000000000041e+02
4.213059999999999832e+02
5.053199999999999932e+02
6.056710000000000491e+02
7.169460000000000264e+02
8.690900000000000318e+02
1.057006000000000085e+03
1.282233999999999924e+03
1.561318999999999960e+03
1.847199000000000069e+03
2.212230000000000018e+03
2.657476000000000113e+03
3.232476000000000113e+03
3.935376000000000204e+03
4.728710000000000036e+03
5.710903000000000247e+03
7.060248999999999796e+03
8.529772999999999229e+03
1.031364400000000023e+04
