1.000000000000000000e+00
1.995999999999999996e+00
3.271999999999999797e+00
4.472000000000000419e+00
5.663999999999999702e+00
8.048000000000000043e+00
9.220000000000000639e+00
1.175999999999999979e+01
1.395199999999999996e+01
1.617999999999999972e+01
1.967200000000000060e+01
2.390800000000000125e+01
2.903999999999999915e+01
3.468800000000000239e+01
4.191599999999999682e+01
4.867999999999999972e+01
5.661599999999999966e+01
7.276800000000000068e+01
8.579200000000000159e+01
9.768800000000000239e+01
1.162999999999999972e+02
1.347920000000000016e+02
1.590600000000000023e+02
1.826719999999999970e+02
2.212560000000000002e+02
2.624239999999999782e+02
3.223679999999999950e+02
3.928079999999999927e+02
4.939560000000000173e+02
5.836760000000000446e+02
7.029080000000000155e+02
8.395359999999999445e+02
1.022755999999999972e+03
1.289960000000000036e+03
1.617892000000000053e+03
1.966895999999999958e+03
2.322208000000000084e+03
2.717039999999999964e+03
3.133831999999999880e+03
3.808320000000000164e+03
4.427984000000000378e+03
5.043931999999999789e+03
6.229703999999999724e+03
7.202404000000000451e+03
8.998288000000000466e+03
