1.000000000000000000e+00
2.020000000000000018e+00
3.064000000000000057e+00
4.091999999999999638e+00
5.240000000000000213e+00
7.639999999999999680e+00
8.747999999999999332e+00
1.044400000000000084e+01
1.309600000000000009e+01
1.545599999999999952e+01
1.866400000000000148e+01
2.189199999999999946e+01
2.576399999999999935e+01
3.092000000000000171e+01
3.835999999999999943e+01
4.629599999999999937e+01
5.490800000000000125e+01
6.256799999999999784e+01
7.458400000000000318e+01
8.917600000000000193e+01
1.037560000000000002e+02
1.207439999999999998e+02
1.417920000000000016e+02
1.740159999999999911e+02
2.123199999999999932e+02
2.546239999999999952e+02
3.112239999999999895e+02
3.685919999999999845e+02
4.550319999999999823e+02
5.317079999999999700e+02
6.519320000000000164e+02
8.224560000000000173e+02
9.927200000000000273e+02
1.219544000000000096e+03
1.447539999999999964e+03
1.723736000000000104e+03
1.985880000000000109e+03
2.430887999999999920e+03
2.868871999999999844e+03
3.503576000000000022e+03
4.366783999999999651e+03
5.503832000000000335e+03
6.738488000000000284e+03
8.101192000000000007e+03
9.370528000000000247e+03
