1.000000000000000000e+00
2.027000000000000135e+00
3.100000000000000089e+00
4.126999999999999780e+00
5.177999999999999936e+00
7.166000000000000369e+00
8.127000000000000668e+00
1.012700000000000067e+01
1.226699999999999946e+01
1.443099999999999916e+01
1.749800000000000111e+01
2.016600000000000037e+01
2.456200000000000117e+01
3.000199999999999889e+01
3.683700000000000330e+01
4.409000000000000341e+01
5.260900000000000176e+01
6.378000000000000114e+01
7.652200000000000557e+01
9.264799999999999613e+01
1.110229999999999961e+02
1.324300000000000068e+02
1.561229999999999905e+02
1.879060000000000059e+02
2.279619999999999891e+02
2.746460000000000150e+02
3.305380000000000109e+02
3.986759999999999877e+02
4.828500000000000227e+02
5.901180000000000518e+02
7.005420000000000300e+02
8.642599999999999909e+02
1.045551999999999907e+03
1.266316000000000031e+03
1.523258000000000038e+03
1.848925999999999931e+03
2.224706000000000131e+03
2.708536000000000058e+03
3.222003999999999905e+03
3.846554000000000087e+03
4.695847999999999956e+03
5.665806999999999789e+03
6.756426000000000386e+03
8.134094000000000051e+03
9.742456000000000131e+03
