1.000000000000000000e+00
2.024000000000000021e+00
2.983999999999999986e+00
4.104000000000000092e+00
5.112000000000000099e+00
7.224000000000000199e+00
8.112000000000000099e+00
1.036800000000000033e+01
1.203599999999999959e+01
1.456000000000000050e+01
1.761599999999999966e+01
2.052799999999999869e+01
2.358800000000000097e+01
2.933599999999999852e+01
3.656400000000000006e+01
4.275200000000000244e+01
5.158400000000000318e+01
6.260000000000000142e+01
7.485599999999999454e+01
9.314400000000000546e+01
1.127759999999999962e+02
1.307839999999999918e+02
1.522280000000000086e+02
1.820639999999999930e+02
2.279759999999999991e+02
2.756240000000000236e+02
3.411840000000000259e+02
4.075199999999999818e+02
5.058279999999999745e+02
6.039880000000000564e+02
7.278319999999999936e+02
8.384640000000000555e+02
9.992640000000000100e+02
1.201248000000000047e+03
1.466099999999999909e+03
1.756044000000000096e+03
2.176168000000000120e+03
2.720472000000000207e+03
3.276271999999999935e+03
3.836447999999999865e+03
4.336015999999999622e+03
5.335623999999999796e+03
6.434036000000000058e+03
7.939760000000000218e+03
9.652811999999999898e+03
