1.000000000000000000e+00
1.903999999999999915e+00
2.903999999999999915e+00
3.911999999999999922e+00
5.024000000000000021e+00
7.519999999999999574e+00
8.551999999999999602e+00
1.046000000000000085e+01
1.259999999999999964e+01
1.485200000000000031e+01
1.922400000000000020e+01
2.301599999999999824e+01
2.838400000000000034e+01
3.289600000000000080e+01
3.953600000000000136e+01
4.630400000000000205e+01
5.542799999999999727e+01
6.971999999999999886e+01
8.355200000000000671e+01
1.025999999999999943e+02
1.204879999999999995e+02
1.500560000000000116e+02
1.808280000000000030e+02
2.211440000000000055e+02
2.603759999999999764e+02
3.076000000000000227e+02
3.681360000000000241e+02
4.353519999999999754e+02
5.041279999999999859e+02
5.970919999999999845e+02
7.298279999999999745e+02
8.998079999999999927e+02
1.110183999999999969e+03
1.332832000000000107e+03
1.540307999999999993e+03
1.791799999999999955e+03
2.150648000000000138e+03
2.737512000000000171e+03
3.427135999999999967e+03
4.113728000000000065e+03
4.823648000000000138e+03
5.665988000000000284e+03
6.601363999999999578e+03
7.869579999999999927e+03
9.540152000000000044e+03
