1.000000000000000000e+00
2.028000000000000025e+00
3.032000000000000028e+00
4.152000000000000135e+00
5.280000000000000249e+00
7.903999999999999915e+00
8.672000000000000597e+00
1.068800000000000061e+01
1.331600000000000072e+01
1.506400000000000006e+01
1.787199999999999989e+01
2.004400000000000048e+01
2.415200000000000102e+01
2.832000000000000028e+01
3.528799999999999670e+01
4.224799999999999756e+01
5.014800000000000324e+01
6.009599999999999653e+01
7.280800000000000693e+01
9.062399999999999523e+01
1.080600000000000023e+02
1.277199999999999989e+02
1.565879999999999939e+02
1.895759999999999934e+02
2.336320000000000050e+02
2.789920000000000186e+02
3.333360000000000127e+02
4.074320000000000164e+02
4.864440000000000168e+02
5.743880000000000337e+02
6.845599999999999454e+02
8.177519999999999527e+02
1.018427999999999997e+03
1.238048000000000002e+03
1.500864000000000033e+03
1.838251999999999953e+03
2.157056000000000040e+03
2.700215999999999894e+03
3.263847999999999956e+03
4.103104000000000269e+03
5.017904000000000451e+03
5.932743999999999687e+03
7.091532000000000153e+03
8.175028000000000247e+03
9.627763999999999214e+03
