1.000000000000000000e+00
1.967000000000000082e+00
2.934000000000000163e+00
3.899000000000000021e+00
5.081999999999999851e+00
7.086000000000000298e+00
7.935999999999999943e+00
1.015799999999999947e+01
1.206199999999999939e+01
1.393399999999999928e+01
1.705000000000000071e+01
2.003999999999999915e+01
2.402599999999999980e+01
2.873400000000000176e+01
3.645600000000000307e+01
4.339600000000000080e+01
5.260499999999999687e+01
6.309799999999999898e+01
7.499800000000000466e+01
9.140399999999999636e+01
1.112780000000000058e+02
1.346299999999999955e+02
1.600140000000000100e+02
1.975140000000000100e+02
2.378640000000000043e+02
2.864139999999999873e+02
3.456039999999999850e+02
4.135240000000000009e+02
4.935330000000000155e+02
6.012690000000000055e+02
7.181200000000000045e+02
8.571520000000000437e+02
1.030233999999999924e+03
1.259837999999999965e+03
1.519660000000000082e+03
1.806907999999999902e+03
2.205692000000000007e+03
2.613980000000000018e+03
3.179954000000000178e+03
3.876431999999999789e+03
4.601576000000000022e+03
5.616192000000000007e+03
6.793801999999999680e+03
8.094635000000000218e+03
9.846727999999999156e+03
