1.000000000000000000e+00
1.967000000000000082e+00
2.922000000000000153e+00
3.912999999999999812e+00
5.001999999999999780e+00
6.873999999999999666e+00
7.842999999999999972e+00
1.009900000000000020e+01
1.198099999999999987e+01
1.391699999999999982e+01
1.687999999999999901e+01
1.994900000000000162e+01
2.357400000000000162e+01
2.870599999999999952e+01
3.544200000000000017e+01
4.267000000000000171e+01
5.078999999999999915e+01
5.973400000000000176e+01
7.113200000000000500e+01
8.748999999999999488e+01
1.054210000000000065e+02
1.298760000000000048e+02
1.610459999999999923e+02
1.952359999999999900e+02
2.363559999999999945e+02
2.868319999999999936e+02
3.473679999999999950e+02
4.206179999999999950e+02
5.192870000000000346e+02
6.187240000000000464e+02
7.430339999999999918e+02
8.995460000000000491e+02
1.080622000000000071e+03
1.276491999999999962e+03
1.535588999999999942e+03
1.854344000000000051e+03
2.259358000000000175e+03
2.749692000000000007e+03
3.241791999999999916e+03
3.921954000000000178e+03
4.743021999999999935e+03
5.848400999999999840e+03
7.076340000000000146e+03
8.666915000000000873e+03
1.044416200000000026e+04
