1.000000000000000000e+00
1.985000000000000098e+00
3.068000000000000060e+00
4.144999999999999574e+00
5.261999999999999567e+00
7.386000000000000121e+00
8.429000000000000270e+00
1.040199999999999925e+01
1.218599999999999994e+01
1.394999999999999929e+01
1.707400000000000162e+01
1.946999999999999886e+01
2.289900000000000091e+01
2.721600000000000108e+01
3.400200000000000244e+01
4.085600000000000165e+01
4.949399999999999977e+01
6.072399999999999665e+01
7.273600000000000421e+01
9.062399999999999523e+01
1.079680000000000035e+02
1.311359999999999957e+02
1.544790000000000134e+02
1.864720000000000084e+02
2.292680000000000007e+02
2.786259999999999764e+02
3.352300000000000182e+02
4.021920000000000073e+02
4.901779999999999973e+02
5.962110000000000127e+02
7.153099999999999454e+02
8.586399999999999864e+02
1.047894999999999982e+03
1.264731999999999971e+03
1.535490000000000009e+03
1.807174999999999955e+03
2.205635999999999967e+03
2.600878000000000156e+03
3.199297999999999774e+03
3.830715999999999894e+03
4.625623999999999796e+03
5.632140999999999622e+03
6.747940999999999804e+03
8.019533999999999651e+03
9.806981999999999971e+03
