1.000000000000000000e+00
2.023000000000000131e+00
3.181999999999999940e+00
4.115000000000000213e+00
5.166000000000000369e+00
7.250000000000000000e+00
8.272999999999999687e+00
1.029100000000000037e+01
1.255599999999999916e+01
1.453700000000000081e+01
1.700600000000000023e+01
1.971699999999999875e+01
2.343799999999999883e+01
2.809799999999999898e+01
3.411699999999999733e+01
4.042000000000000171e+01
4.910999999999999943e+01
5.847200000000000131e+01
6.917400000000000659e+01
8.614199999999999591e+01
1.042860000000000014e+02
1.291279999999999859e+02
1.591879999999999882e+02
1.940500000000000114e+02
2.301819999999999879e+02
2.739420000000000073e+02
3.308580000000000041e+02
3.922320000000000277e+02
4.861490000000000009e+02
5.908640000000000327e+02
7.023060000000000400e+02
8.499819999999999709e+02
1.037039999999999964e+03
1.262453999999999951e+03
1.493238000000000056e+03
1.812530999999999949e+03
2.157742000000000189e+03
2.626382000000000062e+03
3.237085999999999785e+03
3.967396000000000186e+03
4.844082000000000335e+03
5.715604000000000269e+03
6.762336000000000240e+03
8.086921000000000276e+03
1.010597799999999916e+04
