1.000000000000000000e+00
1.949000000000000066e+00
3.180000000000000160e+00
4.290000000000000036e+00
5.477999999999999758e+00
7.639999999999999680e+00
8.414999999999999147e+00
1.034800000000000075e+01
1.197000000000000064e+01
1.331900000000000084e+01
1.531600000000000072e+01
1.675199999999999889e+01
1.889000000000000057e+01
2.178399999999999892e+01
2.515800000000000125e+01
2.834400000000000119e+01
3.220700000000000074e+01
3.715599999999999881e+01
4.254599999999999937e+01
5.006199999999999761e+01
5.972699999999999676e+01
7.042600000000000193e+01
8.504300000000000637e+01
1.080999999999999943e+02
1.357419999999999902e+02
1.674799999999999898e+02
2.052199999999999989e+02
2.583399999999999750e+02
3.202500000000000000e+02
3.919390000000000214e+02
4.768639999999999759e+02
5.933659999999999854e+02
7.270860000000000127e+02
9.036299999999999955e+02
1.116682999999999993e+03
1.403496000000000095e+03
1.783415999999999940e+03
2.248603999999999814e+03
2.811483999999999924e+03
3.428612000000000080e+03
4.177094000000000051e+03
5.239021999999999935e+03
6.475250000000000000e+03
8.136738000000000284e+03
9.923288000000000466e+03
