1.000000000000000000e+00
1.931000000000000050e+00
2.951999999999999957e+00
4.016000000000000014e+00
5.161999999999999922e+00
7.256000000000000227e+00
8.263999999999999346e+00
1.024799999999999933e+01
1.232699999999999996e+01
1.413199999999999967e+01
1.683399999999999963e+01
1.992099999999999937e+01
2.398199999999999932e+01
2.933599999999999852e+01
3.579800000000000182e+01
4.278000000000000114e+01
5.167199999999999704e+01
6.345799999999999841e+01
7.457999999999999829e+01
9.235800000000000409e+01
1.124389999999999930e+02
1.371839999999999975e+02
1.638389999999999986e+02
1.979840000000000089e+02
2.402580000000000098e+02
2.920319999999999823e+02
3.439379999999999882e+02
4.191580000000000155e+02
4.967719999999999914e+02
5.871589999999999918e+02
7.149850000000000136e+02
8.692119999999999891e+02
1.040464999999999918e+03
1.248587999999999965e+03
1.495517000000000053e+03
1.813005000000000109e+03
2.187391999999999825e+03
2.659077999999999975e+03
3.223887999999999920e+03
3.831650000000000091e+03
4.519492000000000189e+03
5.363173999999999978e+03
6.521925000000000182e+03
8.035578999999999724e+03
9.743811999999999898e+03
