1.000000000000000000e+00
2.048000000000000043e+00
3.096000000000000085e+00
3.899999999999999911e+00
4.687999999999999723e+00
6.639999999999999680e+00
7.443999999999999950e+00
9.208000000000000185e+00
1.083600000000000030e+01
1.256799999999999962e+01
1.584800000000000075e+01
1.940399999999999991e+01
2.412399999999999878e+01
2.967999999999999972e+01
3.780799999999999983e+01
4.369599999999999795e+01
5.381600000000000250e+01
6.628000000000000114e+01
7.829600000000000648e+01
9.308799999999999386e+01
1.132639999999999958e+02
1.308959999999999866e+02
1.603760000000000048e+02
2.009439999999999884e+02
2.499919999999999902e+02
2.858639999999999759e+02
3.412959999999999923e+02
4.436320000000000050e+02
5.475720000000000027e+02
6.388920000000000528e+02
7.287279999999999518e+02
8.568640000000000327e+02
1.029423999999999978e+03
1.179384000000000015e+03
1.374435999999999922e+03
1.726380000000000109e+03
2.092960000000000036e+03
2.564463999999999942e+03
3.071936000000000149e+03
3.669936000000000149e+03
4.466199999999999818e+03
5.611032000000000153e+03
6.720072000000000116e+03
8.068136000000000422e+03
9.962852000000000771e+03
