1.000000000000000000e+00
1.985999999999999988e+00
2.910000000000000142e+00
3.906000000000000139e+00
5.059999999999999609e+00
6.926000000000000156e+00
7.756000000000000227e+00
9.721000000000000085e+00
1.174200000000000088e+01
1.399499999999999922e+01
1.674800000000000111e+01
2.017500000000000071e+01
2.434400000000000119e+01
2.955000000000000071e+01
3.742799999999999727e+01
4.353000000000000114e+01
5.219299999999999784e+01
6.149399999999999977e+01
7.470600000000000307e+01
8.940800000000000125e+01
1.081320000000000050e+02
1.321560000000000059e+02
1.556390000000000100e+02
1.908940000000000055e+02
2.325819999999999936e+02
2.838940000000000055e+02
3.493260000000000218e+02
4.171800000000000068e+02
5.004759999999999991e+02
5.942519999999999527e+02
7.298289999999999509e+02
8.649439999999999600e+02
1.058765000000000100e+03
1.248761999999999944e+03
1.519911000000000058e+03
1.833250000000000000e+03
2.258847999999999956e+03
2.643936000000000149e+03
3.206231999999999971e+03
3.858315999999999804e+03
4.592462000000000444e+03
5.595335000000000036e+03
6.818117000000000189e+03
8.187956000000000131e+03
9.818072000000000116e+03
