1.000000000000000000e+00
1.931999999999999940e+00
3.032000000000000028e+00
4.024000000000000021e+00
5.248000000000000220e+00
7.392000000000000348e+00
8.256000000000000227e+00
1.054800000000000004e+01
1.280799999999999983e+01
1.590000000000000036e+01
1.896000000000000085e+01
2.276800000000000068e+01
2.685999999999999943e+01
3.067999999999999972e+01
3.916799999999999926e+01
4.628000000000000114e+01
5.580799999999999983e+01
6.892799999999999727e+01
7.912800000000000011e+01
9.417600000000000193e+01
1.132279999999999944e+02
1.360159999999999911e+02
1.654319999999999879e+02
1.981359999999999957e+02
2.364399999999999977e+02
2.841200000000000045e+02
3.353120000000000118e+02
4.088799999999999955e+02
4.902080000000000268e+02
5.824560000000000173e+02
6.826799999999999500e+02
7.922319999999999709e+02
9.617759999999999536e+02
1.173104000000000042e+03
1.393276000000000067e+03
1.699955999999999904e+03
2.060760000000000218e+03
2.675032000000000153e+03
3.198463999999999942e+03
3.968487999999999829e+03
4.886511999999999716e+03
5.733764000000000124e+03
6.650880000000000109e+03
8.118876000000000204e+03
9.912316000000000713e+03
