1.000000000000000000e+00
1.957999999999999963e+00
3.056000000000000050e+00
4.107000000000000206e+00
5.112000000000000099e+00
7.081999999999999851e+00
8.122999999999999332e+00
1.000000000000000000e+01
1.183399999999999963e+01
1.373000000000000043e+01
1.708999999999999986e+01
1.992200000000000060e+01
2.368599999999999994e+01
2.731599999999999895e+01
3.326700000000000301e+01
3.849600000000000222e+01
4.763100000000000023e+01
5.775200000000000244e+01
6.900600000000000023e+01
8.482399999999999807e+01
1.034150000000000063e+02
1.266560000000000059e+02
1.541519999999999868e+02
1.887199999999999989e+02
2.294039999999999964e+02
2.719479999999999791e+02
3.293120000000000118e+02
4.011320000000000050e+02
4.807479999999999905e+02
5.834990000000000236e+02
7.001970000000000027e+02
8.633360000000000127e+02
1.034137999999999920e+03
1.268031999999999925e+03
1.501375999999999976e+03
1.859377999999999929e+03
2.231018000000000029e+03
2.696981999999999971e+03
3.271291999999999916e+03
3.885362000000000080e+03
4.615953999999999724e+03
5.572360999999999876e+03
6.658702000000000226e+03
8.153971999999999753e+03
9.737593999999999141e+03
