1.000000000000000000e+00
1.907999999999999918e+00
2.943999999999999950e+00
4.072000000000000064e+00
5.128000000000000114e+00
7.152000000000000135e+00
8.012000000000000455e+00
9.692000000000000171e+00
1.208000000000000007e+01
1.401999999999999957e+01
1.725600000000000023e+01
1.961199999999999832e+01
2.390399999999999991e+01
2.846399999999999864e+01
3.363199999999999790e+01
3.948799999999999955e+01
4.935600000000000165e+01
5.886399999999999721e+01
6.698399999999999466e+01
8.300000000000000000e+01
9.846800000000000352e+01
1.245439999999999969e+02
1.505800000000000125e+02
1.930879999999999939e+02
2.361279999999999859e+02
2.928639999999999759e+02
3.453039999999999736e+02
4.226800000000000068e+02
5.019879999999999995e+02
5.987319999999999709e+02
7.133360000000000127e+02
8.782720000000000482e+02
1.055163999999999987e+03
1.266463999999999942e+03
1.491511999999999944e+03
1.785023999999999887e+03
2.206751999999999953e+03
2.781568000000000211e+03
3.246384000000000015e+03
4.052431999999999789e+03
4.801536000000000058e+03
5.679452000000000226e+03
7.122520000000000437e+03
8.592564000000000306e+03
1.024618800000000010e+04
