1.000000000000000000e+00
1.949999999999999956e+00
3.041999999999999815e+00
4.110000000000000320e+00
5.089999999999999858e+00
6.996000000000000441e+00
8.156000000000000583e+00
1.002800000000000047e+01
1.196499999999999986e+01
1.398600000000000065e+01
1.695599999999999952e+01
1.983999999999999986e+01
2.360500000000000043e+01
2.812800000000000011e+01
3.371300000000000097e+01
4.056199999999999761e+01
5.082699999999999818e+01
6.279599999999999937e+01
7.566599999999999682e+01
9.286199999999999477e+01
1.142819999999999965e+02
1.374600000000000080e+02
1.675180000000000007e+02
1.979660000000000082e+02
2.340140000000000100e+02
2.817339999999999804e+02
3.359959999999999809e+02
4.038980000000000246e+02
4.947210000000000036e+02
6.097780000000000200e+02
7.598210000000000264e+02
9.237680000000000291e+02
1.118929000000000087e+03
1.359155999999999949e+03
1.598338999999999942e+03
1.909528999999999996e+03
2.293434000000000196e+03
2.773976000000000113e+03
3.355688000000000102e+03
4.092643999999999778e+03
4.952666000000000167e+03
5.915819999999999709e+03
7.133244999999999891e+03
8.714101000000000568e+03
1.037261700000000019e+04
