1.000000000000000000e+00
2.000999999999999890e+00
2.970000000000000195e+00
4.038000000000000256e+00
5.134000000000000341e+00
7.288000000000000256e+00
8.266999999999999460e+00
1.034299999999999997e+01
1.258500000000000085e+01
1.452699999999999925e+01
1.781200000000000117e+01
2.086700000000000088e+01
2.500300000000000011e+01
2.978999999999999915e+01
3.761699999999999733e+01
4.436399999999999721e+01
5.259300000000000352e+01
6.504800000000000182e+01
7.662999999999999545e+01
9.382599999999999341e+01
1.135870000000000033e+02
1.372700000000000102e+02
1.638810000000000002e+02
1.972700000000000102e+02
2.377719999999999914e+02
2.833980000000000246e+02
3.408340000000000032e+02
4.067180000000000177e+02
4.813279999999999745e+02
5.980270000000000437e+02
7.305220000000000482e+02
8.882920000000000300e+02
1.093046000000000049e+03
1.298178000000000111e+03
1.544156999999999925e+03
1.875906999999999925e+03
2.257190000000000055e+03
2.740213999999999942e+03
3.407657999999999902e+03
4.053713999999999942e+03
4.996886000000000422e+03
6.022097999999999956e+03
7.160773000000000138e+03
8.545497999999999593e+03
1.056977700000000004e+04
