1.000000000000000000e+00
1.961000000000000076e+00
3.201999999999999957e+00
4.250000000000000000e+00
5.296000000000000263e+00
7.024000000000000021e+00
7.834999999999999964e+00
9.414999999999999147e+00
1.083300000000000018e+01
1.217800000000000082e+01
1.415199999999999925e+01
1.633599999999999852e+01
1.863899999999999935e+01
2.142800000000000082e+01
2.571699999999999875e+01
2.944800000000000040e+01
3.490999999999999659e+01
3.923599999999999710e+01
4.503600000000000136e+01
5.316199999999999903e+01
6.141100000000000136e+01
7.395199999999999818e+01
9.314600000000000080e+01
1.147860000000000014e+02
1.403079999999999927e+02
1.736220000000000141e+02
2.123120000000000118e+02
2.547719999999999914e+02
3.102620000000000005e+02
3.828600000000000136e+02
4.687300000000000182e+02
5.825480000000000018e+02
7.378110000000000355e+02
9.173379999999999654e+02
1.133906999999999925e+03
1.401194999999999936e+03
1.830188000000000102e+03
2.305077999999999975e+03
2.893248000000000047e+03
3.608539999999999964e+03
4.488845999999999549e+03
5.502100000000000364e+03
6.646440999999999804e+03
7.981064000000000306e+03
9.672550999999999476e+03
