1.000000000000000000e+00
1.979999999999999982e+00
3.008000000000000007e+00
4.049000000000000377e+00
5.089999999999999858e+00
7.017999999999999794e+00
7.907000000000000028e+00
9.804000000000000270e+00
1.175200000000000067e+01
1.363799999999999990e+01
1.651000000000000156e+01
1.930699999999999861e+01
2.335800000000000054e+01
2.808399999999999963e+01
3.438300000000000267e+01
4.138600000000000279e+01
5.014099999999999824e+01
6.106400000000000006e+01
7.350199999999999534e+01
9.160999999999999943e+01
1.085810000000000031e+02
1.331620000000000061e+02
1.590060000000000002e+02
1.952839999999999918e+02
2.303959999999999866e+02
2.786840000000000259e+02
3.414820000000000277e+02
4.000720000000000027e+02
4.840230000000000246e+02
5.853339999999999463e+02
7.104850000000000136e+02
8.453079999999999927e+02
1.034704999999999927e+03
1.247410000000000082e+03
1.531701999999999998e+03
1.849541999999999916e+03
2.215273999999999887e+03
2.709556000000000040e+03
3.212416000000000167e+03
3.815452000000000226e+03
4.710105999999999767e+03
5.839828999999999724e+03
7.103219000000000051e+03
8.531088999999999942e+03
1.023760200000000077e+04
