1.000000000000000000e+00
2.032000000000000028e+00
3.097999999999999865e+00
4.147999999999999687e+00
5.184000000000000163e+00
7.312000000000000277e+00
8.343999999999999417e+00
1.029899999999999949e+01
1.224200000000000088e+01
1.451399999999999935e+01
1.741600000000000037e+01
1.998900000000000077e+01
2.378399999999999892e+01
2.942200000000000060e+01
3.624600000000000222e+01
4.290599999999999881e+01
5.185099999999999909e+01
6.319400000000000261e+01
7.623600000000000421e+01
9.422799999999999443e+01
1.149899999999999949e+02
1.351140000000000043e+02
1.627690000000000055e+02
1.926719999999999970e+02
2.300159999999999911e+02
2.794340000000000259e+02
3.390360000000000014e+02
4.114100000000000250e+02
5.069859999999999900e+02
6.178949999999999818e+02
7.449790000000000418e+02
8.814260000000000446e+02
1.065101000000000113e+03
1.275405999999999949e+03
1.519666999999999916e+03
1.830066000000000031e+03
2.229523999999999887e+03
2.651224000000000160e+03
3.175610000000000127e+03
3.764867999999999938e+03
4.596229999999999563e+03
5.579295000000000073e+03
6.803804000000000087e+03
8.198766999999999825e+03
9.963550999999999476e+03
