1.000000000000000000e+00
1.987999999999999989e+00
3.311999999999999833e+00
4.511999999999999567e+00
5.791999999999999815e+00
8.535999999999999588e+00
9.695999999999999730e+00
1.240000000000000036e+01
1.494800000000000040e+01
1.722800000000000153e+01
2.110399999999999920e+01
2.431200000000000117e+01
2.990800000000000125e+01
3.574399999999999977e+01
4.449199999999999733e+01
5.012800000000000011e+01
5.925600000000000023e+01
7.018399999999999750e+01
8.752800000000000580e+01
1.023919999999999959e+02
1.207000000000000028e+02
1.464639999999999986e+02
1.632400000000000091e+02
1.825999999999999943e+02
2.210639999999999930e+02
2.537520000000000095e+02
3.117919999999999732e+02
3.703120000000000118e+02
4.667880000000000109e+02
5.838680000000000518e+02
7.245839999999999463e+02
8.652799999999999727e+02
1.074799999999999955e+03
1.258991999999999962e+03
1.464400000000000091e+03
1.724503999999999905e+03
2.101231999999999971e+03
2.709735999999999876e+03
3.107831999999999880e+03
3.661175999999999931e+03
4.525152000000000044e+03
5.451847999999999956e+03
6.656908000000000357e+03
8.414639999999999418e+03
9.908664000000000669e+03
