1.000000000000000000e+00
1.955999999999999961e+00
3.128000000000000114e+00
4.451999999999999957e+00
5.591999999999999638e+00
7.879999999999999893e+00
8.960000000000000853e+00
1.085999999999999943e+01
1.278800000000000026e+01
1.575200000000000067e+01
1.947200000000000131e+01
2.251200000000000045e+01
2.702400000000000091e+01
3.252000000000000313e+01
4.002400000000000091e+01
4.679999999999999716e+01
5.675200000000000244e+01
6.960800000000000409e+01
8.171200000000000330e+01
9.564000000000000057e+01
1.152480000000000047e+02
1.433760000000000048e+02
1.687400000000000091e+02
1.960000000000000000e+02
2.275200000000000102e+02
2.760160000000000196e+02
3.429359999999999786e+02
4.031039999999999850e+02
5.021639999999999873e+02
5.994239999999999782e+02
7.138920000000000528e+02
8.594719999999999800e+02
1.070647999999999911e+03
1.292784000000000106e+03
1.645996000000000095e+03
1.930268000000000029e+03
2.348016000000000076e+03
2.789552000000000135e+03
3.159735999999999876e+03
3.855615999999999985e+03
4.776520000000000437e+03
5.872439999999999600e+03
6.910416000000000167e+03
8.324108000000000175e+03
1.025195600000000013e+04
