1.000000000000000000e+00
1.963000000000000078e+00
3.173999999999999932e+00
4.198000000000000398e+00
5.386000000000000121e+00
7.368000000000000327e+00
8.321999999999999176e+00
1.005400000000000027e+01
1.164199999999999946e+01
1.286800000000000033e+01
1.510200000000000031e+01
1.742000000000000171e+01
2.021499999999999986e+01
2.319200000000000017e+01
2.682300000000000040e+01
3.097800000000000153e+01
3.501599999999999824e+01
4.077799999999999869e+01
4.681199999999999761e+01
5.607999999999999829e+01
6.610899999999999466e+01
7.673799999999999955e+01
9.293899999999999295e+01
1.148119999999999976e+02
1.391200000000000045e+02
1.665560000000000116e+02
2.069039999999999964e+02
2.549279999999999973e+02
3.118820000000000050e+02
3.816150000000000091e+02
4.673389999999999986e+02
5.832580000000000382e+02
7.195729999999999791e+02
9.148360000000000127e+02
1.144275000000000091e+03
1.428931000000000040e+03
1.797849999999999909e+03
2.295500000000000000e+03
2.838079999999999927e+03
3.582166000000000167e+03
4.477634000000000015e+03
5.417244999999999891e+03
6.605659999999999854e+03
8.168087999999999738e+03
9.857367000000000189e+03
