1.000000000000000000e+00
2.048000000000000043e+00
3.024000000000000021e+00
4.243999999999999773e+00
5.639999999999999680e+00
8.039999999999999147e+00
9.103999999999999204e+00
1.180799999999999983e+01
1.443599999999999994e+01
1.712800000000000011e+01
2.061599999999999966e+01
2.401599999999999824e+01
2.695200000000000173e+01
3.211200000000000188e+01
3.931600000000000250e+01
4.567999999999999972e+01
5.292799999999999727e+01
6.018399999999999750e+01
6.717600000000000193e+01
7.525600000000000023e+01
8.238400000000000034e+01
9.436799999999999500e+01
1.050319999999999965e+02
1.242720000000000056e+02
1.471680000000000064e+02
1.695360000000000014e+02
2.035759999999999934e+02
2.420800000000000125e+02
2.758679999999999950e+02
3.191399999999999864e+02
4.056480000000000246e+02
4.940079999999999814e+02
5.874800000000000182e+02
6.766720000000000255e+02
7.990119999999999436e+02
1.055968000000000075e+03
1.325855999999999995e+03
1.666167999999999893e+03
2.090664000000000215e+03
2.450543999999999869e+03
2.867255999999999858e+03
3.588599999999999909e+03
4.375619999999999891e+03
5.360931999999999789e+03
6.968520000000000437e+03
