1.000000000000000000e+00
1.907999999999999918e+00
3.072000000000000064e+00
4.080000000000000071e+00
5.000000000000000000e+00
7.240000000000000213e+00
8.503999999999999559e+00
1.077200000000000024e+01
1.283200000000000074e+01
1.482399999999999984e+01
1.828000000000000114e+01
2.187999999999999901e+01
2.602799999999999869e+01
3.102400000000000091e+01
3.628799999999999670e+01
4.343200000000000216e+01
5.138000000000000256e+01
6.288000000000000256e+01
7.238400000000000034e+01
8.602400000000000091e+01
1.042879999999999967e+02
1.245600000000000023e+02
1.570920000000000130e+02
1.885120000000000005e+02
2.239919999999999902e+02
2.561440000000000055e+02
3.115760000000000218e+02
3.719039999999999964e+02
4.457040000000000077e+02
5.323640000000000327e+02
6.449400000000000546e+02
7.731760000000000446e+02
9.486920000000000073e+02
1.203872000000000071e+03
1.472556000000000040e+03
1.868008000000000038e+03
2.258983999999999924e+03
2.731344000000000051e+03
3.361976000000000113e+03
4.148720000000000255e+03
5.023319999999999709e+03
5.799547999999999774e+03
6.708876000000000204e+03
8.418979999999999563e+03
1.027050400000000081e+04
