1.000000000000000000e+00
2.028000000000000025e+00
2.958000000000000185e+00
4.025999999999999801e+00
4.897999999999999687e+00
6.839999999999999858e+00
7.881000000000000227e+00
9.820000000000000284e+00
1.169500000000000028e+01
1.388799999999999990e+01
1.693799999999999883e+01
2.011400000000000077e+01
2.430099999999999838e+01
2.951999999999999957e+01
3.662400000000000233e+01
4.428199999999999648e+01
5.283800000000000097e+01
6.188600000000000279e+01
7.297599999999999909e+01
8.938599999999999568e+01
1.080199999999999960e+02
1.323600000000000136e+02
1.615730000000000075e+02
1.947280000000000086e+02
2.277100000000000080e+02
2.782579999999999814e+02
3.407040000000000077e+02
4.052019999999999982e+02
4.870249999999999773e+02
5.845019999999999527e+02
7.232409999999999854e+02
8.649919999999999618e+02
1.033182999999999993e+03
1.241084000000000060e+03
1.517734999999999900e+03
1.869567000000000007e+03
2.274326000000000022e+03
2.684588000000000193e+03
3.294989999999999782e+03
4.040088000000000193e+03
4.817011999999999716e+03
5.812771999999999935e+03
6.993173999999999978e+03
8.336400999999999840e+03
9.973456000000000131e+03
