1.000000000000000000e+00
2.032000000000000028e+00
2.975999999999999979e+00
4.080000000000000071e+00
5.511999999999999567e+00
8.016000000000000014e+00
9.071999999999999176e+00
1.129199999999999982e+01
1.396000000000000085e+01
1.639199999999999946e+01
1.947200000000000131e+01
2.228399999999999892e+01
2.763599999999999923e+01
3.200800000000000267e+01
3.954800000000000182e+01
4.652000000000000313e+01
5.918399999999999750e+01
7.012000000000000455e+01
8.254399999999999693e+01
9.937600000000000477e+01
1.177399999999999949e+02
1.394720000000000084e+02
1.646440000000000055e+02
2.020000000000000000e+02
2.306160000000000139e+02
2.789759999999999991e+02
3.396320000000000050e+02
3.876320000000000050e+02
4.781360000000000241e+02
5.758799999999999955e+02
7.168479999999999563e+02
8.899759999999999991e+02
1.048723999999999933e+03
1.239968000000000075e+03
1.446407999999999902e+03
1.754067999999999984e+03
2.170311999999999898e+03
2.712168000000000120e+03
3.314768000000000029e+03
4.074871999999999844e+03
4.850207999999999629e+03
5.749408000000000357e+03
7.275024000000000342e+03
8.603224000000000160e+03
1.071578000000000065e+04
