1.000000000000000000e+00
2.068000000000000060e+00
3.271999999999999797e+00
4.376000000000000334e+00
5.503999999999999559e+00
8.160000000000000142e+00
9.272000000000000242e+00
1.104800000000000004e+01
1.308799999999999919e+01
1.519599999999999973e+01
1.904799999999999827e+01
2.267999999999999972e+01
2.757199999999999918e+01
3.364000000000000057e+01
3.972800000000000153e+01
4.782399999999999807e+01
5.550800000000000267e+01
6.867199999999999704e+01
7.684000000000000341e+01
8.706399999999999295e+01
1.079839999999999947e+02
1.329279999999999973e+02
1.676040000000000134e+02
2.014159999999999968e+02
2.393040000000000020e+02
2.863039999999999736e+02
3.340799999999999841e+02
4.035360000000000014e+02
4.841840000000000259e+02
5.881760000000000446e+02
7.147319999999999709e+02
8.770480000000000018e+02
1.046167999999999893e+03
1.279887999999999920e+03
1.551976000000000113e+03
1.850084000000000060e+03
2.153000000000000000e+03
2.614871999999999844e+03
3.033496000000000095e+03
3.729496000000000095e+03
4.489960000000000036e+03
5.476000000000000000e+03
6.757623999999999796e+03
7.963283999999999651e+03
9.748808000000000902e+03
