1.000000000000000000e+00
2.000000000000000000e+00
3.383999999999999897e+00
4.671999999999999709e+00
5.807999999999999829e+00
8.247999999999999332e+00
9.236000000000000654e+00
1.185200000000000031e+01
1.446799999999999997e+01
1.667200000000000060e+01
1.944800000000000040e+01
2.300799999999999912e+01
2.616400000000000148e+01
3.190399999999999991e+01
3.645600000000000307e+01
4.270400000000000063e+01
4.970799999999999841e+01
5.735999999999999943e+01
6.535200000000000387e+01
7.765600000000000591e+01
8.622799999999999443e+01
9.610399999999999920e+01
1.109839999999999947e+02
1.263520000000000039e+02
1.401920000000000073e+02
1.639199999999999875e+02
1.957199999999999989e+02
2.288959999999999866e+02
2.683679999999999950e+02
3.542559999999999718e+02
4.345240000000000009e+02
5.358400000000000318e+02
6.749439999999999600e+02
7.910320000000000391e+02
9.737920000000000300e+02
1.139900000000000091e+03
1.291016000000000076e+03
1.572776000000000067e+03
1.994471999999999980e+03
2.400960000000000036e+03
3.044295999999999822e+03
3.790400000000000091e+03
4.641112000000000080e+03
5.873667999999999665e+03
7.782024000000000342e+03
