1.000000000000000000e+00
1.983000000000000096e+00
2.987999999999999989e+00
4.014999999999999680e+00
5.038000000000000256e+00
7.261999999999999567e+00
8.255000000000000782e+00
1.029499999999999993e+01
1.226999999999999957e+01
1.414600000000000080e+01
1.727400000000000091e+01
2.056500000000000128e+01
2.425499999999999901e+01
2.979599999999999937e+01
3.755599999999999739e+01
4.494800000000000040e+01
5.335099999999999909e+01
6.321600000000000108e+01
7.698199999999999932e+01
9.407999999999999829e+01
1.134939999999999998e+02
1.364919999999999902e+02
1.652290000000000134e+02
2.031539999999999964e+02
2.476839999999999975e+02
2.962160000000000082e+02
3.578439999999999941e+02
4.242219999999999800e+02
4.979460000000000264e+02
5.964089999999999918e+02
7.306889999999999645e+02
8.827300000000000182e+02
1.067915999999999940e+03
1.290410000000000082e+03
1.551330999999999904e+03
1.858059999999999945e+03
2.217561999999999898e+03
2.648077999999999975e+03
3.167164000000000215e+03
3.907184000000000196e+03
4.659847999999999956e+03
5.506358000000000175e+03
6.742806999999999789e+03
8.177649999999999636e+03
1.009339999999999964e+04
