1.000000000000000000e+00
1.983999999999999986e+00
3.040000000000000036e+00
3.955999999999999961e+00
5.024000000000000021e+00
6.879999999999999893e+00
8.067999999999999616e+00
9.615999999999999659e+00
1.162400000000000055e+01
1.383200000000000074e+01
1.718400000000000105e+01
2.086400000000000077e+01
2.554799999999999827e+01
3.087199999999999989e+01
3.863199999999999790e+01
4.539200000000000301e+01
5.320400000000000063e+01
6.275999999999999801e+01
7.471200000000000330e+01
9.242400000000000659e+01
1.117000000000000028e+02
1.357760000000000105e+02
1.676959999999999980e+02
1.989759999999999991e+02
2.320879999999999939e+02
2.756879999999999882e+02
3.212559999999999718e+02
3.781840000000000259e+02
4.547760000000000105e+02
5.816119999999999663e+02
7.258920000000000528e+02
8.824320000000000164e+02
1.076296000000000049e+03
1.323167999999999893e+03
1.627463999999999942e+03
2.019604000000000042e+03
2.410864000000000033e+03
2.881864000000000033e+03
3.656847999999999956e+03
4.452680000000000291e+03
5.241536000000000058e+03
6.245220000000000255e+03
7.491264000000000124e+03
8.689247999999999593e+03
1.011183200000000033e+04
