1.000000000000000000e+00
1.899999999999999911e+00
3.016000000000000014e+00
4.147999999999999687e+00
5.360000000000000320e+00
8.055999999999999162e+00
9.167999999999999261e+00
1.151200000000000045e+01
1.385200000000000031e+01
1.662000000000000099e+01
2.053600000000000136e+01
2.253600000000000136e+01
2.736799999999999855e+01
3.160000000000000142e+01
3.780799999999999983e+01
4.697599999999999909e+01
5.340400000000000347e+01
6.212800000000000011e+01
7.085599999999999454e+01
8.325600000000000023e+01
9.237999999999999545e+01
1.050639999999999930e+02
1.219159999999999968e+02
1.427680000000000007e+02
1.649840000000000089e+02
1.931200000000000045e+02
2.333679999999999950e+02
2.743519999999999754e+02
3.379359999999999786e+02
4.045400000000000205e+02
4.948919999999999959e+02
6.001200000000000045e+02
7.493640000000000327e+02
9.153360000000000127e+02
1.131864000000000033e+03
1.374500000000000000e+03
1.582496000000000095e+03
1.796248000000000047e+03
2.275952000000000226e+03
2.814112000000000080e+03
3.661864000000000033e+03
4.507811999999999898e+03
5.466095999999999549e+03
6.964996000000000095e+03
8.620495999999999185e+03
