1.000000000000000000e+00
2.021999999999999797e+00
2.947999999999999954e+00
3.946000000000000174e+00
5.064000000000000057e+00
7.057999999999999829e+00
8.173000000000000043e+00
1.002800000000000047e+01
1.201900000000000013e+01
1.401900000000000013e+01
1.673400000000000176e+01
1.960200000000000031e+01
2.376800000000000068e+01
2.891000000000000014e+01
3.535300000000000153e+01
4.169200000000000017e+01
5.215800000000000125e+01
6.300600000000000023e+01
7.510999999999999943e+01
9.118999999999999773e+01
1.099260000000000019e+02
1.325579999999999927e+02
1.566490000000000009e+02
1.892520000000000095e+02
2.296779999999999973e+02
2.802320000000000277e+02
3.469399999999999977e+02
4.246000000000000227e+02
5.036220000000000141e+02
6.078569999999999709e+02
7.258619999999999663e+02
8.815639999999999645e+02
1.064531999999999925e+03
1.302660000000000082e+03
1.568580999999999904e+03
1.861345000000000027e+03
2.253541999999999916e+03
2.751538000000000011e+03
3.413784000000000106e+03
4.017393999999999778e+03
4.877565999999999804e+03
5.912578000000000429e+03
6.953262999999999920e+03
8.485351000000000568e+03
1.017052299999999923e+04
