1.000000000000000000e+00
1.989999999999999991e+00
3.173999999999999932e+00
4.142000000000000348e+00
5.233999999999999986e+00
7.123999999999999666e+00
8.044999999999999929e+00
9.689999999999999503e+00
1.114700000000000024e+01
1.269599999999999973e+01
1.444999999999999929e+01
1.623300000000000054e+01
1.915700000000000003e+01
2.184400000000000119e+01
2.471300000000000097e+01
2.814799999999999969e+01
3.229399999999999693e+01
3.691199999999999903e+01
4.169200000000000017e+01
4.961200000000000188e+01
5.708500000000000085e+01
6.769400000000000261e+01
8.513200000000000500e+01
1.014819999999999993e+02
1.230199999999999960e+02
1.520660000000000025e+02
1.957319999999999993e+02
2.432359999999999900e+02
3.064879999999999995e+02
3.808690000000000282e+02
4.708460000000000036e+02
5.817219999999999800e+02
7.165049999999999955e+02
9.216900000000000546e+02
1.152984999999999900e+03
1.438760999999999967e+03
1.821756000000000085e+03
2.285244000000000142e+03
2.865063999999999851e+03
3.511161999999999807e+03
4.272904000000000451e+03
5.203242000000000189e+03
6.458123999999999796e+03
7.802012999999999920e+03
9.617170000000000073e+03
