1.000000000000000000e+00
1.939999999999999947e+00
3.096000000000000085e+00
4.503999999999999559e+00
6.008000000000000007e+00
8.400000000000000355e+00
9.692000000000000171e+00
1.182000000000000028e+01
1.413599999999999923e+01
1.553599999999999959e+01
1.920799999999999841e+01
2.305199999999999960e+01
2.673199999999999932e+01
3.328799999999999670e+01
3.957600000000000051e+01
4.593599999999999994e+01
5.225999999999999801e+01
6.075200000000000244e+01
7.040800000000000125e+01
7.731999999999999318e+01
8.559199999999999875e+01
9.736799999999999500e+01
1.112079999999999984e+02
1.241200000000000045e+02
1.392719999999999914e+02
1.599840000000000089e+02
1.826239999999999952e+02
2.146800000000000068e+02
2.684719999999999800e+02
3.338919999999999959e+02
3.866800000000000068e+02
4.628559999999999945e+02
5.645639999999999645e+02
7.011920000000000073e+02
9.066359999999999673e+02
1.160332000000000107e+03
1.415816000000000031e+03
1.742336000000000013e+03
2.131679999999999836e+03
2.497456000000000131e+03
3.053295999999999822e+03
3.918599999999999909e+03
4.792144000000000233e+03
5.776131999999999607e+03
7.232144000000000233e+03
