1.000000000000000000e+00
2.000000000000000000e+00
3.064000000000000057e+00
3.991999999999999993e+00
5.032000000000000028e+00
7.304000000000000270e+00
8.343999999999999417e+00
1.004400000000000048e+01
1.177599999999999980e+01
1.412800000000000011e+01
1.732000000000000028e+01
2.096799999999999997e+01
2.391600000000000037e+01
2.917599999999999838e+01
3.741199999999999903e+01
4.527199999999999847e+01
5.492799999999999727e+01
6.503199999999999648e+01
7.723199999999999932e+01
9.195199999999999818e+01
1.112960000000000065e+02
1.388319999999999936e+02
1.677319999999999993e+02
1.998640000000000043e+02
2.364319999999999879e+02
2.970480000000000018e+02
3.396080000000000041e+02
4.086240000000000236e+02
4.848879999999999768e+02
5.824560000000000173e+02
6.954560000000000173e+02
8.359919999999999618e+02
9.883519999999999754e+02
1.242832000000000107e+03
1.489019999999999982e+03
1.732599999999999909e+03
2.171335999999999785e+03
2.683023999999999887e+03
3.326576000000000022e+03
4.040472000000000207e+03
5.011823999999999614e+03
5.899960000000000036e+03
7.162144000000000233e+03
8.632087999999999738e+03
1.035300400000000081e+04
