1.000000000000000000e+00
1.967999999999999972e+00
3.192000000000000171e+00
4.184000000000000163e+00
5.080000000000000071e+00
7.488000000000000433e+00
8.371999999999999886e+00
1.047199999999999953e+01
1.299200000000000088e+01
1.589600000000000080e+01
1.992000000000000171e+01
2.317999999999999972e+01
2.747200000000000131e+01
3.357600000000000051e+01
3.993599999999999994e+01
4.501599999999999824e+01
5.703199999999999648e+01
6.873600000000000421e+01
8.115999999999999659e+01
9.550400000000000489e+01
1.122600000000000051e+02
1.334319999999999879e+02
1.521879999999999882e+02
1.834159999999999968e+02
2.171200000000000045e+02
2.619279999999999973e+02
3.009680000000000177e+02
3.658079999999999927e+02
4.501200000000000045e+02
5.487519999999999527e+02
6.354239999999999782e+02
7.890879999999999654e+02
9.576119999999999663e+02
1.133344000000000051e+03
1.360296000000000049e+03
1.625231999999999971e+03
1.959584000000000060e+03
2.389367999999999938e+03
2.866688000000000102e+03
3.814936000000000149e+03
4.765192000000000007e+03
5.694904000000000451e+03
7.030300000000000182e+03
8.504884000000000015e+03
1.079383599999999933e+04
