1.000000000000000000e+00
1.987000000000000099e+00
3.013999999999999790e+00
4.051000000000000156e+00
5.139999999999999680e+00
7.075999999999999623e+00
7.932000000000000384e+00
9.964000000000000412e+00
1.188899999999999935e+01
1.372899999999999920e+01
1.628200000000000003e+01
1.914999999999999858e+01
2.279799999999999827e+01
2.771199999999999974e+01
3.482900000000000063e+01
4.144800000000000040e+01
5.114500000000000313e+01
6.104599999999999937e+01
7.368800000000000239e+01
8.998600000000000421e+01
1.100360000000000014e+02
1.344699999999999989e+02
1.624519999999999982e+02
1.985039999999999907e+02
2.392580000000000098e+02
2.850240000000000009e+02
3.395740000000000123e+02
4.101399999999999864e+02
4.880609999999999786e+02
5.874800000000000182e+02
6.917889999999999873e+02
8.458400000000000318e+02
1.032132000000000062e+03
1.252407999999999902e+03
1.535771999999999935e+03
1.871026000000000067e+03
2.282329999999999927e+03
2.730505999999999858e+03
3.310576000000000022e+03
4.026369999999999891e+03
4.818975999999999658e+03
5.754234999999999673e+03
6.846060000000000400e+03
8.277927999999999884e+03
1.000100100000000020e+04
