1.000000000000000000e+00
1.975999999999999979e+00
2.815999999999999837e+00
4.011999999999999567e+00
4.919999999999999929e+00
7.176000000000000156e+00
8.044000000000000483e+00
9.779999999999999361e+00
1.225200000000000067e+01
1.455199999999999960e+01
1.783999999999999986e+01
2.045200000000000173e+01
2.399599999999999866e+01
2.911199999999999832e+01
3.780400000000000205e+01
4.315999999999999659e+01
5.439200000000000301e+01
6.205599999999999739e+01
7.529600000000000648e+01
9.307200000000000273e+01
1.106839999999999975e+02
1.306479999999999961e+02
1.627680000000000007e+02
1.895519999999999925e+02
2.280639999999999930e+02
2.752959999999999923e+02
3.496320000000000050e+02
4.078720000000000141e+02
4.889440000000000168e+02
5.687880000000000109e+02
6.893719999999999573e+02
8.564160000000000537e+02
1.039008000000000038e+03
1.225480000000000018e+03
1.471811999999999898e+03
1.782067999999999984e+03
2.173927999999999884e+03
2.586664000000000215e+03
3.193039999999999964e+03
3.930496000000000095e+03
4.596000000000000000e+03
5.345591999999999643e+03
6.559576000000000022e+03
7.990351999999999862e+03
9.057087999999999738e+03
