1.000000000000000000e+00
1.991999999999999993e+00
3.032000000000000028e+00
3.931999999999999940e+00
4.751999999999999780e+00
6.751999999999999780e+00
7.647999999999999687e+00
9.839999999999999858e+00
1.244400000000000084e+01
1.474399999999999977e+01
1.824800000000000111e+01
2.200799999999999912e+01
2.588800000000000168e+01
3.036799999999999855e+01
3.570799999999999841e+01
4.312800000000000011e+01
5.128399999999999892e+01
6.169599999999999795e+01
7.330400000000000205e+01
8.987199999999999989e+01
1.051520000000000010e+02
1.297119999999999891e+02
1.700440000000000111e+02
2.056160000000000139e+02
2.524639999999999986e+02
3.016879999999999882e+02
3.556800000000000068e+02
4.467040000000000077e+02
5.382799999999999727e+02
6.150000000000000000e+02
7.402799999999999727e+02
8.827920000000000300e+02
1.066895999999999958e+03
1.271183999999999969e+03
1.547188000000000102e+03
1.863039999999999964e+03
2.199992000000000189e+03
2.741840000000000146e+03
3.208047999999999774e+03
3.919208000000000084e+03
4.693591999999999643e+03
5.714840000000000146e+03
7.121167999999999665e+03
8.300708000000000538e+03
9.582435999999999694e+03
