1.000000000000000000e+00
2.060000000000000053e+00
3.343999999999999861e+00
4.684000000000000163e+00
5.911999999999999922e+00
7.975999999999999979e+00
9.179999999999999716e+00
1.128800000000000026e+01
1.356000000000000050e+01
1.667599999999999838e+01
2.107199999999999918e+01
2.418799999999999883e+01
2.944399999999999906e+01
3.401599999999999824e+01
4.028000000000000114e+01
4.520000000000000284e+01
5.092000000000000171e+01
5.864800000000000324e+01
6.727200000000000557e+01
7.626399999999999579e+01
8.741599999999999682e+01
1.014719999999999942e+02
1.165720000000000027e+02
1.322079999999999984e+02
1.555279999999999916e+02
1.760000000000000000e+02
2.152239999999999895e+02
2.486800000000000068e+02
3.011480000000000246e+02
3.538559999999999945e+02
4.305000000000000000e+02
5.412720000000000482e+02
6.114279999999999973e+02
7.767279999999999518e+02
9.481639999999999873e+02
1.186428000000000111e+03
1.492288000000000011e+03
1.862695999999999913e+03
2.243215999999999894e+03
2.530952000000000226e+03
2.980871999999999844e+03
3.673708000000000084e+03
4.953199999999999818e+03
6.428904000000000451e+03
8.004572000000000116e+03
