1.000000000000000000e+00
1.973000000000000087e+00
3.125999999999999890e+00
4.144000000000000128e+00
5.128000000000000114e+00
7.293999999999999595e+00
8.419000000000000483e+00
1.052100000000000080e+01
1.254299999999999926e+01
1.450500000000000078e+01
1.734400000000000119e+01
1.978900000000000148e+01
2.353399999999999892e+01
2.761599999999999966e+01
3.430700000000000216e+01
4.015999999999999659e+01
4.826299999999999812e+01
5.945400000000000063e+01
7.134199999999999875e+01
8.692000000000000171e+01
1.052169999999999987e+02
1.294459999999999980e+02
1.559859999999999900e+02
1.873779999999999859e+02
2.322820000000000107e+02
2.763919999999999959e+02
3.406460000000000150e+02
4.101720000000000255e+02
4.936539999999999964e+02
5.982229999999999563e+02
7.254809999999999945e+02
9.087599999999999909e+02
1.072079999999999927e+03
1.256192000000000007e+03
1.512214999999999918e+03
1.825332000000000107e+03
2.195083999999999833e+03
2.695302000000000135e+03
3.230902000000000044e+03
3.868561999999999898e+03
4.681256000000000313e+03
5.604332999999999629e+03
6.900613000000000284e+03
8.418132999999999811e+03
1.004302399999999943e+04
