1.000000000000000000e+00
2.024999999999999911e+00
3.048000000000000043e+00
4.107999999999999652e+00
5.110000000000000320e+00
7.185999999999999943e+00
8.131000000000000227e+00
1.037100000000000044e+01
1.233399999999999963e+01
1.428200000000000003e+01
1.730399999999999849e+01
2.031200000000000117e+01
2.399299999999999855e+01
2.864799999999999969e+01
3.602600000000000335e+01
4.329999999999999716e+01
5.157699999999999818e+01
6.360399999999999920e+01
7.485999999999999943e+01
9.032800000000000296e+01
1.083990000000000009e+02
1.318400000000000034e+02
1.595240000000000009e+02
1.914399999999999977e+02
2.370879999999999939e+02
2.774399999999999977e+02
3.320319999999999823e+02
4.024519999999999982e+02
4.895910000000000082e+02
5.959660000000000082e+02
7.176299999999999955e+02
8.648339999999999463e+02
1.066644999999999982e+03
1.253807999999999993e+03
1.522763999999999896e+03
1.844309999999999945e+03
2.201766000000000076e+03
2.633730000000000018e+03
3.223632000000000062e+03
3.924027999999999793e+03
4.785136000000000422e+03
5.850631999999999607e+03
7.031590000000000146e+03
8.343465000000000146e+03
1.016445099999999911e+04
