1.000000000000000000e+00
1.981999999999999984e+00
3.036000000000000032e+00
4.075000000000000178e+00
5.139999999999999680e+00
7.373999999999999666e+00
8.281000000000000583e+00
1.010200000000000031e+01
1.206000000000000050e+01
1.385800000000000054e+01
1.680799999999999983e+01
1.967200000000000060e+01
2.274699999999999989e+01
2.686199999999999832e+01
3.295499999999999829e+01
3.882399999999999807e+01
4.713199999999999790e+01
5.852000000000000313e+01
6.988200000000000500e+01
8.625000000000000000e+01
1.039360000000000070e+02
1.295339999999999918e+02
1.543789999999999907e+02
1.863600000000000136e+02
2.280219999999999914e+02
2.771940000000000168e+02
3.359359999999999786e+02
4.046379999999999768e+02
4.917139999999999986e+02
5.997960000000000491e+02
7.292350000000000136e+02
9.064940000000000282e+02
1.057800999999999931e+03
1.261160000000000082e+03
1.497161000000000058e+03
1.828005000000000109e+03
2.182581999999999880e+03
2.553157999999999902e+03
3.058972000000000207e+03
3.721923999999999978e+03
4.521430000000000291e+03
5.495149999999999636e+03
6.780863999999999578e+03
8.215092000000000553e+03
9.860838999999999942e+03
