1.000000000000000000e+00
2.027000000000000135e+00
3.076000000000000068e+00
4.014999999999999680e+00
5.019999999999999574e+00
6.926000000000000156e+00
7.931000000000000050e+00
1.008000000000000007e+01
1.214300000000000068e+01
1.406900000000000084e+01
1.687999999999999901e+01
1.941700000000000159e+01
2.353399999999999892e+01
2.881800000000000139e+01
3.563100000000000023e+01
4.238799999999999812e+01
5.053600000000000136e+01
6.373199999999999932e+01
7.567400000000000659e+01
9.279999999999999716e+01
1.122259999999999991e+02
1.352680000000000007e+02
1.633029999999999973e+02
1.966560000000000059e+02
2.305300000000000011e+02
2.761080000000000041e+02
3.349540000000000077e+02
3.928860000000000241e+02
4.768009999999999877e+02
5.707540000000000191e+02
6.946280000000000427e+02
8.398859999999999673e+02
1.025550999999999931e+03
1.215630000000000109e+03
1.478778000000000020e+03
1.807172000000000025e+03
2.184047999999999774e+03
2.654344000000000051e+03
3.200458000000000084e+03
3.917331999999999880e+03
4.678890000000000327e+03
5.628804000000000087e+03
6.874456000000000131e+03
8.378399999999999636e+03
1.013154399999999987e+04
