1.000000000000000000e+00
1.941999999999999948e+00
3.065999999999999837e+00
4.070999999999999730e+00
5.185999999999999943e+00
7.248000000000000220e+00
8.205999999999999517e+00
1.007499999999999929e+01
1.213000000000000078e+01
1.417600000000000016e+01
1.703399999999999892e+01
1.986499999999999844e+01
2.282400000000000162e+01
2.736199999999999832e+01
3.293099999999999739e+01
3.909599999999999653e+01
4.825600000000000023e+01
5.873799999999999955e+01
7.069400000000000261e+01
8.403400000000000603e+01
1.030939999999999941e+02
1.227560000000000002e+02
1.464300000000000068e+02
1.781879999999999882e+02
2.186699999999999875e+02
2.710140000000000100e+02
3.319440000000000168e+02
4.009979999999999905e+02
4.823140000000000214e+02
5.755330000000000155e+02
6.978500000000000227e+02
8.452100000000000364e+02
1.022009999999999991e+03
1.240067999999999984e+03
1.512816000000000031e+03
1.881125000000000000e+03
2.241695999999999913e+03
2.693956000000000131e+03
3.305804000000000087e+03
3.944248000000000047e+03
4.711789999999999964e+03
5.697844000000000051e+03
6.998721999999999753e+03
8.378708000000000538e+03
1.000809599999999955e+04
