1.000000000000000000e+00
1.913999999999999924e+00
3.193999999999999950e+00
4.128000000000000114e+00
5.184000000000000163e+00
7.168000000000000149e+00
8.031000000000000583e+00
9.585000000000000853e+00
1.112899999999999956e+01
1.264700000000000024e+01
1.468800000000000061e+01
1.622299999999999898e+01
1.849800000000000111e+01
2.109799999999999898e+01
2.435600000000000165e+01
2.763400000000000034e+01
3.178399999999999892e+01
3.717799999999999727e+01
4.224399999999999977e+01
5.240800000000000125e+01
6.324699999999999989e+01
7.539600000000000080e+01
9.028900000000000148e+01
1.122660000000000053e+02
1.377040000000000077e+02
1.671879999999999882e+02
2.071140000000000043e+02
2.517740000000000009e+02
3.095319999999999823e+02
3.646120000000000232e+02
4.484039999999999964e+02
5.566939999999999600e+02
6.923279999999999745e+02
8.832459999999999809e+02
1.095833000000000084e+03
1.367484999999999900e+03
1.725385999999999967e+03
2.200539999999999964e+03
2.750019999999999982e+03
3.366427999999999884e+03
4.198612000000000080e+03
5.166059000000000196e+03
6.485212999999999738e+03
7.980099000000000160e+03
9.704801999999999680e+03
