1.000000000000000000e+00
2.064000000000000057e+00
3.200000000000000178e+00
4.283999999999999808e+00
5.336000000000000298e+00
7.535999999999999588e+00
8.775999999999999801e+00
1.093999999999999950e+01
1.330400000000000027e+01
1.569200000000000017e+01
1.864000000000000057e+01
2.189999999999999858e+01
2.525600000000000023e+01
3.160800000000000054e+01
3.885999999999999943e+01
4.667199999999999704e+01
5.512400000000000233e+01
6.925600000000000023e+01
8.106399999999999295e+01
9.292799999999999727e+01
1.094000000000000057e+02
1.302079999999999984e+02
1.631800000000000068e+02
1.905759999999999934e+02
2.239039999999999964e+02
2.556479999999999961e+02
3.283360000000000127e+02
4.021600000000000250e+02
4.667599999999999909e+02
5.781000000000000227e+02
6.878440000000000509e+02
8.652319999999999709e+02
1.021639999999999986e+03
1.247135999999999967e+03
1.496784000000000106e+03
1.791508000000000038e+03
2.152639999999999873e+03
2.678648000000000138e+03
3.173576000000000022e+03
3.953119999999999891e+03
5.098247999999999593e+03
6.289224000000000160e+03
7.321819999999999709e+03
8.640108000000000175e+03
1.029007200000000012e+04
