1.000000000000000000e+00
2.108000000000000096e+00
3.128000000000000114e+00
4.267999999999999794e+00
5.120000000000000107e+00
7.312000000000000277e+00
8.348000000000000753e+00
1.027999999999999936e+01
1.256799999999999962e+01
1.498799999999999955e+01
1.777599999999999980e+01
2.016400000000000148e+01
2.447200000000000131e+01
3.045599999999999952e+01
3.507200000000000273e+01
4.174399999999999977e+01
4.979200000000000159e+01
6.044800000000000040e+01
7.182399999999999807e+01
8.891200000000000614e+01
1.084039999999999964e+02
1.338959999999999866e+02
1.623679999999999950e+02
2.003839999999999861e+02
2.461359999999999957e+02
2.955280000000000200e+02
3.504639999999999986e+02
4.272080000000000268e+02
5.156680000000000064e+02
6.380760000000000218e+02
7.808079999999999927e+02
9.244160000000000537e+02
1.096519999999999982e+03
1.302839999999999918e+03
1.497240000000000009e+03
1.820804000000000087e+03
2.125295999999999822e+03
2.611079999999999927e+03
3.303103999999999814e+03
3.869496000000000095e+03
4.617119999999999891e+03
5.608216000000000349e+03
6.619536000000000058e+03
7.791819999999999709e+03
9.302744000000000597e+03
