1.000000000000000000e+00
2.020000000000000018e+00
2.895999999999999908e+00
3.923999999999999932e+00
4.791999999999999815e+00
6.064000000000000057e+00
7.288000000000000256e+00
9.048000000000000043e+00
1.108399999999999963e+01
1.305199999999999960e+01
1.588799999999999990e+01
1.894399999999999906e+01
2.292800000000000082e+01
2.767999999999999972e+01
3.433599999999999852e+01
4.070400000000000063e+01
5.177199999999999847e+01
6.044800000000000040e+01
7.262399999999999523e+01
8.873600000000000421e+01
1.160799999999999983e+02
1.346239999999999952e+02
1.598160000000000025e+02
1.957839999999999918e+02
2.226320000000000050e+02
2.657280000000000086e+02
3.187599999999999909e+02
3.672880000000000109e+02
4.550079999999999814e+02
5.530439999999999827e+02
6.776159999999999854e+02
8.349279999999999973e+02
9.765439999999999827e+02
1.137695999999999913e+03
1.380407999999999902e+03
1.690488000000000056e+03
2.129271999999999935e+03
2.519871999999999844e+03
3.003695999999999913e+03
3.782496000000000095e+03
4.660136000000000422e+03
5.427351999999999862e+03
6.607047999999999774e+03
8.412695999999999913e+03
1.028729199999999946e+04
