1.000000000000000000e+00
1.931999999999999940e+00
2.847999999999999865e+00
3.931999999999999940e+00
5.064000000000000057e+00
7.344000000000000306e+00
8.291999999999999815e+00
1.025600000000000023e+01
1.260399999999999920e+01
1.506799999999999962e+01
1.886400000000000077e+01
2.254400000000000048e+01
2.724399999999999977e+01
3.341599999999999682e+01
4.176800000000000068e+01
4.857600000000000051e+01
5.756000000000000227e+01
7.099200000000000443e+01
8.065600000000000591e+01
9.687999999999999545e+01
1.145160000000000053e+02
1.341759999999999877e+02
1.651519999999999868e+02
1.846800000000000068e+02
2.190960000000000036e+02
2.649920000000000186e+02
3.179920000000000186e+02
3.732080000000000268e+02
4.561080000000000041e+02
5.568479999999999563e+02
6.738479999999999563e+02
8.157680000000000291e+02
1.018144000000000005e+03
1.256895999999999958e+03
1.568276000000000067e+03
1.884940000000000055e+03
2.249496000000000095e+03
2.647976000000000113e+03
3.322632000000000062e+03
4.321768000000000029e+03
5.120416000000000167e+03
6.451615999999999985e+03
7.749768000000000029e+03
9.473979999999999563e+03
1.115799599999999919e+04
