1.000000000000000000e+00
1.899999999999999911e+00
3.224000000000000199e+00
4.304000000000000270e+00
5.703999999999999737e+00
8.016000000000000014e+00
9.295999999999999375e+00
1.230000000000000071e+01
1.455199999999999960e+01
1.662800000000000011e+01
2.052799999999999869e+01
2.414000000000000057e+01
2.942800000000000082e+01
3.534400000000000119e+01
4.303600000000000136e+01
4.896800000000000352e+01
5.510799999999999699e+01
6.262400000000000233e+01
6.920799999999999841e+01
7.707999999999999829e+01
8.665200000000000102e+01
9.750400000000000489e+01
1.099719999999999942e+02
1.252720000000000056e+02
1.462160000000000082e+02
1.710159999999999911e+02
2.026080000000000041e+02
2.484240000000000066e+02
3.050880000000000223e+02
3.723399999999999750e+02
4.567320000000000277e+02
5.536879999999999882e+02
7.172200000000000273e+02
8.587279999999999518e+02
1.055816000000000031e+03
1.225316000000000031e+03
1.445016000000000076e+03
1.670703999999999951e+03
1.971392000000000053e+03
2.362695999999999913e+03
2.921487999999999829e+03
3.545804000000000087e+03
4.298528000000000247e+03
5.399000000000000000e+03
6.577971999999999753e+03
