1.000000000000000000e+00
2.004000000000000004e+00
3.096000000000000085e+00
4.483999999999999986e+00
5.687999999999999723e+00
8.432000000000000384e+00
9.900000000000000355e+00
1.193599999999999994e+01
1.472000000000000064e+01
1.737999999999999901e+01
2.092800000000000082e+01
2.454400000000000048e+01
2.997599999999999909e+01
3.680799999999999983e+01
4.381600000000000250e+01
5.181600000000000250e+01
6.261200000000000188e+01
7.068000000000000682e+01
8.000000000000000000e+01
9.805599999999999739e+01
1.171520000000000010e+02
1.390320000000000107e+02
1.632359999999999900e+02
1.903760000000000048e+02
2.279919999999999902e+02
2.588799999999999955e+02
3.228319999999999936e+02
3.839359999999999786e+02
4.587760000000000105e+02
5.543440000000000509e+02
6.630639999999999645e+02
8.561520000000000437e+02
1.053051999999999907e+03
1.297544000000000096e+03
1.556127999999999929e+03
1.805420000000000073e+03
2.113047999999999774e+03
2.588239999999999782e+03
3.258023999999999887e+03
3.957880000000000109e+03
4.704680000000000291e+03
5.745863999999999578e+03
6.775247999999999593e+03
8.344968000000000757e+03
9.874739999999999782e+03
