1.000000000000000000e+00
1.844000000000000083e+00
2.903999999999999915e+00
3.815999999999999837e+00
4.735999999999999766e+00
6.735999999999999766e+00
7.671999999999999709e+00
9.644000000000000128e+00
1.203200000000000003e+01
1.464799999999999969e+01
1.728800000000000026e+01
2.092800000000000082e+01
2.442000000000000171e+01
2.966400000000000148e+01
3.766400000000000148e+01
4.441599999999999682e+01
5.414000000000000057e+01
6.777599999999999625e+01
7.880800000000000693e+01
9.003199999999999648e+01
1.067240000000000038e+02
1.289600000000000080e+02
1.581279999999999859e+02
1.856080000000000041e+02
2.229840000000000089e+02
2.641759999999999877e+02
3.248240000000000123e+02
3.808000000000000114e+02
4.686600000000000250e+02
5.897160000000000082e+02
7.044279999999999973e+02
8.326879999999999882e+02
1.018703999999999951e+03
1.236319999999999936e+03
1.556263999999999896e+03
1.846099999999999909e+03
2.142887999999999920e+03
2.554527999999999793e+03
3.169807999999999993e+03
3.924248000000000047e+03
4.602384000000000015e+03
5.528144000000000233e+03
6.598731999999999971e+03
8.240343999999999141e+03
9.823103999999999360e+03
