1.000000000000000000e+00
2.015000000000000124e+00
3.056000000000000050e+00
4.017000000000000348e+00
5.003999999999999559e+00
6.982000000000000206e+00
8.022000000000000242e+00
9.885999999999999233e+00
1.164799999999999969e+01
1.339499999999999957e+01
1.628200000000000003e+01
1.917899999999999849e+01
2.298999999999999844e+01
2.828399999999999892e+01
3.513799999999999812e+01
4.288600000000000279e+01
5.239399999999999835e+01
6.254999999999999716e+01
7.529600000000000648e+01
9.068200000000000216e+01
1.100319999999999965e+02
1.311959999999999980e+02
1.578890000000000100e+02
1.923979999999999961e+02
2.328499999999999943e+02
2.813519999999999754e+02
3.448480000000000132e+02
4.161680000000000064e+02
4.917540000000000191e+02
5.922770000000000437e+02
6.990900000000000318e+02
8.405819999999999936e+02
1.047070999999999913e+03
1.275693999999999960e+03
1.549626999999999953e+03
1.849877999999999929e+03
2.229588000000000193e+03
2.668219999999999800e+03
3.159838000000000193e+03
3.781340000000000146e+03
4.590627999999999702e+03
5.643680999999999585e+03
6.814024999999999636e+03
8.273296000000000276e+03
1.022885100000000057e+04
