1.000000000000000000e+00
2.029999999999999805e+00
2.962000000000000188e+00
3.842999999999999972e+00
4.868000000000000327e+00
6.841999999999999638e+00
7.751999999999999780e+00
9.755000000000000782e+00
1.163499999999999979e+01
1.351099999999999923e+01
1.657999999999999829e+01
1.947899999999999920e+01
2.341900000000000048e+01
2.838599999999999923e+01
3.568200000000000216e+01
4.156000000000000227e+01
5.162800000000000011e+01
6.344800000000000040e+01
7.415999999999999659e+01
8.947199999999999420e+01
1.084459999999999980e+02
1.302640000000000100e+02
1.583779999999999859e+02
1.917640000000000100e+02
2.279619999999999891e+02
2.770740000000000123e+02
3.386519999999999868e+02
4.037280000000000086e+02
4.844479999999999791e+02
5.906190000000000282e+02
7.225240000000000009e+02
8.697540000000000191e+02
1.033636999999999944e+03
1.252935999999999922e+03
1.538678000000000111e+03
1.824099999999999909e+03
2.231902000000000044e+03
2.696672000000000025e+03
3.245103999999999814e+03
3.992458000000000084e+03
4.863886000000000422e+03
5.860770000000000437e+03
7.025014000000000124e+03
8.412371999999999389e+03
9.952649999999999636e+03
