1.000000000000000000e+00
1.963000000000000078e+00
3.204000000000000181e+00
4.192000000000000171e+00
5.301999999999999602e+00
7.267999999999999794e+00
8.182000000000000384e+00
9.820000000000000284e+00
1.124699999999999989e+01
1.269699999999999918e+01
1.497400000000000020e+01
1.690500000000000114e+01
1.901699999999999946e+01
2.171799999999999997e+01
2.469600000000000151e+01
2.830399999999999849e+01
3.306600000000000250e+01
3.855199999999999960e+01
4.474799999999999756e+01
5.304999999999999716e+01
6.350500000000000256e+01
7.518999999999999773e+01
9.187399999999999523e+01
1.107939999999999969e+02
1.350380000000000109e+02
1.696899999999999977e+02
2.041659999999999968e+02
2.515459999999999923e+02
3.098500000000000227e+02
3.795520000000000209e+02
4.701179999999999950e+02
5.834919999999999618e+02
7.322309999999999945e+02
8.979919999999999618e+02
1.128229000000000042e+03
1.441692999999999984e+03
1.802965999999999894e+03
2.317793999999999869e+03
2.932862000000000080e+03
3.632813999999999851e+03
4.503061999999999898e+03
5.457567000000000007e+03
6.652985999999999876e+03
8.136144000000000233e+03
9.803802999999999884e+03
