1.000000000000000000e+00
1.983999999999999986e+00
3.136000000000000121e+00
4.176000000000000156e+00
5.551999999999999602e+00
8.096000000000000085e+00
9.503999999999999559e+00
1.212400000000000055e+01
1.476399999999999935e+01
1.747599999999999909e+01
2.183200000000000074e+01
2.482400000000000162e+01
2.904799999999999827e+01
3.539999999999999858e+01
4.239600000000000080e+01
4.951200000000000045e+01
5.846000000000000085e+01
6.709600000000000364e+01
7.596800000000000352e+01
8.967199999999999704e+01
9.996399999999999864e+01
1.142960000000000065e+02
1.313240000000000123e+02
1.444559999999999889e+02
1.635759999999999934e+02
1.824960000000000093e+02
2.132880000000000109e+02
2.504559999999999889e+02
2.939039999999999964e+02
3.362239999999999895e+02
3.872640000000000100e+02
4.655120000000000005e+02
5.901839999999999691e+02
7.301599999999999682e+02
9.291280000000000427e+02
1.088115999999999985e+03
1.338855999999999995e+03
1.677048000000000002e+03
2.015407999999999902e+03
2.464632000000000062e+03
3.066032000000000153e+03
3.975996000000000095e+03
4.819144000000000233e+03
6.097060000000000400e+03
7.443224000000000160e+03
