1.000000000000000000e+00
1.987000000000000099e+00
3.262000000000000011e+00
4.403999999999999915e+00
5.530000000000000249e+00
7.299999999999999822e+00
8.413000000000000256e+00
9.830999999999999517e+00
1.142800000000000082e+01
1.283699999999999974e+01
1.504800000000000004e+01
1.695100000000000051e+01
1.940800000000000125e+01
2.187600000000000122e+01
2.559299999999999997e+01
2.857600000000000051e+01
3.286500000000000199e+01
3.770199999999999818e+01
4.360999999999999943e+01
5.208200000000000074e+01
6.449299999999999500e+01
7.905400000000000205e+01
9.500300000000000011e+01
1.132699999999999960e+02
1.386160000000000139e+02
1.721500000000000057e+02
2.141020000000000039e+02
2.588999999999999773e+02
3.194479999999999791e+02
3.787409999999999854e+02
4.678679999999999950e+02
5.856559999999999491e+02
7.209009999999999536e+02
8.985320000000000391e+02
1.163467000000000098e+03
1.465289999999999964e+03
1.783960000000000036e+03
2.277940000000000055e+03
2.841068000000000211e+03
3.446559999999999945e+03
4.259072000000000116e+03
5.228430999999999585e+03
6.287462999999999738e+03
7.787813000000000102e+03
9.764201999999999316e+03
