1.000000000000000000e+00
1.989999999999999991e+00
2.954000000000000181e+00
3.876999999999999780e+00
4.854000000000000092e+00
6.774000000000000021e+00
7.878000000000000114e+00
9.811999999999999389e+00
1.156799999999999962e+01
1.406799999999999962e+01
1.726599999999999824e+01
2.033999999999999986e+01
2.439600000000000080e+01
2.971799999999999997e+01
3.694800000000000040e+01
4.429200000000000159e+01
5.446900000000000119e+01
6.318599999999999994e+01
7.521399999999999864e+01
9.010999999999999943e+01
1.089749999999999943e+02
1.281179999999999950e+02
1.560929999999999893e+02
1.927419999999999902e+02
2.277340000000000089e+02
2.804800000000000182e+02
3.354060000000000059e+02
4.042559999999999718e+02
4.890930000000000177e+02
5.914189999999999827e+02
7.165399999999999636e+02
8.662179999999999609e+02
1.033799999999999955e+03
1.269811999999999898e+03
1.536612000000000080e+03
1.850528000000000020e+03
2.245643999999999778e+03
2.781661999999999807e+03
3.392460000000000036e+03
4.087126000000000204e+03
4.968489999999999782e+03
5.889225000000000364e+03
7.039779000000000451e+03
8.322735000000000582e+03
1.022001900000000023e+04
