1.000000000000000000e+00
2.044000000000000039e+00
3.184000000000000163e+00
4.304000000000000270e+00
5.224000000000000199e+00
7.424000000000000377e+00
8.640000000000000568e+00
1.091600000000000037e+01
1.282799999999999940e+01
1.492399999999999949e+01
1.777599999999999980e+01
2.139600000000000080e+01
2.654799999999999827e+01
3.216799999999999926e+01
3.836800000000000210e+01
4.664800000000000324e+01
5.826800000000000068e+01
6.885599999999999454e+01
8.088800000000000523e+01
9.640000000000000568e+01
1.142399999999999949e+02
1.448720000000000141e+02
1.740800000000000125e+02
2.025680000000000121e+02
2.502400000000000091e+02
2.981519999999999868e+02
3.700559999999999832e+02
4.328079999999999927e+02
5.371760000000000446e+02
6.379080000000000155e+02
7.864160000000000537e+02
9.276000000000000227e+02
1.077435999999999922e+03
1.353503999999999905e+03
1.573887999999999920e+03
1.779011999999999944e+03
2.100440000000000055e+03
2.584784000000000106e+03
3.015447999999999865e+03
3.497039999999999964e+03
4.256752000000000407e+03
5.086100000000000364e+03
6.034332000000000335e+03
7.255960000000000036e+03
9.049860000000000582e+03
