0.45571246600658
0.34624244784988
0.31615042640449
0.25901330886997
0.22433306682497
0.19604394831122
0.16437168125534
0.13811029105485
0.11988174215517
0.10241548704588
0.08473556615189
0.07077040983330
0.05993374169250
0.05032843599372
0.04103886362272
0.03563467455026
0.03058524101717
0.02736207941026
0.02480422602828
0.02285241766643
0.02110799447743
0.02017976087321
0.01846783525459
0.01756004788059
0.01656990973408
0.01569191861652
0.01415201645091
0.01337667218634
0.01220031779628
0.01081134615231
0.00998652294046
0.00862802264223
0.00771787864673
0.00651412681962
0.00565566712482
0.00475114113048
0.00400090726344
0.00329171949206
0.00283288951709
0.00234211220585
0.00191663464318
0.00166484644522
0.00140579289152
0.00119725619796
0.00119725619796
