4.725313321204769323e-01
3.518991307863350571e-01
3.730857085102083914e-01
2.590635738831617019e-01
3.103274711946633069e-01
1.757822922983627301e-01
2.147993733575899178e-01
1.688225186982013071e-01
1.536880937942188829e-01
1.012449464321811821e-01
1.810187992722860351e-01
8.181726298766944794e-02
1.227132605619565275e-01
9.530776228016990537e-02
1.432115423488982131e-01
7.535273903375783178e-02
9.572973519304639467e-02
8.244870628663836243e-02
7.584461963479564861e-02
6.056877905801449913e-02
7.670221009365955911e-02
6.574578027087119025e-02
2.974934303618355716e-02
5.555323933697198235e-02
5.676470588235282833e-02
5.092015362846176452e-02
5.188164544168181319e-02
3.559994272623138306e-02
4.589052287581699835e-02
4.548084697796639375e-02
5.308476096624215046e-02
2.772128310086929837e-02
4.292556656110314839e-02
4.292556656110314839e-02
