0.52462793563280
0.41217589506335
0.38713713492158
0.32281741161445
0.28575297350420
0.25597411497723
0.21885922017914
0.18874375972211
0.16575935411764
0.14633717175310
0.12748800252715
0.10882131637844
0.09518041010065
0.08032169325030
0.07069684908580
0.06415921746487
0.05866522897655
0.05477589801454
0.05314019073981
0.05241003000690
0.05159362562520
0.04996156200771
0.04923934003530
0.04858954198409
0.04850743678134
0.04852755848943
0.04737346062510
0.04825355421721
0.04726365270963
0.04585052518737
0.04530944928682
0.04379818081949
0.04258425662324
0.04163937830418
0.04069606781093
0.03941373791916
0.03869267334487
0.03847086960981
0.03842124605660
0.03822902920224
0.03834035423404
0.03904708553017
0.03931999594615
0.03901726673846
0.03901726673846
