0.52786795178595
0.41450165557480
0.38384528521987
0.32250234039721
0.28299515344618
0.25384382808993
0.21848848962283
0.18825656450982
0.16541550613290
0.14424373533735
0.12743345406406
0.10957850504907
0.09277316564643
0.08148077218572
0.07097876778776
0.06593112764936
0.05903999272841
0.05597322681045
0.05450909580870
0.05288105881619
0.05173432516518
0.05057936176369
0.05044843683847
0.04963746217546
0.04949084047132
0.04940014211706
0.04855684921493
0.04804110123741
0.04804156766498
0.04698647054044
0.04576575267275
0.04508089785104
0.04381543730477
0.04264884639054
0.04134263718716
0.04027777500825
0.03941127766123
0.03876402886453
0.03881188332204
0.03856084452575
0.03878250941748
0.03890548593976
0.03904398740319
0.03898786553487
0.03898786553487
