0.52055841202256
0.40291363852887
0.37938805019035
0.31878719046344
0.28342019533731
0.24978292505996
0.22076702283125
0.19168499517673
0.16983558425994
0.14812576023984
0.13014097113365
0.10953578619948
0.09402697063478
0.07926467047973
0.06931260364423
0.06093127868595
0.05563157430102
0.05062435283720
0.04768299040154
0.04487645709848
0.04394646797578
0.04318398054615
0.04250120044118
0.04105218412160
0.04156206977214
0.04063114987618
0.04055212172182
0.04008511138363
0.03942462801753
0.03926438885688
0.03808193202669
0.03722999469071
0.03592559635313
0.03526248887199
0.03436053302759
0.03291562131058
0.03135122257586
0.03034445544494
0.02897142322825
0.02847091060960
0.02772423826076
0.02753991190781
0.02754860398428
0.02770841979694
0.02770841979694
