1.394942363040694872e-03
1.367285843079384068e-03
1.352833841513516322e-03
1.341434327296057950e-03
1.333776352547418401e-03
1.327467766949008568e-03
1.322954109426216452e-03
1.318782973748532875e-03
1.315015889531578278e-03
1.311032422038964059e-03
1.305801744388661268e-03
1.303851124565267357e-03
1.301526844547208541e-03
1.299704786552228130e-03
1.296237151544496133e-03
1.294825485695155201e-03
1.292117943450820251e-03
1.289646735628860322e-03
1.287329634383449235e-03
1.284233236311417342e-03
1.282348901617326366e-03
1.278541077019204174e-03
1.275177206175241761e-03
1.272980649897860082e-03
1.270110984216591332e-03
1.267371465534964086e-03
1.263735275401142201e-03
1.260217297980630730e-03
1.256241009260663805e-03
1.252738974556675796e-03
1.249185850356416454e-03
1.243947993933465935e-03
1.238833105737509408e-03
1.233452329940849714e-03
