0.99616206855479
0.99406313226398
0.99290257588225
0.99197854144258
0.99129556683000
0.99025430756420
0.98984833404084
0.98919292301526
0.98867418352244
0.98824927609723
0.98772938806550
0.98730229645009
0.98683567286513
0.98635144147516
0.98578716714665
0.98530481456950
0.98475560678085
0.98415970990702
0.98356052508134
0.98281331130638
0.98198490387474
0.98104382842754
0.98000131263903
0.97880101990350
0.97744085789473
0.97592986138627
0.97425507692130
0.97240804707913
0.97038087143681
0.96822238125593
0.96590736046652
0.96348663454692
0.96099476341621
0.95843982162073
0.95586103086543
0.95327776423437
0.95073871480604
0.94824323541923
0.94581237784993
0.94343398216801
0.94108369141037
0.93875655956976
0.93640352753846
0.93397841052072
0.93147908695900
