0.00134002986740
0.00131176072135
0.00129796592240
0.00128736748111
0.00127982184419
0.00126875962754
0.00126457265595
0.00125796595709
0.00125283997469
0.00124870269663
0.00124364186118
0.00123946176939
0.00123484278581
0.00122990496515
0.00122397943466
0.00121867117298
0.00121247326962
0.00120541779662
0.00119828035644
0.00118938698316
0.00117938912140
0.00116818420024
0.00115600076990
0.00114237636962
0.00112737530422
0.00111134617841
0.00109416669943
0.00107594933325
0.00105714657528
0.00103800973684
0.00101862325026
0.00099963606228
0.00098099893651
0.00096280048410
0.00094518415016
0.00092817478236
0.00091177154181
0.00089573932046
0.00087989325874
0.00086428161250
0.00084834766675
0.00083227771441
0.00081613822524
0.00079998041971
0.00078379480647
