0.00136409709576
0.00134879401770
0.00134103195452
0.00133488083276
0.00133041034571
0.00132364814960
0.00132101075625
0.00131675934509
0.00131341144110
0.00131065491397
0.00130727998339
0.00130453516130
0.00130150457063
0.00129833792749
0.00129455438007
0.00129127321753
0.00128745784006
0.00128320185903
0.00127889384780
0.00127346805432
0.00126741932336
0.00126049640320
0.00125289075626
0.00124419340362
0.00123448674768
0.00122378820988
0.00121200678181
0.00119915277694
0.00118531304160
0.00117065786851
0.00115520609246
0.00113945749524
0.00112351552968
0.00110731586341
0.00109134047519
0.00107557839537
0.00106019003737
0.00104519296054
0.00103054106660
0.00101609090373
0.00100174055467
0.00098725722579
0.00097252243790
0.00095728977216
0.00094175348548
