0.00130775454513
0.00128019198879
0.00126670112625
0.00125640399288
0.00124904004033
0.00123828757018
0.00123418174514
0.00122775188731
0.00122279116792
0.00121877421760
0.00121385341061
0.00120980366024
0.00120524270246
0.00120045691249
0.00119471021052
0.00118956992443
0.00118354521442
0.00117676856624
0.00116970681142
0.00116106616246
0.00115141894221
0.00114056118299
0.00112866140953
0.00111541316382
0.00110075139240
0.00108512022459
0.00106841565655
0.00105070993488
0.00103232419896
0.00101364802745
0.00099485993040
0.00097643776244
0.00095824541942
0.00094057888493
0.00092363592237
0.00090713452840
0.00089110731933
0.00087543267518
0.00086008222345
0.00084478876977
0.00082928045709
0.00081365254714
0.00079792312886
0.00078211552548
0.00076634746791
