0.63216728715765
1.09603100507282
1.46060612625353
1.79343042491500
2.06439838181005
2.53004322392874
2.73252861572812
3.07334659885522
3.35474478616629
3.60254749999583
3.91306502113652
4.18220376104737
4.48397947326914
4.80191674754758
5.18217771849628
5.51249142040226
5.89168659861379
6.30855274934643
6.72245935263386
7.25690683137182
7.82882178277174
8.49492498575178
9.23277880698735
10.07811529900093
11.02422185371218
12.08965181853076
13.26186853200904
14.54287590855386
15.96530788704876
17.50031520736608
19.12024333521071
20.84228269399903
22.61913858758109
24.48043148152071
26.44234568278292
28.46709267845306
30.60082896555530
32.81222775018173
35.16249768449707
37.63738626045435
40.28102192654741
43.10779688311126
46.15265447182138
49.45475251657023
53.04219702585753
