5.844708914493632612e-01
1.057002223569840194e+00
1.408901354356175251e+00
1.781987062866383642e+00
2.041050636749545344e+00
2.351378107944208651e+00
2.527160400242571381e+00
2.741959773600161299e+00
2.910782292298362606e+00
3.064470386092581489e+00
3.266960278956943853e+00
3.447979078229229888e+00
3.529796341216899336e+00
3.652509601778855863e+00
3.843125126339195674e+00
3.986336668688093887e+00
4.137042146755609551e+00
4.328501617141702340e+00
4.493399029714979065e+00
4.720932888619365997e+00
4.842070446735394995e+00
5.072177077016373659e+00
5.335160198099858420e+00
5.424408227208409095e+00
5.646621184556297024e+00
5.873680008085708337e+00
6.128280776228017146e+00
6.387689003436426205e+00
6.601288659793814517e+00
6.876631797048716521e+00
7.149516878916514884e+00
7.574194966646452087e+00
7.795965231453406474e+00
8.182295330503334796e+00
