0.72398372616847
1.24397662796630
1.64281600074436
2.01833393606697
2.33493609968347
2.89902755384157
3.15320942167765
3.59471474329062
3.98285263138506
4.32612809359465
4.77590728148512
5.17185183085251
5.61641774030652
6.08941263181194
6.65229923071936
7.11572398713378
7.64487956980520
8.19609304949871
8.75545046024844
9.43259515357439
10.20321234290609
11.07430607947549
12.07703575389592
13.26088196220919
14.65246610915596
16.29707224910875
18.23185578559085
20.51986932894346
23.22379600775428
26.43595543771833
30.22780371087819
34.68435565488835
39.90770945452731
46.10006655289493
53.21536407701897
61.48703695985475
71.02306488887824
81.95032349559828
94.29631522638721
108.35098736081905
124.09677754023328
141.96029493784917
162.30249197113127
185.46556441616468
212.01828640830536
