0.72370596892340
1.24833390455620
1.66050979961956
2.04764693454113
2.37046434615558
2.94197029316398
3.19794440814121
3.63566284849950
4.01315036794371
4.34466907617899
4.78368059143830
5.16614459901975
5.60142986453350
6.07733191503675
6.63958376778883
7.13446171138940
7.71189466857322
8.35721218731530
9.01452296348980
9.86476601532681
10.86055658545796
12.04720997483766
13.39617214904574
15.02107037021075
16.96465204957445
19.29300901507858
22.10760740746546
25.42374965122217
29.52530175968512
34.34619433606707
40.03165945930108
46.78276740303729
54.62264176972583
63.86342545696859
74.73130319435950
87.59126062261339
102.60789476981216
120.40652450845033
141.71938627228400
167.46162113020523
198.35067672561320
235.73252210380477
281.65189468727954
337.48628893081309
404.36188412053923
