0.72369796248970
1.24425637451226
1.64717001304113
2.02655806323148
2.34534525369492
2.91218564436955
3.16196856942951
3.60350261509201
3.98687260544548
4.32654377396537
4.77092105468489
5.16134396808584
5.59948711288377
6.06962196605768
6.62447465941578
7.10966288492541
7.65804439309898
8.26999171041015
8.87748394445651
9.64041179088122
10.49306447575235
11.50383323919540
12.66980071394151
14.07234032850061
15.71442769336442
17.70940704242702
20.06601373524538
22.90466225577291
26.31189672338176
30.33320878117014
35.20199299942373
40.87620087140056
47.54036992103817
55.33622432966844
64.53973392525765
75.39766236197494
87.93851408130413
102.36007646619944
119.17090478269598
138.58175834562354
161.58625411818247
188.61738642242020
221.00432282600602
260.12334048368518
307.61557201564005
