6.333999999999999631e-01
1.156600000000000072e+00
1.639799999999999924e+00
2.084000000000000075e+00
2.504300000000000193e+00
3.274900000000000144e+00
4.431499999999999773e+00
5.394999999999999574e+00
6.684000000000000163e+00
8.233399999999999608e+00
1.016109999999999935e+01
1.280879999999999974e+01
1.590479999999999983e+01
1.967360000000000042e+01
2.415189999999999060e+01
2.949449999999999861e+01
3.664200000000000301e+01
4.517960000000000065e+01
5.543499999999998806e+01
6.783899999999999864e+01
8.237059999999999604e+01
9.911229999999999052e+01
1.209447000000000116e+02
1.469644000000000119e+02
1.809051000000000045e+02
2.209056999999999675e+02
2.714513999999999783e+02
3.328265000000000668e+02
3.964578000000000202e+02
4.896600999999999431e+02
5.951277000000000044e+02
7.336164999999998599e+02
8.885094000000001415e+02
1.085630900000000111e+03
1.326180499999999938e+03
1.609890300000000025e+03
1.931058199999999943e+03
2.361224799999999959e+03
2.905588399999999638e+03
3.537926999999999680e+03
4.284179699999999684e+03
5.269870300000000498e+03
