1.000000000000000000e+00
2.000000000000000000e+00
3.000000000000000000e+00
4.000000000000000000e+00
5.000000000000000000e+00
7.000000000000000000e+00
1.000000000000000000e+01
1.300000000000000000e+01
1.700000000000000000e+01
2.200000000000000000e+01
2.900000000000000000e+01
3.900000000000000000e+01
5.200000000000000000e+01
6.900000000000000000e+01
9.100000000000000000e+01
1.210000000000000000e+02
1.600000000000000000e+02
2.120000000000000000e+02
2.810000000000000000e+02
3.730000000000000000e+02
4.940000000000000000e+02
6.550000000000000000e+02
8.690000000000000000e+02
1.151000000000000000e+03
1.526000000000000000e+03
2.024000000000000000e+03
2.683000000000000000e+03
3.556000000000000000e+03
4.715000000000000000e+03
6.251000000000000000e+03
8.286000000000000000e+03
1.098500000000000000e+04
