0.99453000000000
2.55978000000000
4.35598000000000
6.30734000000000
8.30898000000000
12.34103000000001
14.31584000000000
18.25444999999999
22.07530000000001
25.89615000000001
31.42528000000000
36.70968000000001
43.42470000000001
51.59183999999999
62.26009999999999
72.26038000000000
84.40048999999999
98.26990000000002
112.73998999999999
130.53990999999999
150.14158000000000
172.43124999999998
197.01942000000003
225.26535000000001
257.54142999999988
292.41820000000001
331.92669000000001
377.00963999999993
428.54544000000004
485.67736000000002
551.38161000000014
626.29350999999997
709.71017999999992
804.10710999999981
911.47631999999987
1032.05814000000009
1167.58800999999971
1323.39355999999998
1500.37233999999967
1698.27554000000009
1925.97463000000016
2184.03026999999975
2472.76773000000048
2792.07422999999972
3155.21029999999973
