1.000000000000000000e+00
2.060000000000000053e+00
2.959999999999999964e+00
4.115999999999999659e+00
5.064000000000000057e+00
7.440000000000000391e+00
8.688000000000000611e+00
1.061999999999999922e+01
1.288799999999999990e+01
1.514400000000000013e+01
1.830399999999999849e+01
2.081599999999999895e+01
2.463200000000000145e+01
2.955199999999999960e+01
3.623599999999999710e+01
4.225600000000000023e+01
5.260399999999999920e+01
6.482399999999999807e+01
7.579200000000000159e+01
9.155200000000000671e+01
1.053239999999999981e+02
1.261680000000000064e+02
1.518720000000000141e+02
1.946879999999999882e+02
2.461359999999999957e+02
2.950160000000000196e+02
3.527040000000000077e+02
4.149920000000000186e+02
4.965040000000000191e+02
6.186240000000000236e+02
7.641559999999999491e+02
9.070320000000000391e+02
1.109544000000000096e+03
1.279855999999999995e+03
1.538884000000000015e+03
1.814279999999999973e+03
2.221304000000000087e+03
2.644072000000000116e+03
3.183983999999999924e+03
4.022983999999999924e+03
4.705127999999999702e+03
5.550796000000000276e+03
6.495287999999999556e+03
7.695279999999999745e+03
9.016935999999999694e+03
