1.000000000000000000e+00
2.004000000000000004e+00
3.085999999999999854e+00
4.043000000000000149e+00
5.081999999999999851e+00
7.048000000000000043e+00
7.972000000000000419e+00
9.903000000000000469e+00
1.179299999999999926e+01
1.344200000000000017e+01
1.606400000000000006e+01
1.876300000000000168e+01
2.276200000000000045e+01
2.689000000000000057e+01
3.295900000000000318e+01
4.036800000000000210e+01
4.811999999999999744e+01
5.861200000000000188e+01
7.028600000000000136e+01
8.610399999999999920e+01
1.053359999999999985e+02
1.289279999999999973e+02
1.562690000000000055e+02
1.887599999999999909e+02
2.288580000000000041e+02
2.760020000000000095e+02
3.293179999999999836e+02
4.011299999999999955e+02
4.916220000000000141e+02
5.900359999999999445e+02
7.089909999999999854e+02
8.546739999999999782e+02
1.017739000000000033e+03
1.247897999999999911e+03
1.557255000000000109e+03
1.873782999999999902e+03
2.229065999999999804e+03
2.688266000000000076e+03
3.264119999999999891e+03
3.997327999999999975e+03
4.828144000000000233e+03
5.673588999999999942e+03
6.843063000000000102e+03
8.226208000000000538e+03
9.885976000000000568e+03
