1.000000000000000000e+00
1.987999999999999989e+00
3.080000000000000071e+00
3.931999999999999940e+00
5.056000000000000050e+00
7.256000000000000227e+00
8.476000000000000867e+00
1.075600000000000023e+01
1.259200000000000053e+01
1.438799999999999990e+01
1.841600000000000037e+01
2.153200000000000003e+01
2.576399999999999935e+01
3.277600000000000335e+01
4.150800000000000267e+01
5.099199999999999733e+01
6.052000000000000313e+01
7.026399999999999579e+01
7.912000000000000455e+01
9.348000000000000398e+01
1.091200000000000045e+02
1.392959999999999923e+02
1.668160000000000025e+02
1.920320000000000107e+02
2.151839999999999975e+02
2.515680000000000121e+02
2.784479999999999791e+02
3.581680000000000064e+02
4.636960000000000264e+02
5.622880000000000109e+02
6.964479999999999791e+02
8.607999999999999545e+02
1.048983999999999924e+03
1.264759999999999991e+03
1.557647999999999911e+03
1.907276000000000067e+03
2.154344000000000051e+03
2.540480000000000018e+03
3.209704000000000178e+03
3.816608000000000175e+03
4.607768000000000029e+03
5.609840000000000146e+03
6.628688000000000102e+03
7.993404000000000451e+03
9.622308000000000902e+03
