1.000000000000000000e+00
1.840000000000000080e+00
2.815999999999999837e+00
4.075999999999999623e+00
5.559999999999999609e+00
8.240000000000000213e+00
9.064000000000000057e+00
1.138400000000000034e+01
1.335200000000000031e+01
1.529199999999999982e+01
1.904799999999999827e+01
2.189199999999999946e+01
2.606400000000000006e+01
3.125600000000000023e+01
3.843200000000000216e+01
4.448799999999999955e+01
5.365200000000000102e+01
6.240800000000000125e+01
7.076000000000000512e+01
8.323999999999999488e+01
1.007639999999999958e+02
1.165759999999999934e+02
1.364120000000000061e+02
1.643120000000000118e+02
2.085920000000000130e+02
2.518480000000000132e+02
3.024320000000000164e+02
3.625760000000000218e+02
4.328759999999999764e+02
5.316960000000000264e+02
6.187279999999999518e+02
7.063120000000000118e+02
8.505439999999999827e+02
1.010799999999999955e+03
1.299104000000000042e+03
1.593867999999999938e+03
1.907432000000000016e+03
2.371119999999999891e+03
2.890159999999999854e+03
3.386784000000000106e+03
4.302064000000000306e+03
5.415984000000000378e+03
6.682779999999999745e+03
8.291940000000000509e+03
1.009734399999999914e+04
