1.000000000000000000e+00
2.011000000000000121e+00
3.029999999999999805e+00
4.078999999999999737e+00
5.142000000000000348e+00
7.216000000000000192e+00
8.337999999999999190e+00
1.038899999999999935e+01
1.227999999999999936e+01
1.419400000000000084e+01
1.763599999999999923e+01
2.062399999999999878e+01
2.503600000000000136e+01
3.059400000000000119e+01
3.697899999999999920e+01
4.404599999999999937e+01
5.415899999999999892e+01
6.483599999999999852e+01
7.727400000000000091e+01
9.339000000000000057e+01
1.107039999999999935e+02
1.355459999999999923e+02
1.626999999999999886e+02
1.960800000000000125e+02
2.326719999999999970e+02
2.871940000000000168e+02
3.486739999999999782e+02
4.110939999999999941e+02
4.918750000000000000e+02
5.991069999999999709e+02
7.189360000000000355e+02
8.580979999999999563e+02
1.050203999999999951e+03
1.259978000000000065e+03
1.524799999999999955e+03
1.876084000000000060e+03
2.258318000000000211e+03
2.735235999999999876e+03
3.279565999999999804e+03
3.956213999999999942e+03
4.816434000000000196e+03
5.852003999999999905e+03
7.009512999999999920e+03
8.546158999999999651e+03
1.007364300000000003e+04
