1.000000000000000000e+00
2.004000000000000004e+00
3.112000000000000099e+00
4.240000000000000213e+00
5.575999999999999623e+00
8.295999999999999375e+00
9.407999999999999474e+00
1.172000000000000064e+01
1.315199999999999925e+01
1.515199999999999925e+01
1.893599999999999994e+01
2.296000000000000085e+01
2.790399999999999991e+01
3.428799999999999670e+01
4.327199999999999847e+01
5.018399999999999750e+01
5.867999999999999972e+01
6.905599999999999739e+01
8.059199999999999875e+01
1.000960000000000036e+02
1.189120000000000061e+02
1.407920000000000016e+02
1.632719999999999914e+02
1.956399999999999864e+02
2.197520000000000095e+02
2.542880000000000109e+02
3.123679999999999950e+02
3.849920000000000186e+02
4.765280000000000200e+02
5.924959999999999809e+02
7.216720000000000255e+02
8.865520000000000209e+02
1.094756000000000085e+03
1.295832000000000107e+03
1.589140000000000100e+03
1.921652000000000044e+03
2.227655999999999949e+03
2.757543999999999869e+03
3.241887999999999920e+03
3.965119999999999891e+03
4.848880000000000109e+03
5.708904000000000451e+03
7.148095999999999549e+03
8.495343999999999141e+03
1.025889199999999983e+04
