1.000000000000000000e+00
1.812000000000000055e+00
2.935999999999999943e+00
3.899999999999999911e+00
5.208000000000000185e+00
7.615999999999999659e+00
8.672000000000000597e+00
1.104400000000000048e+01
1.316000000000000014e+01
1.472000000000000064e+01
1.711199999999999832e+01
2.035600000000000165e+01
2.453999999999999915e+01
2.939999999999999858e+01
3.571999999999999886e+01
4.206400000000000006e+01
4.919599999999999795e+01
5.731199999999999761e+01
6.892799999999999727e+01
8.486400000000000432e+01
1.065759999999999934e+02
1.361279999999999859e+02
1.569199999999999875e+02
1.828720000000000141e+02
2.255840000000000032e+02
2.650960000000000036e+02
3.160799999999999841e+02
3.977919999999999732e+02
4.937200000000000273e+02
5.886040000000000418e+02
7.230960000000000036e+02
8.888880000000000337e+02
1.027127999999999929e+03
1.243119999999999891e+03
1.525968000000000075e+03
1.876387999999999920e+03
2.212784000000000106e+03
2.699472000000000207e+03
3.300983999999999924e+03
3.994079999999999927e+03
4.914047999999999774e+03
5.875944000000000415e+03
7.005247999999999593e+03
8.322272000000000844e+03
1.019950000000000000e+04
