1.000000000000000000e+00
1.965999999999999970e+00
3.128000000000000114e+00
4.060999999999999943e+00
5.179999999999999716e+00
7.160000000000000142e+00
7.849000000000000199e+00
9.571999999999999176e+00
1.128899999999999970e+01
1.266200000000000081e+01
1.463599999999999923e+01
1.618199999999999861e+01
1.807000000000000028e+01
2.105000000000000071e+01
2.468100000000000094e+01
2.813599999999999923e+01
3.232900000000000063e+01
3.763199999999999790e+01
4.286399999999999721e+01
4.928799999999999670e+01
5.599600000000000222e+01
6.669199999999999307e+01
8.200799999999999557e+01
1.034719999999999942e+02
1.285920000000000130e+02
1.612860000000000014e+02
2.012379999999999995e+02
2.561779999999999973e+02
3.184710000000000036e+02
3.759560000000000173e+02
4.609320000000000164e+02
5.817119999999999891e+02
7.261860000000000355e+02
9.072540000000000191e+02
1.160688000000000102e+03
1.481873000000000047e+03
1.834162000000000035e+03
2.238639999999999873e+03
2.750746000000000095e+03
3.510036000000000058e+03
4.287822000000000116e+03
5.171247999999999593e+03
6.421395999999999731e+03
7.760762999999999920e+03
9.606335999999999331e+03
