1.000000000000000000e+00
2.000000000000000000e+00
3.156000000000000139e+00
4.206999999999999851e+00
5.219999999999999751e+00
7.233999999999999986e+00
8.095000000000000639e+00
9.875000000000000000e+00
1.131199999999999939e+01
1.294999999999999929e+01
1.493399999999999928e+01
1.644000000000000128e+01
1.829100000000000037e+01
2.071999999999999886e+01
2.393700000000000117e+01
2.771399999999999864e+01
3.240999999999999659e+01
3.791199999999999903e+01
4.349799999999999756e+01
5.313799999999999812e+01
6.423199999999999932e+01
7.526600000000000534e+01
8.932800000000000296e+01
1.084200000000000017e+02
1.342460000000000093e+02
1.676020000000000039e+02
2.060600000000000023e+02
2.631279999999999859e+02
3.196059999999999945e+02
3.920049999999999955e+02
4.776779999999999973e+02
5.789640000000000555e+02
7.201470000000000482e+02
8.901159999999999854e+02
1.134570999999999913e+03
1.444066000000000031e+03
1.776326000000000022e+03
2.163981999999999971e+03
2.710550000000000182e+03
3.344103999999999814e+03
4.123192000000000007e+03
4.999216999999999643e+03
6.230779000000000451e+03
7.726465000000000146e+03
9.491157999999999447e+03
