1.000000000000000000e+00
2.048000000000000043e+00
3.391999999999999904e+00
4.596000000000000085e+00
6.112000000000000099e+00
8.615999999999999659e+00
9.875999999999999446e+00
1.224000000000000021e+01
1.455599999999999916e+01
1.652799999999999869e+01
1.971999999999999886e+01
2.218400000000000105e+01
2.645599999999999952e+01
3.280799999999999983e+01
3.711599999999999966e+01
4.268800000000000239e+01
5.115999999999999659e+01
5.949600000000000222e+01
6.771999999999999886e+01
7.235200000000000387e+01
8.054000000000000625e+01
9.391200000000000614e+01
1.091719999999999970e+02
1.266959999999999980e+02
1.415600000000000023e+02
1.476879999999999882e+02
1.704319999999999879e+02
2.058480000000000132e+02
2.460360000000000014e+02
3.017359999999999900e+02
3.674560000000000173e+02
4.534159999999999968e+02
5.845359999999999445e+02
7.453279999999999745e+02
9.406799999999999500e+02
1.158791999999999916e+03
1.412672000000000025e+03
1.702559999999999945e+03
2.120056000000000040e+03
2.532807999999999993e+03
3.075519999999999982e+03
3.851331999999999880e+03
4.560899999999999636e+03
5.732119999999999891e+03
7.118123999999999796e+03
