1.000000000000000000e+00
1.883999999999999897e+00
2.951999999999999957e+00
4.019999999999999574e+00
5.152000000000000135e+00
7.376000000000000334e+00
8.476000000000000867e+00
1.082399999999999984e+01
1.331199999999999939e+01
1.560800000000000054e+01
1.949599999999999866e+01
2.355199999999999960e+01
2.777599999999999980e+01
3.262400000000000233e+01
4.165999999999999659e+01
4.794400000000000261e+01
5.463199999999999790e+01
6.314399999999999835e+01
7.147199999999999420e+01
7.869599999999999795e+01
8.641200000000000614e+01
9.880800000000000693e+01
1.113439999999999941e+02
1.254399999999999977e+02
1.442880000000000109e+02
1.695279999999999916e+02
1.988480000000000132e+02
2.346239999999999952e+02
2.808199999999999932e+02
3.418600000000000136e+02
4.004639999999999986e+02
4.812320000000000277e+02
5.826760000000000446e+02
7.134959999999999809e+02
8.998640000000000327e+02
1.096544000000000096e+03
1.377367999999999938e+03
1.670064000000000078e+03
2.043127999999999929e+03
2.422864000000000033e+03
3.083568000000000211e+03
3.735364000000000033e+03
4.689895999999999731e+03
5.961631999999999607e+03
7.550463999999999942e+03
