1.000000000000000000e+00
2.041999999999999815e+00
3.036000000000000032e+00
4.009000000000000341e+00
4.927999999999999936e+00
7.017999999999999794e+00
8.079000000000000625e+00
1.018299999999999983e+01
1.220100000000000051e+01
1.429299999999999926e+01
1.707199999999999918e+01
1.983500000000000085e+01
2.366900000000000048e+01
2.926000000000000156e+01
3.602900000000000347e+01
4.398799999999999955e+01
5.289999999999999858e+01
6.230400000000000205e+01
7.339400000000000546e+01
8.768800000000000239e+01
1.068389999999999986e+02
1.292299999999999898e+02
1.581970000000000027e+02
1.968520000000000039e+02
2.377280000000000086e+02
2.840539999999999736e+02
3.344560000000000173e+02
4.106720000000000255e+02
4.910679999999999836e+02
5.942309999999999945e+02
7.261539999999999964e+02
8.688279999999999745e+02
1.043854000000000042e+03
1.254390000000000100e+03
1.494011999999999944e+03
1.816009000000000015e+03
2.251481999999999971e+03
2.705440000000000055e+03
3.301907999999999902e+03
3.938324000000000069e+03
4.771118000000000393e+03
5.647005000000000109e+03
6.733657000000000153e+03
8.061376000000000204e+03
9.781379999999999200e+03
