1.000000000000000000e+00
1.911999999999999922e+00
3.040000000000000036e+00
3.927999999999999936e+00
5.320000000000000284e+00
7.488000000000000433e+00
8.935999999999999943e+00
1.133600000000000030e+01
1.395599999999999952e+01
1.629599999999999937e+01
1.974399999999999977e+01
2.244399999999999906e+01
2.771600000000000108e+01
3.262400000000000233e+01
3.980799999999999983e+01
4.595199999999999818e+01
5.205599999999999739e+01
6.010399999999999920e+01
7.051999999999999602e+01
8.288800000000000523e+01
9.087999999999999545e+01
1.089360000000000070e+02
1.227680000000000007e+02
1.332959999999999923e+02
1.518480000000000132e+02
1.711759999999999877e+02
1.980560000000000116e+02
2.403120000000000118e+02
2.910640000000000214e+02
3.650199999999999818e+02
4.406639999999999873e+02
5.470800000000000409e+02
6.747680000000000291e+02
8.158400000000000318e+02
1.016307999999999993e+03
1.273907999999999902e+03
1.468920000000000073e+03
1.785807999999999993e+03
2.092576000000000022e+03
2.377831999999999880e+03
3.055887999999999920e+03
3.777443999999999960e+03
4.713212000000000444e+03
5.993431999999999789e+03
7.474844000000000051e+03
