1.000000000000000000e+00
2.048000000000000043e+00
3.120000000000000107e+00
4.187999999999999723e+00
5.488000000000000433e+00
7.344000000000000306e+00
8.007999999999999119e+00
1.031600000000000072e+01
1.282799999999999940e+01
1.517600000000000016e+01
1.816799999999999926e+01
2.190399999999999991e+01
2.551200000000000045e+01
3.115200000000000102e+01
3.761200000000000188e+01
4.525600000000000023e+01
5.457999999999999829e+01
6.520000000000000284e+01
7.912000000000000455e+01
9.550400000000000489e+01
1.125439999999999969e+02
1.371359999999999957e+02
1.666160000000000139e+02
1.924639999999999986e+02
2.313839999999999861e+02
2.625760000000000218e+02
3.175679999999999836e+02
3.921519999999999868e+02
4.729759999999999991e+02
5.635280000000000200e+02
6.920280000000000200e+02
8.104479999999999791e+02
9.955760000000000218e+02
1.176839999999999918e+03
1.393188000000000102e+03
1.784208000000000084e+03
2.167864000000000033e+03
2.678007999999999811e+03
3.198135999999999967e+03
3.974911999999999807e+03
4.790024000000000342e+03
5.557055999999999585e+03
6.579036000000000058e+03
7.961408000000000357e+03
9.465963999999999942e+03
