1.000000000000000000e+00
2.000000000000000000e+00
3.160000000000000142e+00
4.355999999999999872e+00
5.703999999999999737e+00
8.375999999999999446e+00
9.339999999999999858e+00
1.176399999999999935e+01
1.438400000000000034e+01
1.712800000000000011e+01
2.101599999999999824e+01
2.486799999999999855e+01
2.816799999999999926e+01
3.347200000000000131e+01
4.120400000000000063e+01
4.814399999999999835e+01
5.706000000000000227e+01
6.270400000000000063e+01
7.313599999999999568e+01
8.420799999999999841e+01
9.731199999999999761e+01
1.093119999999999976e+02
1.200120000000000005e+02
1.405440000000000111e+02
1.602800000000000011e+02
1.856719999999999970e+02
2.081680000000000064e+02
2.363839999999999861e+02
2.752959999999999923e+02
3.083639999999999759e+02
3.727200000000000273e+02
4.797679999999999723e+02
6.240159999999999627e+02
7.309840000000000373e+02
9.314880000000000564e+02
1.161683999999999969e+03
1.392008000000000038e+03
1.723096000000000004e+03
2.072096000000000004e+03
2.611351999999999862e+03
3.122864000000000033e+03
3.886572000000000116e+03
4.728192000000000007e+03
6.025123999999999796e+03
7.247952000000000226e+03
