1.000000000000000000e+00
1.993000000000000105e+00
2.970000000000000195e+00
4.035000000000000142e+00
5.099999999999999645e+00
7.158000000000000362e+00
8.169000000000000483e+00
1.040799999999999947e+01
1.263100000000000023e+01
1.456600000000000072e+01
1.745400000000000063e+01
2.071799999999999997e+01
2.468700000000000117e+01
2.951800000000000068e+01
3.571099999999999852e+01
4.295400000000000063e+01
5.187100000000000222e+01
6.331199999999999761e+01
7.455200000000000671e+01
8.965600000000000591e+01
1.104680000000000035e+02
1.334099999999999966e+02
1.593249999999999886e+02
1.903820000000000050e+02
2.326200000000000045e+02
2.847160000000000082e+02
3.430459999999999923e+02
3.976720000000000255e+02
4.798070000000000164e+02
5.877210000000000036e+02
6.930710000000000264e+02
8.533780000000000427e+02
1.042803000000000111e+03
1.277271999999999935e+03
1.525003999999999905e+03
1.827527000000000044e+03
2.176519999999999982e+03
2.647753999999999905e+03
3.188021999999999935e+03
3.848403999999999996e+03
4.689670000000000073e+03
5.642765000000000327e+03
6.900252000000000407e+03
8.133261000000000422e+03
9.862811999999999898e+03
