1.000000000000000000e+00
2.023000000000000131e+00
3.060000000000000053e+00
4.070000000000000284e+00
5.024000000000000021e+00
7.025999999999999801e+00
8.055999999999999162e+00
1.015799999999999947e+01
1.220899999999999963e+01
1.424600000000000044e+01
1.741000000000000014e+01
2.065500000000000114e+01
2.447500000000000142e+01
2.892999999999999972e+01
3.658400000000000318e+01
4.315800000000000125e+01
5.318800000000000239e+01
6.344800000000000040e+01
7.512999999999999545e+01
9.154200000000000159e+01
1.086530000000000058e+02
1.309639999999999986e+02
1.603919999999999959e+02
1.940780000000000030e+02
2.350120000000000005e+02
2.836960000000000264e+02
3.430059999999999718e+02
4.051100000000000136e+02
4.881899999999999977e+02
5.854450000000000500e+02
7.249400000000000546e+02
8.913859999999999673e+02
1.062950000000000045e+03
1.263288000000000011e+03
1.489733999999999924e+03
1.806593000000000075e+03
2.207659999999999854e+03
2.636268000000000029e+03
3.163248000000000047e+03
3.839806000000000040e+03
4.577192000000000007e+03
5.602890000000000327e+03
6.941534999999999854e+03
8.260230999999999767e+03
9.987361999999999171e+03
