1.000000000000000000e+00
2.024000000000000021e+00
3.016000000000000014e+00
3.967999999999999972e+00
4.975999999999999979e+00
7.016000000000000014e+00
8.023999999999999133e+00
9.916000000000000369e+00
1.178800000000000026e+01
1.398000000000000043e+01
1.663200000000000145e+01
1.971199999999999974e+01
2.280000000000000071e+01
2.694399999999999906e+01
3.472800000000000153e+01
3.867199999999999704e+01
4.752400000000000091e+01
5.801599999999999824e+01
6.846399999999999864e+01
8.819199999999999307e+01
1.127800000000000011e+02
1.350000000000000000e+02
1.581759999999999877e+02
1.946959999999999980e+02
2.447359999999999900e+02
2.995199999999999818e+02
3.648240000000000123e+02
4.229839999999999804e+02
4.775079999999999814e+02
5.755359999999999445e+02
7.234640000000000555e+02
9.045119999999999436e+02
1.067460000000000036e+03
1.271599999999999909e+03
1.545180000000000064e+03
1.898319999999999936e+03
2.354519999999999982e+03
2.745856000000000222e+03
3.374920000000000073e+03
4.238167999999999665e+03
5.142895999999999731e+03
6.133496000000000095e+03
7.468220000000000255e+03
8.879347999999999956e+03
1.080406799999999930e+04
