1.000000000000000000e+00
1.971999999999999975e+00
3.000000000000000000e+00
3.923999999999999932e+00
5.088000000000000078e+00
7.384000000000000341e+00
8.596000000000000085e+00
1.063199999999999967e+01
1.301600000000000001e+01
1.502800000000000047e+01
1.903200000000000003e+01
2.251999999999999957e+01
2.749200000000000088e+01
3.284799999999999898e+01
3.853600000000000136e+01
4.352000000000000313e+01
5.225999999999999801e+01
6.024000000000000199e+01
6.818399999999999750e+01
8.037600000000000477e+01
9.265200000000000102e+01
1.045999999999999943e+02
1.162240000000000038e+02
1.284799999999999898e+02
1.447839999999999918e+02
1.791359999999999957e+02
2.099759999999999991e+02
2.383919999999999959e+02
2.882119999999999891e+02
3.438600000000000136e+02
4.147640000000000100e+02
5.415119999999999436e+02
6.357480000000000473e+02
7.661119999999999663e+02
9.151799999999999500e+02
1.095536000000000058e+03
1.427503999999999905e+03
1.696503999999999905e+03
2.024592000000000098e+03
2.442304000000000087e+03
3.052208000000000084e+03
3.857588000000000193e+03
4.857144000000000233e+03
6.113543999999999869e+03
7.854555999999999585e+03
