1.000000000000000000e+00
1.975999999999999979e+00
3.064000000000000057e+00
4.149000000000000021e+00
5.121999999999999886e+00
7.177999999999999936e+00
8.117000000000000881e+00
1.009600000000000009e+01
1.214199999999999946e+01
1.438799999999999990e+01
1.745400000000000063e+01
2.072500000000000142e+01
2.452700000000000102e+01
2.907999999999999829e+01
3.629999999999999716e+01
4.321399999999999864e+01
5.249000000000000199e+01
6.400000000000000000e+01
7.616800000000000637e+01
9.228799999999999670e+01
1.127399999999999949e+02
1.368040000000000020e+02
1.672100000000000080e+02
1.992079999999999984e+02
2.397800000000000011e+02
2.873740000000000236e+02
3.462660000000000196e+02
4.218020000000000209e+02
5.077590000000000146e+02
6.053700000000000045e+02
7.352549999999999955e+02
8.816380000000000337e+02
1.061888999999999896e+03
1.278127999999999929e+03
1.543365999999999985e+03
1.856347999999999956e+03
2.197068000000000211e+03
2.682942000000000007e+03
3.188501999999999953e+03
3.824887999999999920e+03
4.637217999999999847e+03
5.641786000000000058e+03
6.796023000000000138e+03
8.021046000000000276e+03
9.789096999999999753e+03
