1.000000000000000000e+00
1.881999999999999895e+00
3.044000000000000039e+00
4.065000000000000391e+00
5.155999999999999694e+00
7.129999999999999893e+00
7.740000000000000213e+00
9.573000000000000398e+00
1.125600000000000023e+01
1.251099999999999923e+01
1.480400000000000027e+01
1.655300000000000082e+01
1.858699999999999974e+01
2.129599999999999937e+01
2.536299999999999955e+01
2.841400000000000148e+01
3.213199999999999790e+01
3.725399999999999778e+01
4.184000000000000341e+01
5.046999999999999886e+01
5.847099999999999653e+01
6.998000000000000398e+01
8.601200000000000045e+01
1.037240000000000038e+02
1.231340000000000003e+02
1.572700000000000102e+02
1.939519999999999982e+02
2.374099999999999966e+02
2.910670000000000073e+02
3.575389999999999873e+02
4.402300000000000182e+02
5.438379999999999654e+02
6.805869999999999891e+02
8.662300000000000182e+02
1.089311999999999898e+03
1.382342000000000098e+03
1.735561999999999898e+03
2.193264000000000124e+03
2.762998000000000047e+03
3.452039999999999964e+03
4.377944000000000415e+03
5.432685000000000400e+03
6.625521999999999935e+03
7.893663999999999760e+03
9.684673000000000684e+03
