1.000000000000000000e+00
1.935999999999999943e+00
3.056000000000000050e+00
4.059999999999999609e+00
5.008000000000000007e+00
7.472000000000000419e+00
8.923999999999999488e+00
1.135599999999999987e+01
1.424399999999999977e+01
1.630000000000000071e+01
2.005600000000000094e+01
2.388800000000000168e+01
2.818799999999999883e+01
3.513600000000000279e+01
4.347599999999999909e+01
5.190400000000000347e+01
6.002799999999999869e+01
7.301600000000000534e+01
8.408799999999999386e+01
9.300799999999999557e+01
1.130720000000000027e+02
1.360320000000000107e+02
1.553600000000000136e+02
1.776320000000000050e+02
2.079360000000000070e+02
2.522479999999999905e+02
2.935360000000000014e+02
3.463120000000000118e+02
4.298360000000000127e+02
5.373799999999999955e+02
6.777039999999999509e+02
8.148479999999999563e+02
9.943279999999999745e+02
1.250079999999999927e+03
1.515579999999999927e+03
1.923420000000000073e+03
2.171519999999999982e+03
2.539192000000000007e+03
3.168688000000000102e+03
3.762376000000000204e+03
4.417384000000000015e+03
5.613904000000000451e+03
6.814735999999999876e+03
8.243659999999999854e+03
9.987708000000000538e+03
