1.000000000000000000e+00
2.040000000000000036e+00
3.248000000000000220e+00
4.379999999999999893e+00
5.440000000000000391e+00
8.151999999999999247e+00
9.448000000000000398e+00
1.208399999999999963e+01
1.401200000000000045e+01
1.640399999999999991e+01
2.042399999999999949e+01
2.360000000000000142e+01
2.833200000000000074e+01
3.420000000000000284e+01
4.056799999999999784e+01
4.705599999999999739e+01
5.428000000000000114e+01
6.181600000000000250e+01
6.894400000000000261e+01
7.979200000000000159e+01
9.203600000000000136e+01
1.037680000000000007e+02
1.187600000000000051e+02
1.390399999999999920e+02
1.634480000000000075e+02
1.888079999999999927e+02
2.280399999999999920e+02
2.836879999999999882e+02
3.297640000000000100e+02
3.745799999999999841e+02
4.650160000000000196e+02
5.812160000000000082e+02
7.201799999999999500e+02
8.671440000000000055e+02
1.064491999999999962e+03
1.303044000000000096e+03
1.612824000000000069e+03
1.950327999999999975e+03
2.350407999999999902e+03
2.947480000000000018e+03
3.502248000000000047e+03
4.283395999999999731e+03
4.989615999999999985e+03
6.309627999999999702e+03
7.848623999999999796e+03
