1.000000000000000000e+00
1.879999999999999893e+00
2.967999999999999972e+00
4.264000000000000234e+00
5.743999999999999773e+00
8.247999999999999332e+00
9.564000000000000057e+00
1.183200000000000074e+01
1.402800000000000047e+01
1.619600000000000151e+01
2.079200000000000159e+01
2.433999999999999986e+01
2.863200000000000145e+01
3.356799999999999784e+01
3.985999999999999943e+01
4.752000000000000313e+01
5.561599999999999966e+01
6.520000000000000284e+01
7.538400000000000034e+01
8.301600000000000534e+01
9.462399999999999523e+01
1.118640000000000043e+02
1.306080000000000041e+02
1.496239999999999952e+02
1.736800000000000068e+02
2.032880000000000109e+02
2.446800000000000068e+02
2.809440000000000168e+02
3.329399999999999977e+02
3.807040000000000077e+02
4.693799999999999955e+02
5.882319999999999709e+02
7.268400000000000318e+02
7.996079999999999472e+02
1.006731999999999971e+03
1.200903999999999996e+03
1.434448000000000093e+03
1.639951999999999998e+03
1.913296000000000049e+03
2.357903999999999996e+03
2.956840000000000146e+03
3.420192000000000007e+03
4.444956000000000131e+03
5.887020000000000437e+03
7.336923999999999978e+03
