1.000000000000000000e+00
2.060000000000000053e+00
3.152000000000000135e+00
4.192000000000000171e+00
5.328000000000000291e+00
7.551999999999999602e+00
8.391999999999999460e+00
1.049600000000000044e+01
1.281600000000000072e+01
1.500000000000000000e+01
1.849599999999999866e+01
2.099200000000000088e+01
2.523199999999999932e+01
3.105600000000000094e+01
3.875200000000000244e+01
4.670400000000000063e+01
5.453600000000000136e+01
6.556000000000000227e+01
7.827200000000000557e+01
9.112000000000000455e+01
1.081880000000000024e+02
1.304000000000000057e+02
1.586440000000000055e+02
1.908799999999999955e+02
2.320399999999999920e+02
2.711519999999999868e+02
3.198000000000000114e+02
4.142239999999999895e+02
4.957640000000000100e+02
5.906839999999999691e+02
7.219800000000000182e+02
8.559120000000000346e+02
1.015783999999999992e+03
1.216200000000000045e+03
1.502819999999999936e+03
1.900443999999999960e+03
2.206351999999999862e+03
2.551135999999999967e+03
3.128447999999999865e+03
3.718088000000000193e+03
4.232456000000000131e+03
5.024136000000000422e+03
6.084735999999999876e+03
7.735720000000000255e+03
9.339755999999999403e+03
