1.000000000000000000e+00
2.100000000000000089e+00
3.168000000000000149e+00
4.208000000000000185e+00
5.511999999999999567e+00
7.647999999999999687e+00
8.772000000000000242e+00
1.091200000000000081e+01
1.352800000000000047e+01
1.598000000000000043e+01
1.948000000000000043e+01
2.290800000000000125e+01
2.626800000000000068e+01
3.235999999999999943e+01
3.885600000000000165e+01
4.520799999999999841e+01
5.610799999999999699e+01
6.850400000000000489e+01
7.883199999999999363e+01
9.119199999999999307e+01
1.009159999999999968e+02
1.148640000000000043e+02
1.409480000000000075e+02
1.713120000000000118e+02
2.025279999999999916e+02
2.508640000000000043e+02
3.096879999999999882e+02
3.751759999999999877e+02
4.498240000000000123e+02
5.372440000000000282e+02
6.566599999999999682e+02
7.863920000000000528e+02
9.601079999999999472e+02
1.163119999999999891e+03
1.404844000000000051e+03
1.725943999999999960e+03
2.080791999999999916e+03
2.587431999999999789e+03
3.160079999999999927e+03
3.693871999999999844e+03
4.409783999999999651e+03
5.270184000000000196e+03
6.400460000000000036e+03
7.758380000000000109e+03
9.726079999999999927e+03
