1.000000000000000000e+00
2.112000000000000099e+00
3.200000000000000178e+00
4.043999999999999595e+00
5.160000000000000142e+00
7.488000000000000433e+00
8.564000000000000057e+00
1.066399999999999970e+01
1.286400000000000077e+01
1.593200000000000038e+01
1.957600000000000051e+01
2.394800000000000040e+01
2.839600000000000080e+01
3.379200000000000159e+01
3.974799999999999756e+01
4.699199999999999733e+01
5.564000000000000057e+01
6.577599999999999625e+01
7.742400000000000659e+01
9.411199999999999477e+01
1.049399999999999977e+02
1.258160000000000025e+02
1.485399999999999920e+02
1.717280000000000086e+02
2.015519999999999925e+02
2.434399999999999977e+02
2.854479999999999791e+02
3.529440000000000168e+02
4.437959999999999923e+02
5.522039999999999509e+02
6.535399999999999636e+02
7.935439999999999827e+02
9.700320000000000391e+02
1.179144000000000005e+03
1.431644000000000005e+03
1.842051999999999907e+03
2.215175999999999931e+03
2.664391999999999825e+03
3.272000000000000000e+03
3.927840000000000146e+03
4.607104000000000269e+03
5.647315999999999804e+03
6.816935999999999694e+03
8.303352000000000771e+03
9.449943999999999505e+03
