1.000000000000000000e+00
2.048000000000000043e+00
3.080000000000000071e+00
4.027999999999999581e+00
4.735999999999999766e+00
6.567999999999999616e+00
7.519999999999999574e+00
9.428000000000000824e+00
1.147600000000000087e+01
1.325600000000000023e+01
1.619200000000000017e+01
1.915200000000000102e+01
2.321600000000000108e+01
2.910399999999999920e+01
3.496800000000000352e+01
4.300000000000000000e+01
5.074799999999999756e+01
6.495199999999999818e+01
7.731999999999999318e+01
9.259999999999999432e+01
1.143040000000000020e+02
1.407040000000000077e+02
1.691160000000000139e+02
2.007599999999999909e+02
2.391759999999999877e+02
2.778159999999999741e+02
3.355120000000000005e+02
4.094399999999999977e+02
4.990120000000000005e+02
6.067599999999999909e+02
7.287039999999999509e+02
8.685040000000000191e+02
9.985119999999999436e+02
1.193551999999999907e+03
1.460463999999999942e+03
1.797688000000000102e+03
2.211960000000000036e+03
2.602576000000000022e+03
3.311320000000000164e+03
3.984280000000000200e+03
4.737344000000000051e+03
5.555931999999999789e+03
6.662963999999999942e+03
8.090148000000000138e+03
9.880656000000000859e+03
