1.000000000000000000e+00
1.995999999999999996e+00
3.144000000000000128e+00
4.208000000000000185e+00
5.304000000000000270e+00
7.456000000000000405e+00
8.551999999999999602e+00
1.146000000000000085e+01
1.407199999999999918e+01
1.637199999999999989e+01
2.054400000000000048e+01
2.422800000000000153e+01
2.836400000000000077e+01
3.268800000000000239e+01
4.178000000000000114e+01
4.947200000000000131e+01
5.792000000000000171e+01
7.084799999999999898e+01
8.031999999999999318e+01
9.501600000000000534e+01
1.155120000000000005e+02
1.374879999999999995e+02
1.591879999999999882e+02
1.822719999999999914e+02
2.277839999999999918e+02
2.764959999999999809e+02
3.388960000000000150e+02
4.086800000000000068e+02
4.800760000000000218e+02
5.816559999999999491e+02
7.394360000000000355e+02
8.996000000000000227e+02
1.039788000000000011e+03
1.276615999999999985e+03
1.618756000000000085e+03
1.985336000000000013e+03
2.391679999999999836e+03
2.767072000000000116e+03
3.455184000000000196e+03
3.985159999999999854e+03
4.806279999999999745e+03
5.892212000000000444e+03
6.996768000000000029e+03
8.195819999999999709e+03
9.863316000000000713e+03
