1.000000000000000000e+00
2.020999999999999908e+00
3.136000000000000121e+00
4.157000000000000028e+00
5.131999999999999673e+00
7.091999999999999638e+00
8.099999999999999645e+00
9.869999999999999218e+00
1.179599999999999937e+01
1.342900000000000027e+01
1.646000000000000085e+01
1.930300000000000082e+01
2.295200000000000173e+01
2.739999999999999858e+01
3.380499999999999972e+01
4.011399999999999721e+01
4.842099999999999937e+01
5.957200000000000273e+01
7.065399999999999636e+01
8.520600000000000307e+01
1.036050000000000040e+02
1.262180000000000035e+02
1.543969999999999914e+02
1.886339999999999861e+02
2.287059999999999889e+02
2.730219999999999914e+02
3.324700000000000273e+02
4.074320000000000164e+02
4.824889999999999759e+02
5.905489999999999782e+02
7.079080000000000155e+02
8.727839999999999918e+02
1.048325000000000045e+03
1.265791999999999916e+03
1.499290999999999940e+03
1.796951999999999998e+03
2.133641999999999825e+03
2.548130000000000109e+03
3.050806000000000040e+03
3.730713999999999942e+03
4.575837999999999738e+03
5.635032000000000153e+03
6.766685999999999694e+03
8.320233000000000175e+03
9.806755999999999403e+03
