1.000000000000000000e+00
1.947999999999999954e+00
3.184000000000000163e+00
4.224000000000000199e+00
5.488000000000000433e+00
8.208000000000000185e+00
9.407999999999999474e+00
1.174000000000000021e+01
1.395599999999999952e+01
1.614399999999999835e+01
1.907199999999999918e+01
2.221199999999999974e+01
2.621199999999999974e+01
3.109600000000000009e+01
3.804800000000000182e+01
4.500800000000000267e+01
5.412800000000000011e+01
6.693600000000000705e+01
8.016800000000000637e+01
9.153600000000000136e+01
1.051640000000000015e+02
1.269360000000000070e+02
1.491320000000000050e+02
1.828559999999999945e+02
2.205680000000000121e+02
2.611759999999999877e+02
3.298559999999999945e+02
3.992959999999999923e+02
4.930319999999999823e+02
6.088279999999999745e+02
7.227680000000000291e+02
8.546240000000000236e+02
1.081491999999999962e+03
1.241592000000000098e+03
1.472776000000000067e+03
1.809672000000000025e+03
2.141896000000000186e+03
2.607519999999999982e+03
3.064447999999999865e+03
3.738831999999999880e+03
4.390568000000000211e+03
5.245608000000000175e+03
6.310496000000000095e+03
7.984131999999999607e+03
9.895727999999999156e+03
