1.000000000000000000e+00
1.947000000000000064e+00
3.149999999999999911e+00
4.136000000000000121e+00
5.214000000000000412e+00
7.269999999999999574e+00
8.183999999999999275e+00
9.867000000000000881e+00
1.127899999999999991e+01
1.292800000000000082e+01
1.489000000000000057e+01
1.626699999999999946e+01
1.859700000000000131e+01
2.164600000000000080e+01
2.527700000000000102e+01
2.821399999999999864e+01
3.242900000000000205e+01
3.706600000000000250e+01
4.367600000000000193e+01
5.035600000000000165e+01
6.035000000000000142e+01
7.404399999999999693e+01
9.075199999999999534e+01
1.125520000000000067e+02
1.344720000000000084e+02
1.680279999999999916e+02
2.043360000000000127e+02
2.540900000000000034e+02
3.103720000000000141e+02
3.777529999999999859e+02
4.627010000000000218e+02
5.651939999999999600e+02
6.933780000000000427e+02
8.422839999999999918e+02
1.072844000000000051e+03
1.360053000000000111e+03
1.733430000000000064e+03
2.199521999999999935e+03
2.864110000000000127e+03
3.531150000000000091e+03
4.343109999999999673e+03
5.284918999999999869e+03
6.387087999999999738e+03
7.645310999999999694e+03
9.591364999999999782e+03
