1.000000000000000000e+00
2.032000000000000028e+00
3.144000000000000128e+00
4.291999999999999815e+00
5.376000000000000334e+00
7.591999999999999638e+00
8.791999999999999815e+00
1.085200000000000031e+01
1.241999999999999993e+01
1.489199999999999946e+01
1.809600000000000009e+01
2.056400000000000006e+01
2.438400000000000034e+01
2.878399999999999892e+01
3.559199999999999875e+01
4.171999999999999886e+01
5.107999999999999829e+01
6.406399999999999295e+01
7.287999999999999545e+01
8.800799999999999557e+01
1.045360000000000014e+02
1.219440000000000026e+02
1.536639999999999873e+02
1.859919999999999902e+02
2.385999999999999943e+02
2.858159999999999741e+02
3.524320000000000164e+02
4.168240000000000123e+02
5.031920000000000073e+02
5.967480000000000473e+02
7.050119999999999436e+02
8.769840000000000373e+02
1.034571999999999889e+03
1.225344000000000051e+03
1.505236000000000104e+03
1.801887999999999920e+03
2.270943999999999960e+03
2.712719999999999800e+03
3.250695999999999913e+03
4.037304000000000087e+03
4.971271999999999935e+03
6.175908000000000357e+03
7.379612000000000080e+03
9.194396000000000640e+03
1.096994399999999951e+04
