1.000000000000000000e+00
1.987999999999999989e+00
3.168000000000000149e+00
4.227999999999999758e+00
5.200000000000000178e+00
7.264000000000000234e+00
7.879999999999999893e+00
9.944000000000000838e+00
1.202800000000000047e+01
1.333200000000000074e+01
1.636799999999999855e+01
1.904799999999999827e+01
2.228000000000000114e+01
2.789600000000000080e+01
3.456000000000000227e+01
4.264000000000000057e+01
5.115599999999999881e+01
6.356799999999999784e+01
7.618399999999999750e+01
9.048799999999999955e+01
1.111479999999999961e+02
1.331440000000000055e+02
1.575560000000000116e+02
1.905039999999999907e+02
2.307280000000000086e+02
2.741840000000000259e+02
3.317679999999999723e+02
4.138240000000000123e+02
5.110160000000000196e+02
6.166920000000000073e+02
7.464719999999999800e+02
8.859840000000000373e+02
1.040087999999999965e+03
1.232640000000000100e+03
1.466016000000000076e+03
1.751291999999999916e+03
2.072199999999999818e+03
2.574632000000000062e+03
3.066320000000000164e+03
3.686943999999999960e+03
4.443463999999999942e+03
5.480960000000000036e+03
6.643216000000000349e+03
7.917363999999999578e+03
9.436860000000000582e+03
