1.000000000000000000e+00
1.939999999999999947e+00
2.991999999999999993e+00
4.080000000000000071e+00
5.288000000000000256e+00
7.695999999999999730e+00
8.715999999999999304e+00
1.125200000000000067e+01
1.400399999999999956e+01
1.642399999999999949e+01
1.964799999999999969e+01
2.333999999999999986e+01
2.807199999999999918e+01
3.273599999999999710e+01
3.879200000000000159e+01
4.466400000000000148e+01
5.112400000000000233e+01
6.278399999999999892e+01
7.771200000000000330e+01
9.265600000000000591e+01
1.151640000000000015e+02
1.391119999999999948e+02
1.658919999999999959e+02
1.974480000000000075e+02
2.430720000000000027e+02
2.946000000000000227e+02
3.277760000000000105e+02
3.643600000000000136e+02
4.466560000000000059e+02
5.333759999999999764e+02
6.740320000000000391e+02
8.487999999999999545e+02
9.960520000000000209e+02
1.209480000000000018e+03
1.496832000000000107e+03
1.788099999999999909e+03
2.190224000000000160e+03
2.606351999999999862e+03
3.083096000000000004e+03
3.799168000000000120e+03
4.498463999999999942e+03
5.219688000000000102e+03
6.401627999999999702e+03
7.818224000000000160e+03
9.545984000000000378e+03
