1.000000000000000000e+00
2.076000000000000068e+00
2.975999999999999979e+00
3.891999999999999904e+00
4.791999999999999815e+00
7.008000000000000007e+00
7.908000000000000362e+00
9.903999999999999915e+00
1.206400000000000006e+01
1.425999999999999979e+01
1.719999999999999929e+01
2.032400000000000162e+01
2.419999999999999929e+01
2.941600000000000037e+01
3.597200000000000131e+01
4.410399999999999920e+01
5.295199999999999818e+01
6.609600000000000364e+01
8.012000000000000455e+01
9.421599999999999397e+01
1.122879999999999967e+02
1.373040000000000020e+02
1.634240000000000066e+02
1.887280000000000086e+02
2.229360000000000070e+02
2.644959999999999809e+02
3.135280000000000200e+02
3.813759999999999764e+02
4.697200000000000273e+02
5.878319999999999936e+02
6.917039999999999509e+02
8.370399999999999636e+02
1.043403999999999996e+03
1.249071999999999889e+03
1.435087999999999965e+03
1.677836000000000013e+03
2.094775999999999840e+03
2.544280000000000200e+03
3.070704000000000178e+03
3.625552000000000135e+03
4.261631999999999607e+03
5.113604000000000269e+03
6.082100000000000364e+03
7.542583999999999833e+03
9.413647999999999229e+03
