1.000000000000000000e+00
2.056000000000000050e+00
3.040000000000000036e+00
4.032000000000000028e+00
4.775999999999999801e+00
6.823999999999999844e+00
7.839999999999999858e+00
1.005199999999999960e+01
1.193599999999999994e+01
1.378800000000000026e+01
1.634400000000000119e+01
1.952400000000000091e+01
2.318799999999999883e+01
2.780799999999999983e+01
3.481199999999999761e+01
4.150399999999999778e+01
5.000399999999999778e+01
6.167199999999999704e+01
7.425600000000000023e+01
8.718399999999999750e+01
1.032680000000000007e+02
1.214879999999999995e+02
1.517760000000000105e+02
1.774960000000000093e+02
2.145600000000000023e+02
2.615520000000000209e+02
3.175679999999999836e+02
3.906480000000000246e+02
4.912400000000000091e+02
6.146799999999999500e+02
7.649080000000000155e+02
9.412480000000000473e+02
1.077503999999999905e+03
1.288215999999999894e+03
1.520008000000000038e+03
1.913099999999999909e+03
2.276992000000000189e+03
2.730152000000000044e+03
3.315519999999999982e+03
4.171416000000000167e+03
4.958224000000000160e+03
5.988872000000000298e+03
7.190416000000000167e+03
8.665843999999999141e+03
1.046830800000000090e+04
