1.000000000000000000e+00
1.967999999999999972e+00
3.120000000000000107e+00
4.216000000000000192e+00
4.855999999999999872e+00
7.032000000000000028e+00
8.019999999999999574e+00
9.948000000000000398e+00
1.183999999999999986e+01
1.355199999999999960e+01
1.660000000000000142e+01
1.953600000000000136e+01
2.294399999999999906e+01
2.736799999999999855e+01
3.592799999999999727e+01
4.284000000000000341e+01
5.215599999999999881e+01
6.348799999999999955e+01
7.753600000000000136e+01
9.729600000000000648e+01
1.184839999999999947e+02
1.367760000000000105e+02
1.685039999999999907e+02
2.011359999999999957e+02
2.335519999999999925e+02
2.772160000000000082e+02
3.266159999999999854e+02
3.811440000000000055e+02
4.615160000000000196e+02
5.963959999999999582e+02
6.815760000000000218e+02
8.342400000000000091e+02
1.027223999999999933e+03
1.289119999999999891e+03
1.515415999999999940e+03
1.876412000000000035e+03
2.267143999999999778e+03
2.750032000000000153e+03
3.343239999999999782e+03
3.892775999999999840e+03
4.508807999999999993e+03
5.252868000000000393e+03
6.279615999999999985e+03
7.353036000000000058e+03
8.921863999999999578e+03
