1.000000000000000000e+00
1.991000000000000103e+00
3.100000000000000089e+00
4.174000000000000377e+00
5.354000000000000092e+00
7.299999999999999822e+00
8.253999999999999559e+00
9.894000000000000128e+00
1.142900000000000027e+01
1.311700000000000088e+01
1.512599999999999945e+01
1.665500000000000114e+01
1.883999999999999986e+01
2.153399999999999892e+01
2.525799999999999912e+01
2.894600000000000151e+01
3.364000000000000057e+01
3.789200000000000301e+01
4.325399999999999778e+01
5.101200000000000045e+01
6.164699999999999847e+01
7.484399999999999409e+01
9.162300000000000466e+01
1.119959999999999951e+02
1.393199999999999932e+02
1.675960000000000036e+02
2.052800000000000011e+02
2.513400000000000034e+02
3.080679999999999836e+02
3.781510000000000105e+02
4.674660000000000082e+02
5.721900000000000546e+02
7.137010000000000218e+02
9.086359999999999673e+02
1.163314000000000078e+03
1.461589999999999918e+03
1.805496000000000095e+03
2.303192000000000007e+03
2.855347999999999956e+03
3.566795999999999822e+03
4.295952000000000226e+03
5.221969000000000051e+03
6.318405999999999949e+03
7.676505000000000109e+03
9.449457000000000335e+03
