1.000000000000000000e+00
2.071000000000000174e+00
3.008000000000000007e+00
3.998000000000000220e+00
5.046000000000000263e+00
6.902000000000000135e+00
7.889000000000000234e+00
9.632999999999999119e+00
1.161299999999999955e+01
1.342999999999999972e+01
1.682400000000000162e+01
1.993900000000000006e+01
2.350100000000000122e+01
2.857000000000000028e+01
3.519500000000000028e+01
4.248400000000000176e+01
5.186299999999999955e+01
6.314399999999999835e+01
7.443600000000000705e+01
9.132599999999999341e+01
1.116730000000000018e+02
1.368259999999999934e+02
1.628019999999999925e+02
1.926440000000000055e+02
2.309420000000000073e+02
2.759460000000000264e+02
3.279379999999999882e+02
4.071720000000000255e+02
4.893829999999999814e+02
5.881169999999999618e+02
7.156050000000000182e+02
8.481019999999999754e+02
1.037586999999999989e+03
1.268682000000000016e+03
1.505771999999999935e+03
1.832866999999999962e+03
2.228385999999999967e+03
2.750652000000000044e+03
3.330465999999999894e+03
3.963255999999999858e+03
4.814036000000000058e+03
5.761292999999999665e+03
6.796203000000000429e+03
8.377914000000000669e+03
1.002952499999999964e+04
