1.000000000000000000e+00
1.983999999999999986e+00
3.176000000000000156e+00
4.222000000000000419e+00
5.362000000000000099e+00
7.099999999999999645e+00
8.045999999999999375e+00
9.750000000000000000e+00
1.107799999999999940e+01
1.261899999999999977e+01
1.477999999999999936e+01
1.635900000000000176e+01
1.848400000000000176e+01
2.144800000000000040e+01
2.472899999999999920e+01
2.797800000000000153e+01
3.247200000000000131e+01
3.720400000000000063e+01
4.332000000000000028e+01
5.271399999999999864e+01
6.399900000000000233e+01
8.039199999999999591e+01
9.854699999999999704e+01
1.170939999999999941e+02
1.432500000000000000e+02
1.766440000000000055e+02
2.179019999999999868e+02
2.667699999999999818e+02
3.281209999999999809e+02
3.998009999999999877e+02
4.784379999999999882e+02
5.949099999999999682e+02
7.481960000000000264e+02
9.297160000000000082e+02
1.186557000000000016e+03
1.472734999999999900e+03
1.811799999999999955e+03
2.255838000000000193e+03
2.832619999999999891e+03
3.461793999999999869e+03
4.260673999999999978e+03
5.299344000000000051e+03
6.534606999999999971e+03
7.885072000000000116e+03
9.772873999999999796e+03
