1.000000000000000000e+00
1.989000000000000101e+00
2.946000000000000174e+00
3.947999999999999954e+00
4.902000000000000135e+00
6.804000000000000270e+00
7.822000000000000064e+00
9.928000000000000824e+00
1.208600000000000030e+01
1.405700000000000038e+01
1.704599999999999937e+01
1.997800000000000153e+01
2.435399999999999920e+01
2.952799999999999869e+01
3.596600000000000108e+01
4.254399999999999693e+01
5.185499999999999687e+01
6.378799999999999670e+01
7.593999999999999773e+01
9.244199999999999307e+01
1.125540000000000020e+02
1.366220000000000141e+02
1.646879999999999882e+02
1.927160000000000082e+02
2.346920000000000073e+02
2.825339999999999918e+02
3.405500000000000114e+02
3.977919999999999732e+02
4.854309999999999832e+02
5.854859999999999900e+02
7.175739999999999554e+02
8.481259999999999764e+02
1.036678000000000111e+03
1.257210000000000036e+03
1.514722999999999956e+03
1.860651000000000067e+03
2.196969999999999800e+03
2.709846000000000004e+03
3.311867999999999938e+03
4.025157999999999902e+03
4.812252000000000407e+03
5.776472999999999956e+03
7.031274999999999636e+03
8.372809999999999491e+03
1.041273500000000058e+04
