1.000000000000000000e+00
2.020000000000000018e+00
3.112000000000000099e+00
4.035999999999999588e+00
5.072000000000000064e+00
7.056000000000000050e+00
8.243999999999999773e+00
1.071199999999999974e+01
1.198000000000000043e+01
1.417200000000000060e+01
1.687999999999999901e+01
2.032799999999999940e+01
2.385200000000000031e+01
2.800799999999999912e+01
3.575200000000000244e+01
4.205599999999999739e+01
5.085999999999999943e+01
6.456000000000000227e+01
7.720799999999999841e+01
9.500000000000000000e+01
1.149000000000000057e+02
1.385840000000000032e+02
1.718439999999999941e+02
2.040639999999999930e+02
2.364799999999999898e+02
2.981840000000000259e+02
3.494239999999999782e+02
4.340559999999999832e+02
5.276839999999999691e+02
6.284600000000000364e+02
7.633799999999999955e+02
8.871440000000000055e+02
1.023991999999999962e+03
1.214640000000000100e+03
1.484480000000000018e+03
1.696435999999999922e+03
2.091735999999999876e+03
2.527056000000000040e+03
3.156936000000000149e+03
3.814327999999999975e+03
4.470207999999999629e+03
5.332275999999999840e+03
6.651996000000000095e+03
7.927555999999999585e+03
9.301907999999999447e+03
