1.000000000000000000e+00
1.955999999999999961e+00
3.024000000000000021e+00
4.014999999999999680e+00
4.982000000000000206e+00
6.921999999999999709e+00
7.980999999999999872e+00
9.962999999999999190e+00
1.214000000000000057e+01
1.407199999999999918e+01
1.742200000000000060e+01
2.039699999999999847e+01
2.441600000000000037e+01
2.921600000000000108e+01
3.712599999999999767e+01
4.468800000000000239e+01
5.247099999999999653e+01
6.368599999999999994e+01
7.664799999999999613e+01
9.178600000000000136e+01
1.124939999999999998e+02
1.356339999999999861e+02
1.611599999999999966e+02
1.978139999999999930e+02
2.371500000000000057e+02
2.893140000000000214e+02
3.531560000000000059e+02
4.199800000000000182e+02
5.110369999999999777e+02
6.048980000000000246e+02
7.331960000000000264e+02
8.829519999999999982e+02
1.058381000000000085e+03
1.277971999999999980e+03
1.556092000000000098e+03
1.870068999999999960e+03
2.268427999999999884e+03
2.711599999999999909e+03
3.194561999999999898e+03
3.831130000000000109e+03
4.594355999999999767e+03
5.631586000000000240e+03
6.757578000000000429e+03
8.142653000000000247e+03
9.897353999999999360e+03
