1.000000000000000000e+00
2.060000000000000053e+00
3.359999999999999876e+00
4.403999999999999915e+00
5.535999999999999588e+00
7.839999999999999858e+00
8.971999999999999531e+00
1.147600000000000087e+01
1.315199999999999925e+01
1.505199999999999960e+01
1.896000000000000085e+01
2.229599999999999937e+01
2.771999999999999886e+01
3.457600000000000051e+01
4.177600000000000335e+01
5.222399999999999665e+01
6.122399999999999665e+01
6.951999999999999602e+01
8.376000000000000512e+01
9.130400000000000205e+01
1.081680000000000064e+02
1.292959999999999923e+02
1.527400000000000091e+02
1.842640000000000100e+02
2.203760000000000048e+02
2.786879999999999882e+02
3.205360000000000014e+02
3.883919999999999959e+02
4.576840000000000259e+02
5.776720000000000255e+02
6.791760000000000446e+02
8.420320000000000391e+02
9.978999999999999773e+02
1.205415999999999940e+03
1.435435999999999922e+03
1.681359999999999900e+03
2.221648000000000138e+03
2.679023999999999887e+03
3.153992000000000189e+03
3.824623999999999796e+03
4.549311999999999898e+03
5.207192000000000007e+03
6.127239999999999782e+03
7.448216000000000349e+03
8.868075999999999112e+03
