1.000000000000000000e+00
2.000000000000000000e+00
3.068000000000000060e+00
4.035000000000000142e+00
5.048000000000000043e+00
7.240000000000000213e+00
8.003999999999999559e+00
9.884999999999999787e+00
1.172199999999999953e+01
1.346400000000000041e+01
1.640399999999999991e+01
1.896000000000000085e+01
2.210800000000000054e+01
2.710600000000000165e+01
3.323499999999999943e+01
3.897800000000000153e+01
4.736800000000000210e+01
5.742999999999999972e+01
6.725000000000000000e+01
8.106199999999999761e+01
1.009989999999999952e+02
1.235220000000000056e+02
1.514919999999999902e+02
1.857800000000000011e+02
2.274420000000000073e+02
2.833999999999999773e+02
3.346940000000000168e+02
4.035339999999999918e+02
4.926639999999999873e+02
5.949729999999999563e+02
7.169779999999999518e+02
8.676240000000000236e+02
1.078583000000000084e+03
1.288612000000000080e+03
1.515054000000000087e+03
1.830694999999999936e+03
2.182831999999999880e+03
2.662925999999999931e+03
3.223864000000000033e+03
3.957173999999999978e+03
4.781502000000000407e+03
5.829011000000000422e+03
7.034711000000000240e+03
8.368823000000000320e+03
1.006311199999999917e+04
