1.000000000000000000e+00
1.991999999999999993e+00
3.020000000000000018e+00
4.133000000000000007e+00
5.094000000000000306e+00
7.147999999999999687e+00
8.234999999999999432e+00
1.023900000000000077e+01
1.233000000000000007e+01
1.441999999999999993e+01
1.736599999999999966e+01
2.032999999999999829e+01
2.412999999999999901e+01
2.869399999999999906e+01
3.532900000000000063e+01
4.204999999999999716e+01
4.981400000000000006e+01
6.069800000000000040e+01
7.246599999999999397e+01
8.923000000000000398e+01
1.081869999999999976e+02
1.307400000000000091e+02
1.593089999999999975e+02
1.934439999999999884e+02
2.350639999999999930e+02
2.874039999999999964e+02
3.399100000000000250e+02
4.132760000000000105e+02
4.891329999999999814e+02
5.996069999999999709e+02
7.359700000000000273e+02
8.885539999999999736e+02
1.056999000000000024e+03
1.254798000000000002e+03
1.498048000000000002e+03
1.807080999999999904e+03
2.158273999999999887e+03
2.578331999999999880e+03
3.140766000000000076e+03
3.799570000000000164e+03
4.677597999999999956e+03
5.573251000000000204e+03
6.695860999999999876e+03
8.286871999999999389e+03
9.953176999999999680e+03
