1.000000000000000000e+00
1.931999999999999940e+00
3.136000000000000121e+00
4.088000000000000078e+00
5.176000000000000156e+00
7.503999999999999559e+00
8.656000000000000583e+00
1.152399999999999913e+01
1.377200000000000024e+01
1.614399999999999835e+01
1.921600000000000108e+01
2.285999999999999943e+01
2.707199999999999918e+01
3.207999999999999829e+01
3.939200000000000301e+01
4.546399999999999864e+01
5.420000000000000284e+01
6.473600000000000421e+01
7.756799999999999784e+01
9.304000000000000625e+01
1.148239999999999981e+02
1.349360000000000070e+02
1.612319999999999993e+02
1.961040000000000134e+02
2.365840000000000032e+02
2.782559999999999718e+02
3.299839999999999804e+02
4.000960000000000036e+02
4.655960000000000036e+02
5.718519999999999754e+02
7.092839999999999918e+02
8.259679999999999609e+02
9.924360000000000355e+02
1.228352000000000089e+03
1.470372000000000071e+03
1.774759999999999991e+03
2.113664000000000215e+03
2.554391999999999825e+03
3.018367999999999938e+03
3.672911999999999807e+03
4.422328000000000429e+03
5.513952000000000226e+03
6.774507999999999811e+03
7.851184000000000196e+03
9.498100000000000364e+03
