1.000000000000000000e+00
2.036000000000000032e+00
3.367999999999999883e+00
4.467999999999999972e+00
5.607999999999999652e+00
7.879999999999999893e+00
9.460000000000000853e+00
1.221599999999999930e+01
1.459200000000000053e+01
1.789600000000000080e+01
2.143199999999999861e+01
2.482799999999999940e+01
2.927199999999999847e+01
3.387199999999999989e+01
4.050000000000000000e+01
4.614399999999999835e+01
5.342799999999999727e+01
6.121600000000000108e+01
7.162399999999999523e+01
8.577599999999999625e+01
9.425199999999999534e+01
1.019360000000000070e+02
1.138439999999999941e+02
1.256159999999999997e+02
1.437199999999999989e+02
1.586160000000000139e+02
1.914079999999999870e+02
2.240000000000000000e+02
2.744119999999999777e+02
3.260400000000000205e+02
4.326480000000000246e+02
5.684479999999999791e+02
6.980760000000000218e+02
8.626399999999999864e+02
1.091971999999999980e+03
1.288115999999999985e+03
1.501559999999999945e+03
1.830799999999999955e+03
2.224327999999999975e+03
2.689552000000000135e+03
3.253679999999999836e+03
3.857815999999999804e+03
4.965779999999999745e+03
6.280787999999999556e+03
7.948363999999999578e+03
