1.000000000000000000e+00
1.943999999999999950e+00
3.024000000000000021e+00
4.107999999999999652e+00
5.296000000000000263e+00
8.320000000000000284e+00
9.507999999999999119e+00
1.169999999999999929e+01
1.408399999999999963e+01
1.654799999999999827e+01
1.963200000000000145e+01
2.227599999999999980e+01
2.627599999999999980e+01
2.912800000000000011e+01
3.559599999999999653e+01
4.141599999999999682e+01
5.029200000000000159e+01
5.999199999999999733e+01
7.040000000000000568e+01
8.095199999999999818e+01
8.891599999999999682e+01
1.035040000000000049e+02
1.156200000000000045e+02
1.332880000000000109e+02
1.568559999999999945e+02
1.792239999999999895e+02
2.088480000000000132e+02
2.477920000000000016e+02
2.838159999999999741e+02
3.241000000000000227e+02
3.929599999999999795e+02
4.949680000000000177e+02
5.809519999999999982e+02
7.312559999999999718e+02
8.917279999999999518e+02
1.036076000000000022e+03
1.244496000000000095e+03
1.496423999999999978e+03
1.765407999999999902e+03
2.129000000000000000e+03
2.734039999999999964e+03
3.463228000000000065e+03
4.456695999999999913e+03
5.413551999999999680e+03
6.874876000000000204e+03
