1.000000000000000000e+00
2.040000000000000036e+00
3.263999999999999790e+00
4.395999999999999908e+00
5.671999999999999709e+00
8.263999999999999346e+00
9.188000000000000611e+00
1.168399999999999928e+01
1.407600000000000051e+01
1.687199999999999989e+01
2.057600000000000051e+01
2.443599999999999994e+01
2.747200000000000131e+01
3.256799999999999784e+01
3.919200000000000017e+01
4.270400000000000063e+01
5.021200000000000330e+01
5.378399999999999892e+01
6.411199999999999477e+01
6.997599999999999909e+01
7.843999999999999773e+01
9.087999999999999545e+01
1.033239999999999981e+02
1.238719999999999999e+02
1.372160000000000082e+02
1.560560000000000116e+02
1.747599999999999909e+02
2.034639999999999986e+02
2.543480000000000132e+02
3.124599999999999795e+02
3.857559999999999718e+02
4.619359999999999786e+02
5.778079999999999927e+02
6.949360000000000355e+02
8.917599999999999909e+02
1.093779999999999973e+03
1.446167999999999893e+03
1.837079999999999927e+03
2.291583999999999833e+03
2.595760000000000218e+03
3.142184000000000196e+03
3.819771999999999935e+03
4.904760000000000218e+03
6.224532000000000153e+03
7.804836000000000240e+03
