1.000000000000000000e+00
2.032000000000000028e+00
3.200000000000000178e+00
4.309999999999999609e+00
5.450000000000000178e+00
7.543999999999999595e+00
8.518000000000000682e+00
1.061800000000000033e+01
1.272100000000000009e+01
1.450699999999999967e+01
1.779400000000000048e+01
2.069000000000000128e+01
2.419399999999999906e+01
2.880999999999999872e+01
3.510199999999999676e+01
4.133599999999999852e+01
5.049799999999999756e+01
6.013199999999999790e+01
7.154200000000000159e+01
8.772199999999999420e+01
1.068730000000000047e+02
1.289300000000000068e+02
1.529970000000000141e+02
1.868739999999999952e+02
2.293700000000000045e+02
2.789839999999999804e+02
3.359340000000000259e+02
4.092819999999999823e+02
4.926329999999999814e+02
6.099919999999999618e+02
7.452789999999999964e+02
9.113239999999999554e+02
1.075160000000000082e+03
1.307834000000000060e+03
1.520700000000000045e+03
1.839023999999999887e+03
2.231344000000000051e+03
2.691746000000000095e+03
3.218596000000000004e+03
3.903621999999999844e+03
4.676844000000000051e+03
5.794542999999999665e+03
7.030546999999999571e+03
8.712915999999999258e+03
1.036376200000000063e+04
