1.000000000000000000e+00
1.967999999999999972e+00
3.016000000000000014e+00
3.939999999999999947e+00
5.016000000000000014e+00
7.631999999999999673e+00
9.151999999999999247e+00
1.182000000000000028e+01
1.442399999999999949e+01
1.715200000000000102e+01
1.989600000000000080e+01
2.336799999999999855e+01
2.791600000000000037e+01
3.341599999999999682e+01
4.065599999999999881e+01
4.839200000000000301e+01
5.857600000000000051e+01
7.055200000000000671e+01
8.309600000000000364e+01
9.982399999999999807e+01
1.182800000000000011e+02
1.362800000000000011e+02
1.634480000000000075e+02
1.935519999999999925e+02
2.290080000000000098e+02
2.786800000000000068e+02
3.281680000000000064e+02
4.036080000000000041e+02
4.885079999999999814e+02
5.791720000000000255e+02
6.632160000000000082e+02
8.127440000000000282e+02
1.041192000000000007e+03
1.164415999999999940e+03
1.421112000000000080e+03
1.776087999999999965e+03
2.220559999999999945e+03
2.643168000000000120e+03
3.233983999999999924e+03
3.880807999999999993e+03
4.600872000000000298e+03
5.571372000000000298e+03
6.456395999999999731e+03
7.755880000000000109e+03
9.521852000000000771e+03
