1.000000000000000000e+00
1.983999999999999986e+00
3.287999999999999812e+00
4.639999999999999680e+00
5.967999999999999972e+00
8.480000000000000426e+00
9.519999999999999574e+00
1.127999999999999936e+01
1.385599999999999987e+01
1.627199999999999847e+01
1.949599999999999866e+01
2.311199999999999832e+01
2.809199999999999875e+01
3.396000000000000085e+01
4.090800000000000125e+01
4.664800000000000324e+01
5.397200000000000131e+01
6.247999999999999687e+01
6.948799999999999955e+01
8.136799999999999500e+01
9.494400000000000261e+01
1.073199999999999932e+02
1.244920000000000044e+02
1.384720000000000084e+02
1.600560000000000116e+02
1.845600000000000023e+02
2.172319999999999993e+02
2.459759999999999991e+02
2.958559999999999945e+02
3.520600000000000023e+02
4.165559999999999832e+02
5.047440000000000282e+02
6.093079999999999927e+02
7.716559999999999491e+02
9.621280000000000427e+02
1.207932000000000016e+03
1.455663999999999987e+03
1.837031999999999925e+03
2.223967999999999847e+03
2.606304000000000087e+03
3.029376000000000204e+03
3.643159999999999854e+03
4.407471999999999753e+03
5.774612000000000080e+03
7.400460000000000036e+03
