1.000000000000000000e+00
1.909999999999999920e+00
3.085999999999999854e+00
4.051000000000000156e+00
5.158000000000000362e+00
6.927999999999999936e+00
7.857999999999999652e+00
9.429000000000000270e+00
1.092800000000000082e+01
1.221000000000000085e+01
1.393800000000000061e+01
1.620700000000000074e+01
1.873300000000000054e+01
2.135399999999999920e+01
2.474599999999999866e+01
2.839600000000000080e+01
3.279500000000000171e+01
3.787800000000000011e+01
4.395600000000000307e+01
5.288000000000000256e+01
6.321500000000000341e+01
7.587600000000000477e+01
9.466100000000000136e+01
1.120679999999999978e+02
1.351620000000000061e+02
1.600699999999999932e+02
1.903979999999999961e+02
2.377980000000000018e+02
2.960350000000000250e+02
3.656610000000000014e+02
4.408430000000000177e+02
5.609020000000000437e+02
6.999059999999999491e+02
8.873780000000000427e+02
1.110913999999999987e+03
1.391174999999999955e+03
1.745269999999999982e+03
2.213007999999999811e+03
2.762452000000000226e+03
3.427081999999999880e+03
4.303640000000000327e+03
5.344690999999999804e+03
6.529871000000000095e+03
8.058363999999999578e+03
9.673212999999999738e+03
