1.000000000000000000e+00
2.024000000000000021e+00
3.144000000000000128e+00
4.115999999999999659e+00
5.160000000000000142e+00
7.392000000000000348e+00
8.772000000000000242e+00
1.114000000000000057e+01
1.356000000000000050e+01
1.572000000000000064e+01
1.852799999999999869e+01
2.112399999999999878e+01
2.489999999999999858e+01
3.092000000000000171e+01
4.028000000000000114e+01
4.779200000000000159e+01
5.663199999999999790e+01
6.685599999999999454e+01
8.025600000000000023e+01
9.697599999999999909e+01
1.145600000000000023e+02
1.316080000000000041e+02
1.535279999999999916e+02
1.866719999999999970e+02
2.212800000000000011e+02
2.669359999999999786e+02
3.322239999999999895e+02
4.144159999999999968e+02
4.920640000000000214e+02
6.201440000000000055e+02
7.342119999999999891e+02
8.911599999999999682e+02
1.141407999999999902e+03
1.355296000000000049e+03
1.615471999999999980e+03
1.998115999999999985e+03
2.451135999999999967e+03
2.906800000000000182e+03
3.489016000000000076e+03
4.236439999999999600e+03
4.976912000000000262e+03
5.975503999999999905e+03
6.951479999999999563e+03
8.479608000000000175e+03
1.037647600000000057e+04
