1.000000000000000000e+00
1.943999999999999950e+00
3.100000000000000089e+00
4.176000000000000156e+00
5.280000000000000249e+00
7.341999999999999638e+00
8.441000000000000725e+00
1.050600000000000023e+01
1.270599999999999952e+01
1.469500000000000028e+01
1.747800000000000153e+01
2.003600000000000136e+01
2.358299999999999841e+01
2.797800000000000153e+01
3.377199999999999847e+01
3.907000000000000028e+01
4.717000000000000171e+01
5.783599999999999852e+01
6.822199999999999420e+01
8.393600000000000705e+01
1.041260000000000048e+02
1.295900000000000034e+02
1.548110000000000070e+02
1.864600000000000080e+02
2.344739999999999895e+02
2.834900000000000091e+02
3.457300000000000182e+02
4.161999999999999886e+02
4.870169999999999959e+02
5.943650000000000091e+02
7.093830000000000382e+02
8.668440000000000509e+02
1.053507000000000062e+03
1.281528000000000020e+03
1.529282999999999902e+03
1.804056000000000040e+03
2.203365999999999985e+03
2.664063999999999851e+03
3.227269999999999982e+03
3.920112000000000080e+03
4.681329999999999927e+03
5.593326000000000022e+03
6.650203999999999724e+03
8.050528000000000247e+03
9.815699000000000524e+03
