1.000000000000000000e+00
1.856000000000000094e+00
3.080000000000000071e+00
4.259999999999999787e+00
5.543999999999999595e+00
7.791999999999999815e+00
8.992000000000000881e+00
1.161999999999999922e+01
1.390399999999999991e+01
1.577599999999999980e+01
1.879200000000000159e+01
2.171999999999999886e+01
2.604799999999999827e+01
3.154400000000000048e+01
3.717600000000000193e+01
4.396000000000000085e+01
5.040800000000000125e+01
5.824000000000000199e+01
6.554399999999999693e+01
7.296800000000000352e+01
8.219599999999999795e+01
9.553600000000000136e+01
1.123919999999999959e+02
1.220639999999999930e+02
1.350080000000000098e+02
1.544480000000000075e+02
1.696800000000000068e+02
1.914879999999999995e+02
2.335080000000000098e+02
2.962520000000000095e+02
3.541519999999999868e+02
4.068480000000000132e+02
5.055799999999999841e+02
6.541280000000000427e+02
8.319600000000000364e+02
9.941440000000000055e+02
1.324536000000000058e+03
1.642895999999999958e+03
1.983096000000000004e+03
2.403231999999999971e+03
2.948695999999999913e+03
3.680172000000000025e+03
4.545079999999999927e+03
5.689671999999999571e+03
7.262956000000000131e+03
