1.000000000000000000e+00
1.939999999999999947e+00
2.839999999999999858e+00
3.883999999999999897e+00
4.711999999999999744e+00
7.208000000000000185e+00
8.119999999999999218e+00
1.034399999999999942e+01
1.228800000000000026e+01
1.470800000000000018e+01
1.771199999999999974e+01
2.140399999999999991e+01
2.671600000000000108e+01
3.251200000000000045e+01
3.761200000000000188e+01
4.567199999999999704e+01
5.306400000000000006e+01
6.396800000000000352e+01
7.312000000000000455e+01
8.870399999999999352e+01
1.100520000000000067e+02
1.332640000000000100e+02
1.564199999999999875e+02
1.952479999999999905e+02
2.299519999999999982e+02
2.712320000000000277e+02
3.332080000000000268e+02
4.182799999999999727e+02
5.076360000000000241e+02
6.185760000000000218e+02
7.495240000000000009e+02
9.073360000000000127e+02
1.091432000000000016e+03
1.303311999999999898e+03
1.554124000000000024e+03
1.931119999999999891e+03
2.417784000000000106e+03
2.869815999999999804e+03
3.439952000000000226e+03
4.179039999999999964e+03
4.871311999999999898e+03
5.944336000000000240e+03
6.959899999999999636e+03
8.357451999999999316e+03
9.518020000000000437e+03
