1.000000000000000000e+00
1.927999999999999936e+00
2.879999999999999893e+00
4.083999999999999631e+00
5.080000000000000071e+00
7.120000000000000107e+00
7.940000000000000391e+00
1.011599999999999966e+01
1.212800000000000011e+01
1.444400000000000084e+01
1.835200000000000031e+01
2.129599999999999937e+01
2.514399999999999835e+01
3.116799999999999926e+01
3.946399999999999864e+01
4.589600000000000080e+01
5.571999999999999886e+01
6.659199999999999875e+01
7.821599999999999397e+01
9.402400000000000091e+01
1.094639999999999986e+02
1.286080000000000041e+02
1.509559999999999889e+02
1.876479999999999961e+02
2.303199999999999932e+02
2.731920000000000073e+02
3.331360000000000241e+02
4.128319999999999936e+02
4.942760000000000105e+02
5.811399999999999864e+02
6.947519999999999527e+02
8.432160000000000082e+02
1.023652000000000044e+03
1.265440000000000055e+03
1.552483999999999924e+03
1.929980000000000018e+03
2.426103999999999814e+03
2.933911999999999807e+03
3.439192000000000007e+03
3.997440000000000055e+03
4.778543999999999869e+03
5.921387999999999920e+03
7.246372000000000298e+03
8.887603999999999360e+03
1.054651599999999962e+04
