1.000000000000000000e+00
2.052000000000000046e+00
3.248000000000000220e+00
4.232000000000000206e+00
5.472000000000000419e+00
8.087999999999999190e+00
9.715999999999999304e+00
1.279599999999999937e+01
1.531199999999999939e+01
1.734400000000000119e+01
2.172800000000000153e+01
2.504799999999999827e+01
2.891199999999999903e+01
3.356799999999999784e+01
3.988000000000000256e+01
4.595199999999999818e+01
5.265599999999999881e+01
6.056799999999999784e+01
6.874399999999999977e+01
7.611199999999999477e+01
8.554800000000000182e+01
9.972799999999999443e+01
1.147480000000000047e+02
1.283919999999999959e+02
1.527439999999999998e+02
1.783600000000000136e+02
2.085200000000000102e+02
2.439759999999999991e+02
3.016120000000000232e+02
3.618600000000000136e+02
4.445880000000000223e+02
5.109680000000000177e+02
6.197559999999999718e+02
7.812720000000000482e+02
8.852000000000000455e+02
1.133359999999999900e+03
1.374200000000000045e+03
1.810104000000000042e+03
2.163423999999999978e+03
2.601000000000000000e+03
3.240088000000000193e+03
3.878739999999999782e+03
4.870127999999999702e+03
6.011819999999999709e+03
7.805764000000000124e+03
