1.000000000000000000e+00
1.963999999999999968e+00
2.911999999999999922e+00
3.891999999999999904e+00
4.711999999999999744e+00
6.919999999999999929e+00
7.967999999999999972e+00
9.880000000000000782e+00
1.170400000000000063e+01
1.381199999999999939e+01
1.673600000000000065e+01
2.001599999999999824e+01
2.426000000000000156e+01
2.890399999999999991e+01
3.545199999999999818e+01
4.247999999999999687e+01
4.825999999999999801e+01
6.035999999999999943e+01
7.277599999999999625e+01
8.834399999999999409e+01
1.053760000000000048e+02
1.271119999999999948e+02
1.500759999999999934e+02
1.760960000000000036e+02
2.187359999999999900e+02
2.761920000000000073e+02
3.348960000000000150e+02
4.019519999999999982e+02
5.137880000000000109e+02
6.123120000000000118e+02
7.407599999999999909e+02
8.861760000000000446e+02
1.076307999999999993e+03
1.277135999999999967e+03
1.556059999999999945e+03
1.862263999999999896e+03
2.251400000000000091e+03
2.772824000000000069e+03
3.250447999999999865e+03
3.891472000000000207e+03
4.583520000000000437e+03
5.614463999999999942e+03
6.708384000000000015e+03
7.956600000000000364e+03
9.719120000000000800e+03
