1.000000000000000000e+00
1.983000000000000096e+00
3.068000000000000060e+00
4.107999999999999652e+00
5.243999999999999773e+00
7.250000000000000000e+00
8.323999999999999844e+00
1.030199999999999960e+01
1.242999999999999972e+01
1.430700000000000038e+01
1.713599999999999923e+01
1.971199999999999974e+01
2.391700000000000159e+01
2.877400000000000091e+01
3.427499999999999858e+01
4.079200000000000159e+01
4.827600000000000335e+01
5.771800000000000352e+01
6.930200000000000671e+01
8.434799999999999898e+01
1.027000000000000028e+02
1.245360000000000014e+02
1.536850000000000023e+02
1.860219999999999914e+02
2.304000000000000057e+02
2.802239999999999895e+02
3.398759999999999764e+02
3.987579999999999814e+02
4.802970000000000255e+02
5.777019999999999982e+02
6.972219999999999800e+02
8.364439999999999600e+02
1.018937000000000012e+03
1.228892000000000053e+03
1.506236000000000104e+03
1.849454999999999927e+03
2.243519999999999982e+03
2.710802000000000135e+03
3.280210000000000036e+03
3.919498000000000047e+03
4.679962000000000444e+03
5.647310000000000400e+03
6.768458999999999833e+03
8.262610000000000582e+03
1.023056799999999930e+04
