1.000000000000000000e+00
1.929000000000000048e+00
2.954000000000000181e+00
3.943999999999999950e+00
4.929999999999999716e+00
6.825999999999999623e+00
7.842999999999999972e+00
9.367000000000000881e+00
1.085200000000000031e+01
1.224699999999999989e+01
1.427800000000000047e+01
1.651099999999999923e+01
1.936599999999999966e+01
2.185000000000000142e+01
2.561899999999999977e+01
2.954400000000000048e+01
3.490699999999999648e+01
4.110199999999999676e+01
4.719800000000000040e+01
5.488400000000000034e+01
6.708899999999999864e+01
8.140200000000000102e+01
9.805299999999999727e+01
1.205799999999999983e+02
1.475380000000000109e+02
1.812079999999999984e+02
2.201399999999999864e+02
2.675960000000000036e+02
3.323779999999999859e+02
4.166639999999999873e+02
5.060280000000000200e+02
6.204500000000000455e+02
7.388339999999999463e+02
9.053980000000000246e+02
1.135511999999999944e+03
1.436038999999999987e+03
1.827463999999999942e+03
2.252268000000000029e+03
2.779356000000000222e+03
3.488806000000000040e+03
4.343283999999999651e+03
5.309661000000000058e+03
6.327734000000000378e+03
7.733592999999999847e+03
9.504221999999999753e+03
