1.000000000000000000e+00
2.028000000000000025e+00
3.168000000000000149e+00
4.120000000000000107e+00
5.320000000000000284e+00
7.911999999999999922e+00
9.092000000000000526e+00
1.192800000000000082e+01
1.421199999999999974e+01
1.650400000000000134e+01
2.012000000000000099e+01
2.372400000000000020e+01
2.837999999999999901e+01
3.374399999999999977e+01
3.803999999999999915e+01
4.470400000000000063e+01
5.601200000000000045e+01
6.815200000000000102e+01
7.920000000000000284e+01
9.590399999999999636e+01
1.139519999999999982e+02
1.375120000000000005e+02
1.580519999999999925e+02
1.967359999999999900e+02
2.265200000000000102e+02
2.646080000000000041e+02
3.165840000000000032e+02
3.799440000000000168e+02
4.496960000000000264e+02
5.636599999999999682e+02
6.835159999999999627e+02
8.430720000000000027e+02
1.042551999999999907e+03
1.321016000000000076e+03
1.567824000000000069e+03
1.823571999999999889e+03
2.183103999999999814e+03
2.626800000000000182e+03
3.232952000000000226e+03
3.959231999999999971e+03
4.607431999999999789e+03
5.427028000000000247e+03
6.458068000000000211e+03
8.253479999999999563e+03
9.992368000000000393e+03
