1.000000000000000000e+00
2.008000000000000007e+00
3.072000000000000064e+00
4.384000000000000341e+00
5.496000000000000441e+00
7.783999999999999808e+00
8.859999999999999432e+00
1.118800000000000061e+01
1.334800000000000075e+01
1.554800000000000004e+01
1.893599999999999994e+01
2.215200000000000102e+01
2.523199999999999932e+01
3.123199999999999932e+01
3.839600000000000080e+01
4.862400000000000233e+01
5.867999999999999972e+01
6.803199999999999648e+01
7.519199999999999307e+01
8.347199999999999420e+01
9.933599999999999852e+01
1.180960000000000036e+02
1.391759999999999877e+02
1.640960000000000036e+02
2.010399999999999920e+02
2.311279999999999859e+02
2.829759999999999991e+02
3.548720000000000141e+02
4.612440000000000282e+02
5.458799999999999955e+02
6.752119999999999891e+02
8.222319999999999709e+02
1.028460000000000036e+03
1.261496000000000095e+03
1.540347999999999956e+03
1.791619999999999891e+03
2.204304000000000087e+03
2.685335999999999785e+03
3.193559999999999945e+03
3.932135999999999967e+03
4.658119999999999891e+03
5.554355999999999767e+03
6.540832000000000335e+03
7.760435999999999694e+03
9.262188000000000102e+03
