1.000000000000000000e+00
2.008000000000000007e+00
3.021999999999999797e+00
4.017999999999999794e+00
5.046000000000000263e+00
7.185999999999999943e+00
8.160999999999999588e+00
1.004499999999999993e+01
1.202399999999999913e+01
1.390199999999999925e+01
1.715200000000000102e+01
2.021999999999999886e+01
2.426800000000000068e+01
2.941799999999999926e+01
3.708599999999999852e+01
4.390999999999999659e+01
5.180199999999999960e+01
6.362599999999999767e+01
7.691599999999999682e+01
9.423999999999999488e+01
1.153940000000000055e+02
1.362719999999999914e+02
1.608849999999999909e+02
1.963660000000000139e+02
2.333979999999999961e+02
2.858799999999999955e+02
3.485939999999999941e+02
4.133039999999999736e+02
4.979239999999999782e+02
6.067359999999999900e+02
7.228529999999999518e+02
8.849880000000000564e+02
1.040842000000000098e+03
1.252486000000000104e+03
1.531593000000000075e+03
1.838231999999999971e+03
2.224244000000000142e+03
2.673280000000000200e+03
3.184666000000000167e+03
3.927135999999999967e+03
4.748500000000000000e+03
5.666787000000000262e+03
6.848528000000000247e+03
8.145099000000000160e+03
9.792725000000000364e+03
