1.000000000000000000e+00
1.975999999999999979e+00
3.000000000000000000e+00
4.032000000000000028e+00
4.887999999999999901e+00
7.048000000000000043e+00
7.844000000000000306e+00
9.467999999999999972e+00
1.158000000000000007e+01
1.355599999999999916e+01
1.653600000000000136e+01
1.968799999999999883e+01
2.399200000000000088e+01
2.964799999999999969e+01
3.492399999999999949e+01
4.264800000000000324e+01
5.032399999999999807e+01
5.905599999999999739e+01
6.920000000000000284e+01
8.759999999999999432e+01
1.027159999999999940e+02
1.229039999999999964e+02
1.530840000000000032e+02
1.808559999999999945e+02
2.228880000000000052e+02
2.696639999999999873e+02
3.246800000000000068e+02
3.779200000000000159e+02
4.645720000000000027e+02
5.837119999999999891e+02
7.129959999999999809e+02
8.651040000000000418e+02
1.067500000000000000e+03
1.244503999999999905e+03
1.532763999999999896e+03
1.873983999999999924e+03
2.238608000000000175e+03
2.644920000000000073e+03
3.235992000000000189e+03
3.921807999999999993e+03
4.829199999999999818e+03
5.646500000000000000e+03
6.806444000000000415e+03
8.215272000000000844e+03
1.011057200000000012e+04
