1.000000000000000000e+00
1.915999999999999925e+00
3.104000000000000092e+00
4.179999999999999716e+00
5.328000000000000291e+00
7.743999999999999773e+00
8.795999999999999375e+00
1.151999999999999957e+01
1.357600000000000051e+01
1.607600000000000051e+01
1.922400000000000020e+01
2.202799999999999869e+01
2.699200000000000088e+01
3.180000000000000071e+01
3.943999999999999773e+01
4.660000000000000142e+01
5.359599999999999653e+01
6.556000000000000227e+01
7.594400000000000261e+01
9.074399999999999977e+01
1.053840000000000003e+02
1.266479999999999961e+02
1.528240000000000123e+02
1.824079999999999870e+02
2.152400000000000091e+02
2.467280000000000086e+02
3.136320000000000050e+02
3.798559999999999945e+02
4.416960000000000264e+02
5.361839999999999691e+02
6.664360000000000355e+02
8.117599999999999909e+02
1.004172000000000025e+03
1.191144000000000005e+03
1.470132000000000062e+03
1.799299999999999955e+03
2.205079999999999927e+03
2.635871999999999844e+03
3.177103999999999814e+03
3.807463999999999942e+03
4.695640000000000327e+03
5.765988000000000284e+03
6.939971999999999753e+03
8.691020000000000437e+03
1.038289199999999983e+04
