1.000000000000000000e+00
1.989000000000000101e+00
3.077999999999999847e+00
4.089000000000000412e+00
5.048000000000000043e+00
7.001999999999999780e+00
8.006000000000000227e+00
9.794999999999999929e+00
1.169200000000000017e+01
1.374699999999999989e+01
1.669000000000000128e+01
1.923600000000000065e+01
2.274899999999999878e+01
2.805199999999999960e+01
3.504399999999999693e+01
4.187599999999999767e+01
5.029800000000000182e+01
6.097800000000000153e+01
7.263200000000000500e+01
8.766599999999999682e+01
1.057369999999999948e+02
1.274639999999999986e+02
1.532920000000000016e+02
1.854360000000000070e+02
2.235680000000000121e+02
2.736560000000000059e+02
3.270079999999999814e+02
4.032500000000000000e+02
4.959220000000000255e+02
6.039690000000000509e+02
7.240890000000000555e+02
8.632079999999999700e+02
1.055788000000000011e+03
1.247145999999999958e+03
1.505211000000000013e+03
1.825150000000000091e+03
2.209088000000000193e+03
2.637900000000000091e+03
3.192161999999999807e+03
3.840148000000000138e+03
4.599891999999999825e+03
5.616051000000000386e+03
6.713314000000000306e+03
7.884488000000000284e+03
9.542421000000000276e+03
