1.000000000000000000e+00
1.967999999999999972e+00
3.024000000000000021e+00
4.080000000000000071e+00
5.032000000000000028e+00
7.128000000000000114e+00
8.423999999999999488e+00
1.093200000000000038e+01
1.328400000000000070e+01
1.607600000000000051e+01
1.953600000000000136e+01
2.207999999999999829e+01
2.542399999999999949e+01
3.116000000000000014e+01
3.882800000000000296e+01
4.400800000000000267e+01
5.083200000000000074e+01
5.815999999999999659e+01
6.929600000000000648e+01
8.448799999999999955e+01
1.007800000000000011e+02
1.233199999999999932e+02
1.532239999999999895e+02
1.823439999999999941e+02
2.247520000000000095e+02
2.653039999999999736e+02
3.207679999999999723e+02
3.936159999999999854e+02
4.668120000000000118e+02
5.551680000000000064e+02
6.660399999999999636e+02
8.168640000000000327e+02
1.018803999999999974e+03
1.238407999999999902e+03
1.513016000000000076e+03
1.855627999999999929e+03
2.293847999999999956e+03
2.778815999999999804e+03
3.204239999999999782e+03
3.863063999999999851e+03
4.835304000000000087e+03
6.315724000000000160e+03
7.492912000000000262e+03
8.474072000000000116e+03
1.031197199999999975e+04
