1.000000000000000000e+00
1.883999999999999897e+00
3.144000000000000128e+00
4.443999999999999950e+00
5.631999999999999673e+00
8.007999999999999119e+00
8.955999999999999517e+00
1.075200000000000067e+01
1.288799999999999990e+01
1.490000000000000036e+01
1.876800000000000068e+01
2.198400000000000176e+01
2.585200000000000031e+01
3.127199999999999847e+01
3.688000000000000256e+01
4.361599999999999966e+01
5.318399999999999750e+01
6.021600000000000108e+01
6.871999999999999886e+01
7.523999999999999488e+01
8.630400000000000205e+01
9.583199999999999363e+01
1.097439999999999998e+02
1.250559999999999974e+02
1.478240000000000123e+02
1.755440000000000111e+02
2.030480000000000018e+02
2.369360000000000070e+02
2.826639999999999873e+02
3.404320000000000164e+02
3.923639999999999759e+02
4.608399999999999750e+02
5.463840000000000146e+02
7.066399999999999864e+02
8.613600000000000136e+02
1.013131999999999948e+03
1.284655999999999949e+03
1.526655999999999949e+03
1.940231999999999971e+03
2.388704000000000178e+03
2.977096000000000004e+03
3.760771999999999935e+03
5.079532000000000153e+03
6.486296000000000276e+03
8.075180000000000291e+03
