1.000000000000000000e+00
2.000000000000000000e+00
3.016000000000000014e+00
3.995999999999999996e+00
4.945999999999999730e+00
7.003999999999999559e+00
8.022000000000000242e+00
9.855999999999999872e+00
1.166699999999999982e+01
1.330700000000000038e+01
1.647599999999999909e+01
1.957799999999999940e+01
2.340599999999999881e+01
2.798000000000000043e+01
3.517000000000000171e+01
4.226400000000000290e+01
4.997800000000000153e+01
6.076200000000000045e+01
7.200400000000000489e+01
9.025000000000000000e+01
1.094879999999999995e+02
1.312379999999999995e+02
1.564960000000000093e+02
1.877680000000000007e+02
2.239339999999999975e+02
2.681560000000000059e+02
3.239399999999999977e+02
3.993679999999999950e+02
4.837559999999999718e+02
5.840259999999999536e+02
7.179339999999999691e+02
8.559260000000000446e+02
1.051249000000000024e+03
1.282192000000000007e+03
1.564355000000000018e+03
1.836306000000000040e+03
2.266422000000000025e+03
2.675152000000000044e+03
3.281978000000000065e+03
3.946711999999999989e+03
4.760841999999999643e+03
5.843070999999999913e+03
7.044744999999999891e+03
8.488657999999999447e+03
1.033565099999999984e+04
