1.000000000000000000e+00
1.868000000000000105e+00
2.847999999999999865e+00
3.759999999999999787e+00
4.735999999999999766e+00
7.088000000000000078e+00
8.236000000000000654e+00
1.085599999999999987e+01
1.284800000000000075e+01
1.516000000000000014e+01
1.844000000000000128e+01
2.066000000000000014e+01
2.502799999999999869e+01
3.033599999999999852e+01
3.933599999999999852e+01
4.828000000000000114e+01
5.666400000000000148e+01
6.793600000000000705e+01
8.023199999999999932e+01
9.292799999999999727e+01
1.132279999999999944e+02
1.385840000000000032e+02
1.697959999999999923e+02
1.978000000000000114e+02
2.377599999999999909e+02
2.982559999999999718e+02
3.638960000000000150e+02
4.315040000000000191e+02
5.328999999999999773e+02
6.509239999999999782e+02
7.603680000000000518e+02
9.047279999999999518e+02
1.052708000000000084e+03
1.239688000000000102e+03
1.410192000000000007e+03
1.723443999999999960e+03
2.122672000000000025e+03
2.578487999999999829e+03
2.985623999999999796e+03
3.624440000000000055e+03
4.453655999999999949e+03
5.345068000000000211e+03
6.617123999999999796e+03
7.876948000000000320e+03
9.703180000000000291e+03
