1.000000000000000000e+00
1.903999999999999915e+00
2.959999999999999964e+00
3.979000000000000092e+00
4.884000000000000341e+00
6.775999999999999801e+00
7.708000000000000185e+00
9.294999999999999929e+00
1.073199999999999932e+01
1.224300000000000033e+01
1.419800000000000040e+01
1.593299999999999983e+01
1.872599999999999909e+01
2.216799999999999926e+01
2.595799999999999841e+01
2.933200000000000074e+01
3.420100000000000051e+01
4.012199999999999989e+01
4.652799999999999869e+01
5.656400000000000006e+01
6.652100000000000080e+01
8.112399999999999523e+01
9.782099999999999795e+01
1.188379999999999939e+02
1.450620000000000118e+02
1.799840000000000089e+02
2.189459999999999980e+02
2.718140000000000214e+02
3.304549999999999841e+02
4.056870000000000118e+02
4.990350000000000250e+02
6.034500000000000455e+02
7.522549999999999955e+02
9.366920000000000073e+02
1.149890000000000100e+03
1.433432999999999993e+03
1.841380000000000109e+03
2.310581999999999880e+03
2.915936000000000149e+03
3.596739999999999782e+03
4.477043999999999869e+03
5.507090000000000146e+03
6.852451000000000022e+03
8.236103999999999360e+03
9.906914000000000669e+03
