1.000000000000000000e+00
1.921999999999999931e+00
2.846000000000000085e+00
3.866000000000000103e+00
4.854000000000000092e+00
6.825999999999999623e+00
7.863999999999999879e+00
9.675000000000000711e+00
1.176500000000000057e+01
1.413100000000000023e+01
1.730199999999999960e+01
2.018400000000000105e+01
2.410600000000000165e+01
2.944399999999999906e+01
3.646300000000000097e+01
4.318200000000000216e+01
5.264300000000000068e+01
6.405400000000000205e+01
7.777800000000000580e+01
9.340000000000000568e+01
1.109080000000000013e+02
1.347700000000000102e+02
1.609050000000000011e+02
1.941160000000000139e+02
2.359399999999999977e+02
2.829460000000000264e+02
3.364979999999999905e+02
4.037280000000000086e+02
4.899839999999999804e+02
5.961009999999999991e+02
7.226920000000000073e+02
8.635520000000000209e+02
1.048287000000000035e+03
1.259304000000000087e+03
1.534384999999999991e+03
1.879104000000000042e+03
2.294807999999999993e+03
2.769199999999999818e+03
3.353115999999999985e+03
4.012789999999999964e+03
4.963470000000000255e+03
6.054005000000000109e+03
7.368115999999999985e+03
8.874628000000000611e+03
1.058019399999999951e+04
