1.000000000000000000e+00
2.040000000000000036e+00
3.048000000000000043e+00
4.059999999999999609e+00
5.168000000000000149e+00
7.176000000000000156e+00
8.220000000000000639e+00
1.049600000000000044e+01
1.269999999999999929e+01
1.461200000000000010e+01
1.789600000000000080e+01
2.151599999999999824e+01
2.518400000000000105e+01
2.983999999999999986e+01
3.593999999999999773e+01
4.323199999999999932e+01
5.069599999999999795e+01
6.224799999999999756e+01
7.555200000000000671e+01
9.123999999999999488e+01
1.104080000000000013e+02
1.350960000000000036e+02
1.650600000000000023e+02
1.846719999999999970e+02
2.258319999999999936e+02
2.773120000000000118e+02
3.396960000000000264e+02
4.132080000000000268e+02
5.147039999999999509e+02
6.122799999999999727e+02
7.417400000000000091e+02
8.469199999999999591e+02
1.027875999999999976e+03
1.248887999999999920e+03
1.557895999999999958e+03
1.861307999999999993e+03
2.174367999999999938e+03
2.693175999999999931e+03
3.106576000000000022e+03
3.781280000000000200e+03
4.425311999999999898e+03
5.550528000000000247e+03
6.783659999999999854e+03
8.113547999999999774e+03
9.927884000000000015e+03
