1.000000000000000000e+00
1.927999999999999936e+00
3.008000000000000007e+00
3.847999999999999865e+00
5.000000000000000000e+00
6.919999999999999929e+00
7.791999999999999815e+00
9.284000000000000696e+00
1.145199999999999996e+01
1.313599999999999923e+01
1.607199999999999918e+01
1.868799999999999883e+01
2.303999999999999915e+01
2.928000000000000114e+01
3.643999999999999773e+01
4.473599999999999710e+01
5.340400000000000347e+01
6.519199999999999307e+01
8.113599999999999568e+01
9.547199999999999420e+01
1.152600000000000051e+02
1.379039999999999964e+02
1.607880000000000109e+02
1.896800000000000068e+02
2.336160000000000139e+02
2.920960000000000036e+02
3.511840000000000259e+02
4.203120000000000118e+02
5.168279999999999745e+02
6.145040000000000191e+02
7.501680000000000064e+02
9.108880000000000337e+02
1.061887999999999920e+03
1.251488000000000056e+03
1.556211999999999989e+03
1.935627999999999929e+03
2.328648000000000138e+03
2.786623999999999796e+03
3.283119999999999891e+03
3.928728000000000065e+03
4.757384000000000015e+03
5.834380000000000109e+03
7.030731999999999971e+03
8.496775999999999840e+03
1.032906400000000031e+04
