1.000000000000000000e+00
1.927999999999999936e+00
3.208000000000000185e+00
4.134999999999999787e+00
5.243999999999999773e+00
7.217999999999999972e+00
8.067999999999999616e+00
9.935999999999999943e+00
1.126800000000000068e+01
1.271899999999999942e+01
1.476999999999999957e+01
1.663700000000000045e+01
1.881299999999999883e+01
2.148799999999999955e+01
2.417000000000000171e+01
2.672800000000000153e+01
3.091600000000000037e+01
3.628399999999999892e+01
4.203799999999999670e+01
4.917999999999999972e+01
5.876200000000000045e+01
7.371200000000000330e+01
9.176900000000000546e+01
1.126760000000000019e+02
1.355440000000000111e+02
1.647760000000000105e+02
2.027700000000000102e+02
2.544579999999999984e+02
3.104449999999999932e+02
3.856979999999999791e+02
4.694460000000000264e+02
5.860639999999999645e+02
7.410760000000000218e+02
9.221660000000000537e+02
1.129135999999999967e+03
1.411182000000000016e+03
1.760160000000000082e+03
2.178362000000000080e+03
2.722407999999999902e+03
3.379949999999999818e+03
4.210783999999999651e+03
5.209832999999999629e+03
6.376347999999999956e+03
7.848434000000000196e+03
9.614537000000000262e+03
