1.000000000000000000e+00
1.939999999999999947e+00
2.887999999999999901e+00
3.771999999999999797e+00
4.903999999999999915e+00
6.887999999999999901e+00
7.900000000000000355e+00
1.076800000000000068e+01
1.307600000000000051e+01
1.534399999999999942e+01
1.813599999999999923e+01
2.120400000000000063e+01
2.518400000000000105e+01
2.916000000000000014e+01
3.805599999999999739e+01
4.664800000000000324e+01
5.417600000000000193e+01
6.464000000000000057e+01
7.444799999999999329e+01
9.054399999999999693e+01
1.075319999999999965e+02
1.235759999999999934e+02
1.454039999999999964e+02
1.848480000000000132e+02
2.247040000000000077e+02
2.685199999999999818e+02
3.243519999999999754e+02
3.897040000000000077e+02
4.501159999999999854e+02
5.474719999999999800e+02
6.910399999999999636e+02
8.219519999999999982e+02
1.017107999999999947e+03
1.256367999999999938e+03
1.535215999999999894e+03
1.879319999999999936e+03
2.323992000000000189e+03
2.681711999999999989e+03
3.338047999999999774e+03
4.042239999999999782e+03
4.936344000000000051e+03
5.728463999999999942e+03
7.187231999999999971e+03
8.683731999999999971e+03
1.003330800000000090e+04
