1.000000000000000000e+00
2.033999999999999808e+00
3.012000000000000011e+00
4.107000000000000206e+00
5.075999999999999623e+00
7.131999999999999673e+00
8.169000000000000483e+00
1.006099999999999994e+01
1.220299999999999940e+01
1.419699999999999918e+01
1.716400000000000148e+01
2.037699999999999889e+01
2.406500000000000128e+01
2.935399999999999920e+01
3.632500000000000284e+01
4.340599999999999881e+01
5.176100000000000279e+01
6.261200000000000188e+01
7.439799999999999613e+01
9.050199999999999534e+01
1.083689999999999998e+02
1.295780000000000030e+02
1.584490000000000123e+02
1.918559999999999945e+02
2.301899999999999977e+02
2.788120000000000118e+02
3.381879999999999882e+02
4.059220000000000255e+02
4.916329999999999814e+02
5.840539999999999736e+02
6.981359999999999673e+02
8.372759999999999536e+02
1.006707999999999970e+03
1.249538000000000011e+03
1.518512999999999920e+03
1.840056000000000040e+03
2.208313999999999851e+03
2.655672000000000025e+03
3.251150000000000091e+03
3.934001999999999953e+03
4.754329999999999927e+03
5.820868999999999687e+03
7.126003999999999905e+03
8.727492000000000189e+03
1.054273400000000038e+04
