1.000000000000000000e+00
1.977000000000000091e+00
3.064000000000000057e+00
4.168000000000000149e+00
5.246000000000000441e+00
7.357999999999999652e+00
8.407000000000000028e+00
1.062100000000000044e+01
1.246700000000000053e+01
1.428599999999999959e+01
1.712199999999999989e+01
1.967399999999999949e+01
2.359900000000000020e+01
2.741600000000000037e+01
3.421600000000000108e+01
3.974199999999999733e+01
4.762199999999999989e+01
5.845400000000000063e+01
7.035999999999999943e+01
8.649599999999999511e+01
1.037860000000000014e+02
1.278160000000000025e+02
1.546260000000000048e+02
1.849120000000000061e+02
2.248940000000000055e+02
2.800779999999999745e+02
3.337959999999999923e+02
4.031800000000000068e+02
4.855310000000000059e+02
5.865729999999999791e+02
7.087590000000000146e+02
8.790059999999999718e+02
1.051213999999999942e+03
1.273476000000000113e+03
1.544201999999999998e+03
1.898019000000000005e+03
2.257117999999999938e+03
2.792130000000000109e+03
3.402065999999999804e+03
4.047083999999999833e+03
4.852828000000000429e+03
5.919582999999999629e+03
7.079559000000000196e+03
8.387524999999999636e+03
1.010673199999999997e+04
