1.000000000000000000e+00
1.983000000000000096e+00
3.173999999999999932e+00
4.216000000000000192e+00
5.360000000000000320e+00
7.333999999999999631e+00
8.092999999999999972e+00
9.960000000000000853e+00
1.153299999999999947e+01
1.278299999999999947e+01
1.485999999999999943e+01
1.650400000000000134e+01
1.896099999999999852e+01
2.113599999999999923e+01
2.460900000000000176e+01
2.805399999999999849e+01
3.218800000000000239e+01
3.692799999999999727e+01
4.337199999999999989e+01
5.168399999999999750e+01
6.297599999999999909e+01
7.711199999999999477e+01
9.437900000000000489e+01
1.102800000000000011e+02
1.329900000000000091e+02
1.685800000000000125e+02
2.025099999999999909e+02
2.489219999999999970e+02
3.086689999999999827e+02
3.850439999999999827e+02
4.771750000000000114e+02
5.987960000000000491e+02
7.576259999999999764e+02
9.433559999999999945e+02
1.167921000000000049e+03
1.433269000000000005e+03
1.819193999999999960e+03
2.265643999999999778e+03
2.803766000000000076e+03
3.477416000000000167e+03
4.158819999999999709e+03
5.158569000000000415e+03
6.218524000000000342e+03
7.596351999999999862e+03
9.232593999999999141e+03
