1.000000000000000000e+00
1.899999999999999911e+00
3.096000000000000085e+00
4.299999999999999822e+00
5.727999999999999758e+00
8.263999999999999346e+00
9.736000000000000654e+00
1.180799999999999983e+01
1.446799999999999997e+01
1.705199999999999960e+01
2.059199999999999875e+01
2.505600000000000094e+01
2.964399999999999835e+01
3.473599999999999710e+01
4.022399999999999665e+01
4.708800000000000097e+01
5.491599999999999682e+01
6.573600000000000421e+01
7.511199999999999477e+01
8.766400000000000148e+01
1.079080000000000013e+02
1.315200000000000102e+02
1.526160000000000139e+02
1.792479999999999905e+02
2.184399999999999977e+02
2.632160000000000082e+02
3.110000000000000000e+02
3.753999999999999773e+02
4.557640000000000100e+02
5.121319999999999482e+02
6.431359999999999673e+02
8.142480000000000473e+02
9.906839999999999691e+02
1.192887999999999920e+03
1.409455999999999904e+03
1.792372000000000071e+03
2.077304000000000087e+03
2.481320000000000164e+03
3.050840000000000146e+03
3.653728000000000065e+03
4.512239999999999782e+03
5.611467999999999847e+03
6.611256000000000313e+03
8.142475999999999658e+03
9.655579999999999927e+03
