1.000000000000000000e+00
1.957999999999999963e+00
3.001999999999999780e+00
4.040000000000000036e+00
5.104000000000000092e+00
7.136000000000000121e+00
8.130000000000000782e+00
1.011899999999999977e+01
1.203100000000000058e+01
1.416499999999999915e+01
1.675000000000000000e+01
1.902700000000000102e+01
2.289300000000000068e+01
2.699599999999999866e+01
3.317000000000000171e+01
3.907200000000000273e+01
4.777400000000000091e+01
5.657999999999999829e+01
6.910800000000000409e+01
8.568999999999999773e+01
1.045139999999999958e+02
1.288439999999999941e+02
1.580529999999999973e+02
1.915360000000000014e+02
2.347199999999999989e+02
2.824159999999999968e+02
3.420740000000000123e+02
4.078000000000000114e+02
4.960869999999999891e+02
5.843949999999999818e+02
7.209270000000000209e+02
8.769880000000000564e+02
1.071778999999999996e+03
1.268438000000000102e+03
1.534931000000000040e+03
1.887032999999999902e+03
2.300137999999999920e+03
2.803438000000000102e+03
3.304188000000000102e+03
3.983677999999999884e+03
4.723221999999999753e+03
5.547573000000000320e+03
6.707886000000000422e+03
8.262997999999999593e+03
1.009324699999999939e+04
