1.000000000000000000e+00
1.975000000000000089e+00
3.184000000000000163e+00
4.089000000000000412e+00
5.163999999999999702e+00
6.924000000000000377e+00
7.613999999999999879e+00
9.253000000000000114e+00
1.075300000000000011e+01
1.213000000000000078e+01
1.395400000000000063e+01
1.541799999999999926e+01
1.777299999999999969e+01
2.038200000000000145e+01
2.449899999999999878e+01
2.841400000000000148e+01
3.333100000000000307e+01
3.871200000000000330e+01
4.582999999999999829e+01
5.471600000000000108e+01
6.487000000000000455e+01
7.918800000000000239e+01
9.383700000000000330e+01
1.135199999999999960e+02
1.432959999999999923e+02
1.737160000000000082e+02
2.127079999999999984e+02
2.562599999999999909e+02
3.199669999999999845e+02
3.966639999999999873e+02
4.921979999999999791e+02
6.086259999999999764e+02
7.261200000000000045e+02
9.162519999999999527e+02
1.155364000000000033e+03
1.416817999999999984e+03
1.827183999999999969e+03
2.320898000000000138e+03
2.819764000000000124e+03
3.475478000000000065e+03
4.248386000000000422e+03
5.280295000000000073e+03
6.445970000000000255e+03
7.847130000000000109e+03
9.579744000000000597e+03
