1.000000000000000000e+00
2.020000000000000018e+00
3.144000000000000128e+00
4.056000000000000050e+00
5.184000000000000163e+00
7.184000000000000163e+00
8.279999999999999361e+00
1.062400000000000055e+01
1.329199999999999982e+01
1.546400000000000041e+01
1.790399999999999991e+01
2.078000000000000114e+01
2.410399999999999920e+01
2.887999999999999901e+01
3.510799999999999699e+01
4.346399999999999864e+01
5.317999999999999972e+01
6.207999999999999829e+01
7.164799999999999613e+01
8.543999999999999773e+01
1.034519999999999982e+02
1.303520000000000039e+02
1.554759999999999991e+02
1.894159999999999968e+02
2.254000000000000057e+02
2.852239999999999895e+02
3.379279999999999973e+02
4.061920000000000073e+02
4.813679999999999950e+02
5.584160000000000537e+02
6.931960000000000264e+02
8.140480000000000018e+02
9.359759999999999991e+02
1.196407999999999902e+03
1.490948000000000093e+03
1.753567999999999984e+03
2.182664000000000215e+03
2.506072000000000116e+03
3.105023999999999887e+03
3.823983999999999924e+03
4.731064000000000306e+03
5.749944000000000415e+03
6.834712000000000444e+03
7.867963999999999942e+03
9.419172000000000480e+03
