1.000000000000000000e+00
2.009999999999999787e+00
2.983999999999999986e+00
4.038000000000000256e+00
4.894000000000000128e+00
6.793999999999999595e+00
7.740999999999999659e+00
9.891000000000000014e+00
1.143599999999999994e+01
1.364899999999999913e+01
1.663200000000000145e+01
1.968100000000000094e+01
2.361899999999999977e+01
2.937399999999999878e+01
3.598799999999999955e+01
4.296399999999999864e+01
5.178000000000000114e+01
6.169599999999999795e+01
7.349599999999999511e+01
8.921399999999999864e+01
1.090409999999999968e+02
1.342520000000000095e+02
1.635229999999999961e+02
1.942239999999999895e+02
2.353520000000000039e+02
2.877760000000000105e+02
3.425520000000000209e+02
4.127520000000000095e+02
5.126950000000000500e+02
6.125919999999999845e+02
7.246280000000000427e+02
8.696960000000000264e+02
1.043605999999999995e+03
1.273301999999999907e+03
1.533244999999999891e+03
1.804315000000000055e+03
2.152057999999999993e+03
2.646233999999999924e+03
3.215980000000000018e+03
3.834253999999999905e+03
4.648122000000000298e+03
5.624780999999999949e+03
6.959082999999999629e+03
8.260856999999999971e+03
9.744368000000000393e+03
