1.000000000000000000e+00
2.064000000000000057e+00
3.192000000000000171e+00
4.144000000000000128e+00
5.384000000000000341e+00
7.240000000000000213e+00
8.268000000000000682e+00
1.060800000000000054e+01
1.299600000000000044e+01
1.490799999999999947e+01
1.788800000000000168e+01
2.083599999999999852e+01
2.483200000000000074e+01
3.082400000000000162e+01
3.973199999999999932e+01
4.799199999999999733e+01
5.675600000000000023e+01
6.586400000000000432e+01
7.929600000000000648e+01
9.507999999999999829e+01
1.165079999999999956e+02
1.449600000000000080e+02
1.639919999999999902e+02
2.002719999999999914e+02
2.324639999999999986e+02
2.842239999999999895e+02
3.474320000000000164e+02
4.185120000000000005e+02
5.177799999999999727e+02
6.276480000000000246e+02
7.754959999999999809e+02
9.698719999999999573e+02
1.183827999999999975e+03
1.437655999999999949e+03
1.713491999999999962e+03
2.088608000000000175e+03
2.344231999999999971e+03
2.808639999999999873e+03
3.220536000000000058e+03
3.891936000000000149e+03
4.951960000000000036e+03
5.792752000000000407e+03
6.857068000000000211e+03
8.524043999999999869e+03
9.950340000000000146e+03
