1.000000000000000000e+00
2.036000000000000032e+00
3.180000000000000160e+00
4.142000000000000348e+00
5.238000000000000433e+00
7.266000000000000014e+00
8.239000000000000767e+00
1.042099999999999937e+01
1.231799999999999962e+01
1.396700000000000053e+01
1.666600000000000037e+01
1.957100000000000151e+01
2.329100000000000037e+01
2.837199999999999989e+01
3.496200000000000330e+01
4.230599999999999739e+01
5.072800000000000153e+01
6.090200000000000102e+01
7.291400000000000148e+01
8.519199999999999307e+01
1.013389999999999986e+02
1.240139999999999958e+02
1.504689999999999941e+02
1.824379999999999882e+02
2.247439999999999998e+02
2.660380000000000109e+02
3.242660000000000196e+02
4.017939999999999827e+02
4.898199999999999932e+02
5.977179999999999609e+02
7.384909999999999854e+02
8.821900000000000546e+02
1.080598999999999933e+03
1.287150000000000091e+03
1.528451000000000022e+03
1.855359999999999900e+03
2.276130000000000109e+03
2.699338000000000193e+03
3.307250000000000000e+03
3.983670000000000073e+03
4.721953999999999724e+03
5.672939000000000306e+03
6.801195999999999913e+03
8.275531999999999243e+03
1.005744199999999910e+04
