1.000000000000000000e+00
2.005999999999999783e+00
3.000000000000000000e+00
3.932999999999999829e+00
5.057999999999999829e+00
7.024000000000000021e+00
8.022000000000000242e+00
1.006499999999999950e+01
1.213299999999999912e+01
1.408399999999999963e+01
1.664399999999999835e+01
1.936700000000000088e+01
2.335099999999999909e+01
2.832000000000000028e+01
3.518299999999999983e+01
4.136999999999999744e+01
4.975800000000000267e+01
6.020600000000000307e+01
7.304800000000000182e+01
8.842400000000000659e+01
1.084809999999999945e+02
1.349699999999999989e+02
1.618379999999999939e+02
1.937560000000000002e+02
2.325800000000000125e+02
2.754399999999999977e+02
3.400860000000000127e+02
4.078919999999999959e+02
4.968340000000000032e+02
6.007870000000000346e+02
7.085380000000000109e+02
8.706059999999999945e+02
1.037917999999999893e+03
1.239880000000000109e+03
1.493229000000000042e+03
1.803472999999999956e+03
2.193708000000000084e+03
2.670166000000000167e+03
3.258235999999999876e+03
3.952344000000000051e+03
4.845797999999999774e+03
5.879095000000000255e+03
7.140641999999999825e+03
8.520765999999999622e+03
1.023886800000000039e+04
