1.000000000000000000e+00
1.961000000000000076e+00
3.149999999999999911e+00
4.160999999999999588e+00
5.216000000000000192e+00
7.019999999999999574e+00
7.878999999999999559e+00
9.476000000000000867e+00
1.077200000000000024e+01
1.210200000000000031e+01
1.383000000000000007e+01
1.544999999999999929e+01
1.739399999999999835e+01
1.976999999999999957e+01
2.391100000000000136e+01
2.700600000000000023e+01
3.068700000000000117e+01
3.695400000000000063e+01
4.234400000000000119e+01
5.130599999999999739e+01
6.220100000000000051e+01
7.620000000000000284e+01
9.077200000000000557e+01
1.119939999999999998e+02
1.378700000000000045e+02
1.682479999999999905e+02
2.078319999999999936e+02
2.567440000000000282e+02
3.062370000000000232e+02
3.727210000000000036e+02
4.650199999999999818e+02
5.847559999999999718e+02
7.360660000000000309e+02
9.410940000000000509e+02
1.181680000000000064e+03
1.431626999999999953e+03
1.781413999999999987e+03
2.245597999999999956e+03
2.850626000000000204e+03
3.550807999999999993e+03
4.434467999999999847e+03
5.286715000000000146e+03
6.340819000000000415e+03
7.684942000000000007e+03
9.230629000000000815e+03
