1.000000000000000000e+00
1.983000000000000096e+00
3.220000000000000195e+00
4.259999999999999787e+00
5.309999999999999609e+00
7.312000000000000277e+00
8.172000000000000597e+00
9.830999999999999517e+00
1.109399999999999942e+01
1.246100000000000030e+01
1.433000000000000007e+01
1.612999999999999901e+01
1.831400000000000006e+01
2.105999999999999872e+01
2.455699999999999861e+01
2.753000000000000114e+01
3.158800000000000097e+01
3.644800000000000040e+01
4.365400000000000347e+01
5.249600000000000222e+01
6.574899999999999523e+01
7.883199999999999363e+01
9.687699999999999534e+01
1.182120000000000033e+02
1.436579999999999870e+02
1.746680000000000064e+02
2.123799999999999955e+02
2.668980000000000246e+02
3.340369999999999777e+02
3.954250000000000114e+02
4.893140000000000214e+02
5.974299999999999500e+02
7.432480000000000473e+02
9.180199999999999818e+02
1.151596999999999980e+03
1.438678000000000111e+03
1.800367999999999938e+03
2.241498000000000047e+03
2.845661999999999807e+03
3.541403999999999996e+03
4.283484000000000378e+03
5.221011999999999716e+03
6.373127999999999702e+03
7.939898000000000138e+03
9.724305000000000291e+03
