1.000000000000000000e+00
1.949000000000000066e+00
3.100000000000000089e+00
4.177999999999999936e+00
5.416000000000000369e+00
7.258000000000000007e+00
8.201999999999999957e+00
9.849999999999999645e+00
1.148900000000000077e+01
1.302699999999999925e+01
1.511800000000000033e+01
1.663400000000000034e+01
1.919200000000000017e+01
2.158999999999999986e+01
2.503099999999999881e+01
2.838200000000000145e+01
3.371300000000000097e+01
4.021800000000000352e+01
4.715999999999999659e+01
5.575999999999999801e+01
6.661700000000000443e+01
7.937999999999999545e+01
9.775300000000000011e+01
1.177860000000000014e+02
1.409699999999999989e+02
1.744739999999999895e+02
2.131599999999999966e+02
2.607819999999999823e+02
3.191340000000000146e+02
3.964429999999999836e+02
4.928750000000000000e+02
6.181059999999999945e+02
7.454969999999999573e+02
9.225359999999999445e+02
1.167898999999999887e+03
1.433784000000000106e+03
1.795188000000000102e+03
2.288728000000000065e+03
2.837599999999999909e+03
3.493791999999999916e+03
4.333609999999999673e+03
5.223079999999999927e+03
6.446547999999999774e+03
8.022234999999999673e+03
9.845869000000000597e+03
