1.000000000000000000e+00
1.997999999999999998e+00
3.092000000000000082e+00
4.081999999999999851e+00
5.080000000000000071e+00
7.088000000000000078e+00
7.996999999999999886e+00
9.832000000000000739e+00
1.169599999999999973e+01
1.364400000000000013e+01
1.694600000000000151e+01
1.974500000000000099e+01
2.334600000000000009e+01
2.796799999999999997e+01
3.344899999999999807e+01
3.967199999999999704e+01
4.878699999999999903e+01
5.990200000000000102e+01
7.229999999999999716e+01
8.658799999999999386e+01
1.039159999999999968e+02
1.257960000000000065e+02
1.520840000000000032e+02
1.830080000000000098e+02
2.232500000000000000e+02
2.702479999999999905e+02
3.320380000000000109e+02
4.006759999999999877e+02
4.859990000000000236e+02
5.829840000000000373e+02
7.030729999999999791e+02
8.642839999999999918e+02
1.038853000000000065e+03
1.255001999999999953e+03
1.511583000000000084e+03
1.816209000000000060e+03
2.248603999999999814e+03
2.687030000000000200e+03
3.215735999999999876e+03
3.876215999999999894e+03
4.713787999999999556e+03
5.602015999999999622e+03
6.870796999999999571e+03
8.157119999999999891e+03
9.862075000000000728e+03
