1.000000000000000000e+00
2.080000000000000071e+00
3.200000000000000178e+00
4.299999999999999822e+00
5.216000000000000192e+00
6.951999999999999957e+00
7.820000000000000284e+00
9.843999999999999417e+00
1.202800000000000047e+01
1.389600000000000080e+01
1.717599999999999838e+01
1.945599999999999952e+01
2.430799999999999983e+01
2.995200000000000173e+01
3.771999999999999886e+01
4.507999999999999829e+01
5.301599999999999824e+01
6.299199999999999733e+01
7.719199999999999307e+01
9.451999999999999602e+01
1.144560000000000031e+02
1.330159999999999911e+02
1.574519999999999982e+02
1.980080000000000098e+02
2.326959999999999980e+02
2.774639999999999986e+02
3.372479999999999905e+02
3.972080000000000268e+02
4.906399999999999864e+02
5.863559999999999945e+02
7.129719999999999800e+02
9.042400000000000091e+02
1.142195999999999913e+03
1.351144000000000005e+03
1.656203999999999951e+03
1.950240000000000009e+03
2.330615999999999985e+03
2.803648000000000138e+03
3.210239999999999782e+03
3.814360000000000127e+03
4.614039999999999964e+03
5.918300000000000182e+03
7.023800000000000182e+03
8.446871999999999389e+03
1.060935599999999977e+04
