1.000000000000000000e+00
2.040999999999999925e+00
3.136000000000000121e+00
4.099000000000000199e+00
5.145999999999999908e+00
7.072000000000000064e+00
8.141999999999999460e+00
1.013100000000000023e+01
1.213499999999999979e+01
1.418399999999999928e+01
1.720599999999999952e+01
1.976200000000000045e+01
2.340899999999999892e+01
2.867800000000000082e+01
3.585900000000000176e+01
4.289200000000000301e+01
5.166299999999999670e+01
6.172200000000000131e+01
7.492799999999999727e+01
9.089000000000000057e+01
1.106590000000000060e+02
1.341239999999999952e+02
1.562520000000000095e+02
1.868259999999999934e+02
2.188540000000000134e+02
2.691960000000000264e+02
3.374479999999999791e+02
4.163720000000000141e+02
5.005350000000000250e+02
6.036409999999999627e+02
7.179120000000000346e+02
8.628899999999999864e+02
1.029527000000000044e+03
1.253645999999999958e+03
1.491588999999999942e+03
1.808394999999999982e+03
2.206190000000000055e+03
2.647711999999999989e+03
3.180748000000000047e+03
3.848204000000000178e+03
4.754729999999999563e+03
5.845778000000000247e+03
7.153797999999999774e+03
8.497066999999999098e+03
1.037306799999999930e+04
