1.000000000000000000e+00
1.995000000000000107e+00
3.145999999999999908e+00
4.270999999999999908e+00
5.357999999999999652e+00
7.253999999999999559e+00
8.288999999999999702e+00
1.055300000000000082e+01
1.265700000000000003e+01
1.477299999999999969e+01
1.742999999999999972e+01
2.051500000000000057e+01
2.432799999999999940e+01
2.843400000000000105e+01
3.475099999999999767e+01
4.110799999999999699e+01
4.889500000000000313e+01
5.952799999999999869e+01
7.020600000000000307e+01
8.490800000000000125e+01
1.034479999999999933e+02
1.265600000000000023e+02
1.511810000000000116e+02
1.872079999999999984e+02
2.313120000000000118e+02
2.787320000000000277e+02
3.405840000000000032e+02
4.159279999999999973e+02
5.014619999999999891e+02
6.119109999999999445e+02
7.345099999999999909e+02
8.836699999999999591e+02
1.078868999999999915e+03
1.301405999999999949e+03
1.573384999999999991e+03
1.875381000000000085e+03
2.230246000000000095e+03
2.722518000000000029e+03
3.286275999999999840e+03
3.960784000000000106e+03
4.721170000000000073e+03
5.740865999999999985e+03
6.761815999999999804e+03
8.114582999999999629e+03
9.854148999999999432e+03
