1.000000000000000000e+00
2.068000000000000060e+00
2.951999999999999957e+00
3.835999999999999854e+00
4.727999999999999758e+00
6.719999999999999751e+00
7.751999999999999780e+00
9.880000000000000782e+00
1.182799999999999940e+01
1.408799999999999919e+01
1.710399999999999920e+01
2.037600000000000122e+01
2.466400000000000148e+01
2.959199999999999875e+01
3.756799999999999784e+01
4.320000000000000284e+01
5.058800000000000097e+01
6.260000000000000142e+01
7.183199999999999363e+01
8.795199999999999818e+01
1.079039999999999964e+02
1.315360000000000014e+02
1.595159999999999911e+02
1.939439999999999884e+02
2.313600000000000136e+02
2.696800000000000068e+02
3.353120000000000118e+02
4.153840000000000146e+02
5.023679999999999950e+02
5.916200000000000045e+02
7.127400000000000091e+02
8.239919999999999618e+02
1.000975999999999999e+03
1.251632000000000062e+03
1.520071999999999889e+03
1.804400000000000091e+03
2.150992000000000189e+03
2.538936000000000149e+03
3.128103999999999814e+03
3.782791999999999916e+03
4.577231999999999971e+03
5.571855999999999767e+03
6.863948000000000320e+03
8.441200000000000728e+03
9.951435999999999694e+03
