1.000000000000000000e+00
1.981000000000000094e+00
3.108000000000000096e+00
4.193999999999999950e+00
5.264000000000000234e+00
7.272000000000000242e+00
8.372999999999999332e+00
1.056700000000000017e+01
1.246899999999999942e+01
1.427399999999999913e+01
1.715399999999999991e+01
1.969500000000000028e+01
2.352199999999999847e+01
2.840200000000000102e+01
3.478300000000000125e+01
4.065999999999999659e+01
4.874000000000000199e+01
5.853199999999999648e+01
6.987399999999999523e+01
8.412000000000000455e+01
1.020169999999999959e+02
1.251140000000000043e+02
1.533460000000000036e+02
1.852079999999999984e+02
2.233880000000000052e+02
2.725960000000000036e+02
3.297300000000000182e+02
3.976139999999999759e+02
4.651759999999999877e+02
5.577319999999999709e+02
6.802210000000000036e+02
8.322699999999999818e+02
1.022892000000000053e+03
1.251796000000000049e+03
1.493244999999999891e+03
1.824663000000000011e+03
2.202833999999999833e+03
2.674889999999999873e+03
3.198833999999999833e+03
3.865797999999999774e+03
4.761086000000000240e+03
5.807555999999999585e+03
6.941064000000000306e+03
8.315608000000000175e+03
1.008366899999999987e+04
