1.000000000000000000e+00
1.939999999999999947e+00
3.088000000000000078e+00
4.056000000000000050e+00
5.200000000000000178e+00
7.791999999999999815e+00
9.048000000000000043e+00
1.131600000000000072e+01
1.376800000000000068e+01
1.614000000000000057e+01
2.019200000000000017e+01
2.359199999999999875e+01
2.840399999999999991e+01
3.362400000000000233e+01
4.128799999999999670e+01
4.664800000000000324e+01
5.284799999999999898e+01
6.286399999999999721e+01
7.055200000000000671e+01
8.150400000000000489e+01
9.147599999999999909e+01
1.032800000000000011e+02
1.180040000000000049e+02
1.395039999999999907e+02
1.592880000000000109e+02
1.808959999999999866e+02
2.088240000000000123e+02
2.489039999999999964e+02
2.824039999999999964e+02
3.383919999999999959e+02
4.165679999999999836e+02
4.974320000000000164e+02
6.072559999999999718e+02
7.340480000000000018e+02
9.318600000000000136e+02
1.074276000000000067e+03
1.348359999999999900e+03
1.700407999999999902e+03
2.077311999999999898e+03
2.615672000000000025e+03
3.296168000000000120e+03
4.128252000000000407e+03
4.997336000000000240e+03
6.311587999999999738e+03
7.708792000000000371e+03
