1.000000000000000000e+00
2.024000000000000021e+00
3.495999999999999996e+00
4.775999999999999801e+00
5.983999999999999986e+00
8.640000000000000568e+00
9.820000000000000284e+00
1.248399999999999999e+01
1.483600000000000030e+01
1.785600000000000165e+01
2.154400000000000048e+01
2.574399999999999977e+01
3.007199999999999918e+01
3.446399999999999864e+01
4.285199999999999676e+01
4.788799999999999812e+01
5.593999999999999773e+01
6.631999999999999318e+01
7.392000000000000171e+01
8.299200000000000443e+01
9.793999999999999773e+01
1.050319999999999965e+02
1.157999999999999972e+02
1.319840000000000089e+02
1.576239999999999952e+02
1.840639999999999930e+02
2.169919999999999902e+02
2.633840000000000146e+02
3.373159999999999741e+02
4.021999999999999886e+02
4.792679999999999723e+02
5.802640000000000100e+02
6.631559999999999491e+02
7.935439999999999827e+02
9.592920000000000300e+02
1.114491999999999962e+03
1.360448000000000093e+03
1.652319999999999936e+03
2.062760000000000218e+03
2.425295999999999822e+03
2.869568000000000211e+03
3.609632000000000062e+03
4.906507999999999811e+03
6.119680000000000291e+03
7.932475999999999658e+03
