1.000000000000000000e+00
2.017999999999999794e+00
3.181999999999999940e+00
4.169999999999999929e+00
5.448000000000000398e+00
7.445999999999999730e+00
8.512999999999999901e+00
1.041799999999999926e+01
1.221400000000000041e+01
1.430100000000000016e+01
1.694600000000000151e+01
1.987099999999999866e+01
2.344999999999999929e+01
2.900199999999999889e+01
3.544700000000000273e+01
4.176200000000000045e+01
4.833599999999999852e+01
5.907800000000000296e+01
7.088400000000000034e+01
8.750600000000000023e+01
1.061219999999999999e+02
1.225580000000000069e+02
1.480629999999999882e+02
1.812800000000000011e+02
2.220720000000000027e+02
2.693539999999999850e+02
3.278439999999999941e+02
3.967239999999999895e+02
4.770059999999999718e+02
5.779829999999999472e+02
7.042640000000000100e+02
8.443799999999999955e+02
1.027876999999999953e+03
1.254859999999999900e+03
1.546554000000000087e+03
1.919132000000000062e+03
2.320143999999999778e+03
2.817166000000000167e+03
3.397237999999999829e+03
4.030039999999999964e+03
4.795394000000000233e+03
5.825880000000000109e+03
6.940613000000000284e+03
8.302635000000000218e+03
1.007721899999999914e+04
