1.000000000000000000e+00
2.004999999999999893e+00
3.217999999999999972e+00
4.203000000000000291e+00
5.405999999999999694e+00
7.530000000000000249e+00
8.237000000000000099e+00
9.993999999999999773e+00
1.139400000000000013e+01
1.283900000000000041e+01
1.496199999999999974e+01
1.690899999999999892e+01
1.889699999999999847e+01
2.157000000000000028e+01
2.424599999999999866e+01
2.700799999999999912e+01
3.087099999999999866e+01
3.611399999999999721e+01
4.161999999999999744e+01
5.006199999999999761e+01
6.019299999999999784e+01
7.256600000000000250e+01
8.951200000000000045e+01
1.101899999999999977e+02
1.354600000000000080e+02
1.703160000000000025e+02
2.094379999999999882e+02
2.520819999999999936e+02
3.135559999999999832e+02
3.776399999999999864e+02
4.763430000000000177e+02
5.843279999999999745e+02
7.083669999999999618e+02
8.945059999999999718e+02
1.111634000000000015e+03
1.420933999999999969e+03
1.860402000000000044e+03
2.304882000000000062e+03
2.842501999999999953e+03
3.441260000000000218e+03
4.259149999999999636e+03
5.274554000000000087e+03
6.443042000000000371e+03
7.705823999999999614e+03
9.366005999999999403e+03
