1.000000000000000000e+00
1.961000000000000076e+00
2.958000000000000185e+00
3.951000000000000068e+00
5.000000000000000000e+00
6.974000000000000199e+00
7.958999999999999631e+00
9.929999999999999716e+00
1.173600000000000065e+01
1.370500000000000007e+01
1.632999999999999829e+01
1.906500000000000128e+01
2.230399999999999849e+01
2.707600000000000051e+01
3.387899999999999778e+01
4.077199999999999847e+01
4.861599999999999966e+01
5.890599999999999881e+01
6.779600000000000648e+01
8.535800000000000409e+01
1.037870000000000061e+02
1.279479999999999933e+02
1.548990000000000009e+02
1.903820000000000050e+02
2.253019999999999925e+02
2.684279999999999973e+02
3.240819999999999936e+02
3.908260000000000218e+02
4.703670000000000186e+02
5.682630000000000337e+02
6.841680000000000064e+02
8.253640000000000327e+02
1.011980000000000018e+03
1.248211999999999989e+03
1.520804000000000087e+03
1.836915999999999940e+03
2.236887999999999920e+03
2.710858000000000175e+03
3.320673999999999978e+03
4.006141999999999825e+03
4.720637999999999920e+03
5.603520999999999731e+03
6.791658000000000357e+03
8.170481999999999971e+03
9.873282999999999447e+03
