1.000000000000000000e+00
2.008999999999999897e+00
3.205999999999999961e+00
4.254999999999999893e+00
5.461999999999999744e+00
7.652000000000000135e+00
8.551999999999999602e+00
1.014199999999999946e+01
1.169599999999999973e+01
1.300500000000000078e+01
1.495400000000000063e+01
1.698199999999999932e+01
1.936599999999999966e+01
2.266199999999999903e+01
2.637800000000000011e+01
3.015800000000000125e+01
3.531499999999999773e+01
4.136800000000000210e+01
4.811399999999999721e+01
5.675600000000000023e+01
6.764700000000000557e+01
8.290600000000000591e+01
1.003539999999999992e+02
1.181800000000000068e+02
1.456879999999999882e+02
1.800999999999999943e+02
2.221879999999999882e+02
2.739259999999999877e+02
3.291779999999999973e+02
3.967370000000000232e+02
4.959089999999999918e+02
6.064199999999999591e+02
7.454020000000000437e+02
9.305639999999999645e+02
1.171372000000000071e+03
1.420734999999999900e+03
1.782531999999999925e+03
2.186958000000000084e+03
2.749635999999999967e+03
3.394320000000000164e+03
4.167471999999999753e+03
5.214024999999999636e+03
6.407265999999999622e+03
7.745081000000000131e+03
9.555512000000000626e+03
