1.000000000000000000e+00
2.092000000000000082e+00
3.184000000000000163e+00
4.472000000000000419e+00
5.879999999999999893e+00
8.464000000000000412e+00
1.004800000000000004e+01
1.235599999999999987e+01
1.505199999999999960e+01
1.742399999999999949e+01
2.062399999999999878e+01
2.463599999999999923e+01
2.968400000000000105e+01
3.427199999999999847e+01
4.300800000000000267e+01
5.093599999999999994e+01
5.897599999999999909e+01
6.658400000000000318e+01
8.132800000000000296e+01
1.000639999999999930e+02
1.136839999999999975e+02
1.346719999999999970e+02
1.588839999999999861e+02
1.887760000000000105e+02
2.199439999999999884e+02
2.684159999999999968e+02
3.111840000000000259e+02
3.768960000000000150e+02
4.698000000000000114e+02
5.676760000000000446e+02
6.856720000000000255e+02
8.230159999999999627e+02
9.812240000000000464e+02
1.192215999999999894e+03
1.479948000000000093e+03
1.741188000000000102e+03
2.119447999999999865e+03
2.636543999999999869e+03
3.182143999999999778e+03
3.850623999999999796e+03
4.621520000000000437e+03
5.700435999999999694e+03
6.860779999999999745e+03
8.437203999999999724e+03
1.007055999999999949e+04
