1.000000000000000000e+00
1.995000000000000107e+00
3.005999999999999783e+00
4.036999999999999922e+00
4.948000000000000398e+00
7.073999999999999844e+00
8.102999999999999758e+00
1.014899999999999913e+01
1.183200000000000074e+01
1.363100000000000023e+01
1.686199999999999832e+01
1.985500000000000043e+01
2.417699999999999960e+01
2.960000000000000142e+01
3.625800000000000267e+01
4.312800000000000011e+01
5.099300000000000210e+01
6.193200000000000216e+01
7.539600000000000080e+01
9.127400000000000091e+01
1.100439999999999969e+02
1.329799999999999898e+02
1.580740000000000123e+02
1.915800000000000125e+02
2.335420000000000016e+02
2.880240000000000009e+02
3.405400000000000205e+02
4.112579999999999814e+02
4.958799999999999955e+02
5.815130000000000337e+02
7.082319999999999709e+02
8.596440000000000055e+02
1.027912000000000035e+03
1.258653999999999996e+03
1.512357999999999947e+03
1.851673999999999978e+03
2.145782000000000153e+03
2.680378000000000156e+03
3.292030000000000200e+03
4.003393999999999778e+03
4.709739999999999782e+03
5.744417000000000371e+03
7.088703999999999724e+03
8.493346999999999753e+03
1.017988800000000083e+04
