1.000000000000000000e+00
1.949999999999999956e+00
2.939999999999999947e+00
3.939000000000000057e+00
5.009999999999999787e+00
7.176000000000000156e+00
8.141999999999999460e+00
1.028200000000000003e+01
1.223499999999999943e+01
1.404499999999999993e+01
1.709400000000000119e+01
2.022899999999999920e+01
2.378800000000000026e+01
2.808599999999999852e+01
3.397800000000000153e+01
4.039600000000000080e+01
4.868299999999999983e+01
5.943599999999999994e+01
7.274599999999999511e+01
8.884999999999999432e+01
1.060939999999999941e+02
1.275559999999999974e+02
1.533340000000000032e+02
1.836399999999999864e+02
2.203019999999999925e+02
2.713940000000000055e+02
3.280240000000000009e+02
3.899139999999999873e+02
4.792210000000000036e+02
5.862400000000000091e+02
7.236989999999999554e+02
8.800639999999999645e+02
1.059201000000000022e+03
1.280213999999999942e+03
1.572844000000000051e+03
1.871223999999999933e+03
2.220012000000000171e+03
2.666445999999999913e+03
3.271867999999999938e+03
3.955025999999999840e+03
4.786344000000000051e+03
5.731640000000000327e+03
7.006750000000000000e+03
8.257700999999999112e+03
9.848208000000000538e+03
