1.000000000000000000e+00
1.967999999999999972e+00
3.048000000000000043e+00
4.024000000000000021e+00
5.008000000000000007e+00
6.679999999999999716e+00
7.767999999999999794e+00
9.832000000000000739e+00
1.172400000000000020e+01
1.325999999999999979e+01
1.696000000000000085e+01
2.006400000000000006e+01
2.504400000000000048e+01
3.052799999999999869e+01
3.729599999999999937e+01
4.407999999999999829e+01
5.461599999999999966e+01
6.463200000000000500e+01
7.759199999999999875e+01
9.215200000000000102e+01
1.123040000000000020e+02
1.384319999999999879e+02
1.618720000000000141e+02
1.929120000000000061e+02
2.364559999999999889e+02
2.858559999999999945e+02
3.366320000000000050e+02
3.994719999999999800e+02
4.728999999999999773e+02
5.794959999999999809e+02
7.304919999999999618e+02
8.547279999999999518e+02
1.055528000000000020e+03
1.283680000000000064e+03
1.491556000000000040e+03
1.782311999999999898e+03
2.054704000000000178e+03
2.475856000000000222e+03
2.861664000000000215e+03
3.537039999999999964e+03
4.373984000000000378e+03
5.240452000000000226e+03
6.587275999999999840e+03
7.784163999999999760e+03
1.004485599999999977e+04
