1.000000000000000000e+00
2.056000000000000050e+00
3.240000000000000213e+00
4.679999999999999716e+00
5.991999999999999993e+00
8.183999999999999275e+00
9.007999999999999119e+00
1.116399999999999970e+01
1.364000000000000057e+01
1.649599999999999866e+01
2.011199999999999832e+01
2.427199999999999847e+01
2.886799999999999855e+01
3.492799999999999727e+01
4.400399999999999778e+01
5.294400000000000261e+01
6.294800000000000040e+01
7.364000000000000057e+01
8.735200000000000387e+01
1.012560000000000002e+02
1.140759999999999934e+02
1.384639999999999986e+02
1.618520000000000039e+02
1.891119999999999948e+02
2.269360000000000070e+02
2.680000000000000000e+02
3.279519999999999982e+02
3.831039999999999850e+02
4.561999999999999886e+02
5.524360000000000355e+02
7.034919999999999618e+02
8.323759999999999764e+02
1.022847999999999956e+03
1.287000000000000000e+03
1.554895999999999958e+03
1.934387999999999920e+03
2.266608000000000175e+03
2.642648000000000138e+03
3.246768000000000029e+03
3.894264000000000124e+03
4.699247999999999593e+03
5.633279999999999745e+03
6.986171999999999571e+03
8.304440000000000509e+03
9.971031999999999243e+03
