1.000000000000000000e+00
2.040000000000000036e+00
3.168000000000000149e+00
4.259999999999999787e+00
5.559999999999999609e+00
8.199999999999999289e+00
9.348000000000000753e+00
1.145599999999999952e+01
1.404800000000000004e+01
1.584399999999999942e+01
1.980799999999999983e+01
2.357999999999999829e+01
2.753600000000000136e+01
3.284000000000000341e+01
3.890800000000000125e+01
4.551200000000000045e+01
5.370400000000000063e+01
6.260000000000000142e+01
7.000000000000000000e+01
8.179999999999999716e+01
8.915200000000000102e+01
1.029759999999999991e+02
1.170400000000000063e+02
1.278799999999999955e+02
1.540240000000000009e+02
1.786959999999999980e+02
2.157040000000000077e+02
2.575520000000000209e+02
3.069800000000000182e+02
3.515840000000000032e+02
4.162880000000000109e+02
5.269439999999999600e+02
6.376839999999999691e+02
8.158319999999999936e+02
9.691839999999999691e+02
1.194299999999999955e+03
1.393584000000000060e+03
1.625160000000000082e+03
1.951847999999999956e+03
2.449096000000000004e+03
2.993911999999999807e+03
3.814503999999999905e+03
4.611688000000000102e+03
5.668747999999999593e+03
7.493079999999999927e+03
