1.000000000000000000e+00
1.927999999999999936e+00
2.903999999999999915e+00
3.951999999999999957e+00
5.120000000000000107e+00
7.312000000000000277e+00
8.439999999999999503e+00
1.054800000000000004e+01
1.244400000000000084e+01
1.492800000000000082e+01
1.778399999999999892e+01
2.029599999999999937e+01
2.480000000000000071e+01
3.032799999999999940e+01
3.728000000000000114e+01
4.601599999999999824e+01
5.602400000000000091e+01
6.919199999999999307e+01
8.004000000000000625e+01
9.587999999999999545e+01
1.130360000000000014e+02
1.404319999999999879e+02
1.642880000000000109e+02
1.946080000000000041e+02
2.329759999999999991e+02
2.906480000000000246e+02
3.420480000000000018e+02
4.120240000000000009e+02
4.933360000000000127e+02
5.886040000000000418e+02
7.219160000000000537e+02
8.298079999999999927e+02
9.992559999999999718e+02
1.214976000000000113e+03
1.498387999999999920e+03
1.745804000000000087e+03
2.119623999999999796e+03
2.428719999999999800e+03
3.022327999999999975e+03
3.589391999999999825e+03
4.457279999999999745e+03
5.500060000000000400e+03
6.808456000000000131e+03
8.102387999999999920e+03
1.021840400000000045e+04
