1.000000000000000000e+00
1.995999999999999996e+00
2.863999999999999879e+00
3.779999999999999805e+00
4.919999999999999929e+00
6.935999999999999943e+00
7.903999999999999915e+00
9.747999999999999332e+00
1.170800000000000018e+01
1.369200000000000017e+01
1.667200000000000060e+01
1.962399999999999878e+01
2.384799999999999898e+01
2.858399999999999963e+01
3.410799999999999699e+01
4.198400000000000176e+01
5.014000000000000057e+01
6.134400000000000119e+01
7.378400000000000603e+01
8.976000000000000512e+01
1.150400000000000063e+02
1.410240000000000009e+02
1.672839999999999918e+02
2.016320000000000050e+02
2.389279999999999973e+02
2.894959999999999809e+02
3.458000000000000114e+02
4.129119999999999777e+02
4.800439999999999827e+02
5.668799999999999955e+02
6.483120000000000118e+02
8.251280000000000427e+02
1.004451999999999998e+03
1.256023999999999887e+03
1.522296000000000049e+03
1.793839999999999918e+03
2.145856000000000222e+03
2.591880000000000109e+03
3.224416000000000167e+03
4.079592000000000098e+03
4.983847999999999956e+03
6.080699999999999818e+03
7.002783999999999651e+03
8.558391999999999825e+03
1.054586399999999958e+04
