1.00000000000000
1.99284000000000
3.14620000000000
4.19572000000000
5.36480000000000
7.53896000000000
8.58254000000000
10.68149999999999
12.69476000000000
14.65216000000000
17.39280000000000
19.93368000000000
23.14340000000000
26.92899999999999
31.80794000000002
36.23532000000001
41.53110000000000
47.58988000000000
54.01136000000000
62.29164000000001
71.91727999999998
83.44256000000001
97.39358000000000
115.02768000000000
136.40716000000000
164.42819999999995
199.44796000000005
243.99963999999997
299.30764000000005
365.95677999999992
449.05148000000008
547.98736000000008
667.58885999999984
816.52900000000022
996.50212000000056
1216.26486000000023
1494.95588000000043
1849.14060000000063
2301.78728000000046
2891.81487999999945
3652.62403999999970
4611.50768000000062
5791.59618000000046
7215.76057999999921
8937.55061999999998
