0.41821600000000
0.37546400000000
0.35225200000000
0.34213400000000
0.33510600000000
0.32577600000000
0.32198200000000
0.31512400000000
0.30882800000000
0.30292800000000
0.29451400000000
0.28636800000000
0.27617600000000
0.26400400000000
0.24837800000000
0.23415400000000
0.21736400000000
0.19928600000000
0.18194600000000
0.16153000000000
0.14100600000000
0.12009400000000
0.09979800000000
0.08004400000000
0.06123000000000
0.04428200000000
0.02942400000000
0.01756000000000
0.00900200000000
0.00382800000000
0.00117600000000
0.00022800000000
0.00002800000000
0.00000000000000
0.00000000000000
0.00000000000000
0.00000000000000
0.00000000000000
0.00000000000000
0.00000000000000
0.00000000000000
0.00000000000000
0.00000000000000
0.00000000000000
0.00000000000000
