0.82168000000000
0.77641900000000
0.73691300000000
0.71103100000000
0.68862300000000
0.65696300000000
0.64537600000000
0.62659100000000
0.61237200000000
0.60134300000000
0.58854900000000
0.57872500000000
0.56823000000000
0.55790400000000
0.54635800000000
0.53685400000000
0.52620600000000
0.51427700000000
0.50248000000000
0.48793800000000
0.47194900000000
0.45434100000000
0.43525400000000
0.41375800000000
0.39083500000000
0.36615400000000
0.34003100000000
0.31307700000000
0.28476600000000
0.25564000000000
0.22578400000000
0.19613100000000
0.16633700000000
0.13667600000000
0.10821300000000
0.08171700000000
0.05802100000000
0.03785400000000
0.02195300000000
0.01053900000000
0.00401200000000
0.00108900000000
0.00016000000000
0.00002200000000
0.00000100000000
