0.68108300000000
0.62101000000000
0.57542800000000
0.54971100000000
0.53022300000000
0.50605000000000
0.49814200000000
0.48606900000000
0.47727300000000
0.47033300000000
0.46188500000000
0.45478300000000
0.44664000000000
0.43736400000000
0.42584100000000
0.41490000000000
0.40180500000000
0.38706700000000
0.37182100000000
0.35335100000000
0.33342700000000
0.31179400000000
0.28931900000000
0.26467900000000
0.23922600000000
0.21319800000000
0.18633500000000
0.15932300000000
0.13242400000000
0.10640900000000
0.08170600000000
0.05912500000000
0.03976000000000
0.02406100000000
0.01256200000000
0.00509900000000
0.00164100000000
0.00032900000000
0.00003900000000
0.00000300000000
0.00000000000000
0.00000000000000
0.00000000000000
0.00000000000000
0.00000000000000
