1.00000000000000
1.96266000000000
3.17908000000000
4.28496000000000
5.49600000000000
7.77276000000001
8.83822000000000
10.95920000000001
12.96652000000000
14.89618000000000
17.66556000000000
20.18163999999999
23.42996000000000
27.12360000000001
31.96724000000001
36.43644000000002
41.54044000000000
47.37807999999999
53.49992000000000
61.42847999999997
70.94870000000000
82.08828000000000
95.68798000000002
112.79415999999998
134.98080000000004
163.05656000000002
198.91376000000002
243.41932000000006
298.99345999999980
366.72873999999996
447.05517999999984
545.99380000000019
668.52773999999988
817.18652000000020
996.73621999999989
1219.06758000000013
1500.21763999999939
1856.47108000000003
2313.96631999999954
2905.14924000000065
3664.70887999999786
4631.14327999999841
5803.21156000000065
7215.23478000000250
8933.36451999999917
