1.00000000000000
1.95826000000000
3.16130000000000
4.19698000000000
5.32344000000000
7.26628000000000
8.11917000000000
9.81289999999999
11.36871000000000
12.82553999999999
14.89688000000000
16.74981000000000
19.07135000000000
21.92127999999999
25.57075000000000
29.15110000000001
33.56979000000000
39.09063999999999
45.21095999999999
53.62404000000002
64.07901000000000
77.32802000000001
93.57020000000003
114.06095999999992
139.57381999999998
171.52063999999999
210.51899999999983
257.53708000000000
316.20167000000009
388.08887999999985
478.19644999999997
589.12242000000015
731.09583000000009
914.44190000000015
1142.24684999999977
1442.35166999999979
1816.32924000000025
2273.17394000000013
2831.82771999999886
3500.56416000000127
4309.78800000000138
5283.67736000000241
6461.43854000000192
7874.96634999999787
9593.69730000000163
