1.00000000000000
1.95207200000000
3.04998400000000
3.89023200000000
4.77688000000000
6.23849600000000
6.85674400000000
8.14403200000000
9.32055200000000
10.47024000000000
12.12708800000000
13.71368000000000
15.85103200000000
18.54523200000000
22.37649600000000
26.39372800000001
31.75633600000000
38.59272000000001
46.25409600000000
56.97222400000000
69.94133600000001
85.92529600000000
105.42687999999997
129.65635200000000
160.15652799999998
197.95991999999998
246.09585600000003
307.15633600000001
385.29179999999991
482.80855199999991
603.90916799999991
749.72265600000026
928.17574400000001
1145.99001600000020
1407.73928000000069
1719.82221600000025
2097.59899199999973
2561.28345600000011
3112.66558400000031
3780.92443199999980
4577.62520000000131
5556.18816800000059
6726.01843199999985
8133.43710399999964
9832.50945599999795
