1.000000000000000000e+00
1.800000000000000044e+00
2.911999999999999922e+00
4.040000000000000036e+00
5.160000000000000142e+00
7.519999999999999574e+00
8.480000000000000426e+00
1.052399999999999913e+01
1.272400000000000020e+01
1.539199999999999946e+01
1.925600000000000023e+01
2.367200000000000060e+01
2.860000000000000142e+01
3.484000000000000341e+01
4.228399999999999892e+01
5.007999999999999829e+01
5.810799999999999699e+01
6.664000000000000057e+01
8.209600000000000364e+01
9.995199999999999818e+01
1.185120000000000005e+02
1.408240000000000123e+02
1.669319999999999879e+02
1.966879999999999882e+02
2.365200000000000102e+02
2.751999999999999886e+02
3.312080000000000268e+02
4.065760000000000218e+02
4.840439999999999827e+02
5.884600000000000364e+02
7.368160000000000309e+02
8.898959999999999582e+02
1.120811999999999898e+03
1.346175999999999931e+03
1.618195999999999913e+03
1.951132000000000062e+03
2.221704000000000178e+03
2.743728000000000065e+03
3.282231999999999971e+03
4.073311999999999898e+03
4.901079999999999927e+03
5.842395999999999731e+03
6.905507999999999811e+03
7.942952000000000226e+03
9.376708000000000538e+03
