0.96652000000000
1.20644000000000
1.11722000000000
1.22674000000000
1.13244000000000
1.18964000000000
1.10590000000000
1.07448000000000
1.07106000000000
1.00868000000000
0.95968000000000
0.90628000000000
0.85270000000000
0.80980666666667
0.77002500000000
0.74236000000000
0.67916400000000
0.64934000000000
0.62047333333333
0.57147714285714
0.54571000000000
0.50370888888889
0.51184000000000
0.51318666666667
0.50587428571429
0.48724500000000
0.48944888888889
0.50553523809524
0.52716500000000
0.56229928571429
0.56526687500000
0.59541837837838
0.61567209302326
0.63381836734694
0.62234857142857
0.63615323076923
0.65355680000000
0.66577116279070
0.66360101010101
0.67122973913043
0.66092885496183
0.66092885496183
