2.00028308767585
2.00509881629408
2.00971044677218
2.01179040767045
2.01839058860399
2.02152607311775
2.02317869503324
2.02448752198139
2.02623603941062
2.02572347653442
2.02663739929837
2.02504345743187
2.02642880127235
2.02689699678002
2.02767896019961
2.02417341408102
2.02412077771305
2.02564337891380
2.02352851244597
2.02539128233023
2.02615189557485
2.02443602906085
2.02203062705312
2.02341518117356
2.02738335406901
2.02835082988742
2.02760652616445
2.03263100996362
2.02959570479030
2.03944773109626
2.03591859555067
2.03908841111949
2.04383187459285
2.05280561347188
2.05432572135640
2.05279206904449
2.05167146687703
nan
nan
nan
nan
nan
