0.82175100000000
0.77638200000000
0.73662500000000
0.71063600000000
0.68810900000000
0.67096300000000
0.65615900000000
0.64438800000000
0.62540500000000
0.61774100000000
0.60540200000000
0.59553400000000
0.58740400000000
0.58044000000000
0.57191500000000
0.56264600000000
0.55679200000000
0.54831300000000
0.54098300000000
0.53323800000000
0.52511900000000
0.51655300000000
0.50752400000000
0.49799300000000
0.48716500000000
0.47531700000000
0.46260200000000
0.44952300000000
0.43489000000000
0.41935200000000
0.40258900000000
0.38463800000000
0.36611300000000
0.34682600000000
0.32684500000000
0.30641800000000
0.28536800000000
0.26371500000000
0.24165100000000
0.21941500000000
0.19667100000000
0.17455500000000
