1.00000000000000
1.96652000000000
3.17296000000000
4.29018000000000
5.51692000000000
6.64936000000000
7.83900000000000
8.94490000000000
11.09386000000000
12.16492000000000
14.18227999999999
16.10164000000000
17.91419999999999
19.61960000000000
22.04902000000000
25.12911999999999
27.35619999999999
30.75202000000001
33.99871999999999
37.72156000000001
41.72189999999998
46.08758000000001
50.62095999999999
55.73935999999997
61.89760000000000
68.97983999999998
76.77576000000001
85.58583999999998
96.20208000000001
108.85404000000008
124.59842000000002
142.68695999999989
164.71743999999995
191.19134000000003
222.24843999999996
257.09996000000001
298.44991999999996
347.46668000000005
404.72299999999996
470.41950000000014
547.61091999999996
634.19259999999986
