1.00000000000000
1.98686000000000
3.11736000000000
4.20674000000000
5.35040000000000
7.57764000000000
8.68704000000000
10.88836000000000
13.04126000000000
15.15572000000000
18.27148000000000
21.32856000000000
25.28560000000001
30.06716000000001
36.58974000000001
43.12276000000001
51.33851999999998
61.24820000000002
71.78028000000003
85.88523999999995
103.32664000000001
124.40307999999997
149.44125999999997
181.34019999999992
220.27928000000009
268.03463999999991
325.31396000000001
396.14232000000004
482.28425999999985
584.63564000000019
708.30336000000011
858.33344000000011
1036.44747999999959
1248.67343999999957
1513.35112000000026
1829.08123999999953
2211.33472000000074
2670.53092000000015
3211.40484000000106
3876.87892000000102
4705.82352000000083
5683.90957999999864
6856.22051999999712
8268.36227999999937
9971.55911999999807
