1.00000000000000
1.99566000000000
3.03700000000000
4.05906000000000
5.11320000000000
7.22832000000000
8.27418000000000
10.39564000000000
12.46245999999999
14.50966000000000
17.53828000000000
20.57271999999999
24.57265999999999
29.45112000000001
36.27108000000000
43.00064000000000
51.72046000000001
62.45036000000000
74.13732000000000
90.18376000000002
108.92920000000002
132.13783999999998
159.38054000000000
191.98247999999995
231.54079999999990
279.89983999999998
338.12748000000005
409.05640000000005
493.80031999999994
596.24829999999997
720.53525999999988
868.34655999999973
1048.34784000000036
1267.54604000000018
1532.05827999999974
1847.27615999999944
2233.57208000000037
2702.13336000000027
3258.39587999999867
3932.96884000000091
4740.60303999999996
5721.99341999999706
6904.45124000000669
8325.99189999999908
10062.79256000000350
