1.00000000000000
1.97408000000000
3.17632000000000
4.28762000000000
5.50912000000000
7.81336000000000
8.89192000000000
11.03410000000000
13.08742000000000
14.99574000000000
17.73124000000000
20.26274000000000
23.43234000000000
27.13395999999999
31.79030000000000
36.02492000000001
41.15020000000001
47.05043999999999
53.14027999999999
60.99548000000001
70.38692000000003
81.91944000000001
95.75552000000002
113.28692000000002
135.53411999999997
163.55452000000000
198.31611999999990
241.47147999999999
296.12288000000007
363.00582000000026
443.82229999999987
541.47596000000010
661.92290000000025
805.39168000000063
985.72895999999980
1212.83154000000013
1498.67860000000019
1853.07896000000028
2317.98911999999973
2921.71171999999979
3690.34175999999979
4638.04619999999795
5800.66886000000159
7218.67072000000280
8918.90565999999671
