1.00000000000000
1.99826000000000
2.98460000000000
3.99114000000000
4.99108000000000
7.00656000000000
7.99698000000000
9.99026000000000
11.97220000000000
13.95506000000001
16.95219999999999
19.94006000000000
23.94766000000000
28.93324000000002
35.76868000000000
42.77036000000001
51.57993999999999
62.71828000000001
74.68664000000003
90.68023999999997
109.37891999999999
132.12315999999998
158.74775999999997
191.57559999999998
231.73296000000005
280.53731999999991
338.78587999999996
409.27031999999986
494.08709999999991
596.94374000000016
718.63022000000001
866.69988000000001
1045.21538000000032
1259.74159999999983
1520.22636000000057
1836.78782000000047
2220.27304000000004
2682.24968000000035
3247.62184000000161
3919.86524000000099
4715.67919999999958
5679.72217999999975
6846.78136000000450
8271.52881999999954
9994.60044000000016
