1.000000000000000000e+00
1.971999999999999975e+00
2.895999999999999908e+00
3.923999999999999932e+00
5.040000000000000036e+00
7.392000000000000348e+00
8.284000000000000696e+00
1.100000000000000000e+01
1.310399999999999920e+01
1.575999999999999979e+01
1.883999999999999986e+01
2.267999999999999972e+01
2.721999999999999886e+01
3.230400000000000205e+01
4.064000000000000057e+01
4.751200000000000045e+01
5.707999999999999829e+01
6.776800000000000068e+01
7.690399999999999636e+01
9.160800000000000409e+01
1.126080000000000041e+02
1.393600000000000136e+02
1.708640000000000043e+02
1.953040000000000020e+02
2.330560000000000116e+02
2.879440000000000168e+02
3.336399999999999864e+02
4.011999999999999886e+02
4.733000000000000114e+02
5.788360000000000127e+02
7.004279999999999973e+02
8.696000000000000227e+02
1.045756000000000085e+03
1.269112000000000080e+03
1.559720000000000027e+03
1.834435999999999922e+03
2.320568000000000211e+03
2.861992000000000189e+03
3.299679999999999836e+03
3.906983999999999924e+03
4.569760000000000218e+03
5.676539999999999964e+03
6.868855999999999767e+03
8.280147999999999229e+03
1.011118000000000029e+04
