1.000000000000000000e+00
1.907999999999999918e+00
3.064000000000000057e+00
4.435999999999999943e+00
5.863999999999999879e+00
8.336000000000000298e+00
9.747999999999999332e+00
1.238400000000000034e+01
1.493200000000000038e+01
1.734799999999999898e+01
2.069600000000000151e+01
2.378000000000000114e+01
2.920400000000000063e+01
3.381600000000000250e+01
4.029999999999999716e+01
4.711200000000000188e+01
5.416400000000000148e+01
6.319200000000000017e+01
6.921599999999999397e+01
7.894400000000000261e+01
9.106799999999999784e+01
1.062560000000000002e+02
1.202120000000000033e+02
1.324559999999999889e+02
1.520000000000000000e+02
1.719519999999999982e+02
1.942479999999999905e+02
2.279039999999999964e+02
2.855439999999999827e+02
3.533999999999999773e+02
4.328960000000000150e+02
5.348640000000000327e+02
6.596639999999999873e+02
7.590000000000000000e+02
9.040439999999999827e+02
1.127115999999999985e+03
1.333423999999999978e+03
1.665928000000000111e+03
2.086847999999999956e+03
2.505864000000000033e+03
2.994032000000000153e+03
3.763356000000000222e+03
4.611055999999999585e+03
5.883996000000000095e+03
7.273391999999999825e+03
