1.000000000000000000e+00
1.887999999999999901e+00
3.013999999999999790e+00
3.964999999999999858e+00
5.089999999999999858e+00
7.352000000000000313e+00
8.438000000000000611e+00
1.037199999999999989e+01
1.208600000000000030e+01
1.388299999999999912e+01
1.647599999999999909e+01
1.907600000000000051e+01
2.289099999999999824e+01
2.749399999999999977e+01
3.348100000000000165e+01
3.972999999999999687e+01
4.739000000000000057e+01
5.858400000000000318e+01
6.969199999999999307e+01
8.523999999999999488e+01
1.044959999999999951e+02
1.294859999999999900e+02
1.567230000000000132e+02
1.890740000000000123e+02
2.276500000000000057e+02
2.828620000000000232e+02
3.340140000000000100e+02
4.081019999999999754e+02
4.957679999999999723e+02
6.010059999999999718e+02
7.295589999999999691e+02
8.722599999999999909e+02
1.053391000000000076e+03
1.278046000000000049e+03
1.550949000000000069e+03
1.884856999999999971e+03
2.253764000000000124e+03
2.731632000000000062e+03
3.258809999999999945e+03
3.941536000000000058e+03
4.732270000000000437e+03
5.637966999999999643e+03
7.004948999999999614e+03
8.424701999999999316e+03
1.008329099999999926e+04
