1.000000000000000000e+00
2.068000000000000060e+00
3.112000000000000099e+00
4.064000000000000057e+00
5.040000000000000036e+00
7.080000000000000071e+00
8.236000000000000654e+00
1.012800000000000011e+01
1.208399999999999963e+01
1.434800000000000075e+01
1.724800000000000111e+01
1.955600000000000094e+01
2.276399999999999935e+01
2.842399999999999949e+01
3.530400000000000205e+01
4.233599999999999852e+01
5.379599999999999937e+01
6.388799999999999812e+01
7.636799999999999500e+01
9.028799999999999670e+01
1.102800000000000011e+02
1.388240000000000123e+02
1.593160000000000025e+02
1.910639999999999930e+02
2.245600000000000023e+02
2.813999999999999773e+02
3.518000000000000114e+02
4.290799999999999841e+02
5.106320000000000050e+02
6.258160000000000309e+02
7.493319999999999936e+02
9.005599999999999454e+02
1.090355999999999995e+03
1.279935999999999922e+03
1.455976000000000113e+03
1.790559999999999945e+03
2.093320000000000164e+03
2.515023999999999887e+03
3.030847999999999956e+03
3.643760000000000218e+03
4.681615999999999985e+03
5.712087999999999738e+03
7.000595999999999549e+03
8.229832000000000335e+03
9.720600000000000364e+03
