1.000000000000000000e+00
2.072000000000000064e+00
3.105999999999999872e+00
4.125000000000000000e+00
5.256000000000000227e+00
7.317999999999999616e+00
8.336000000000000298e+00
1.062299999999999933e+01
1.250799999999999912e+01
1.413499999999999979e+01
1.664000000000000057e+01
1.935399999999999920e+01
2.292399999999999949e+01
2.749599999999999866e+01
3.512500000000000000e+01
4.186800000000000210e+01
5.067699999999999960e+01
6.160000000000000142e+01
7.398999999999999488e+01
9.236799999999999500e+01
1.137729999999999961e+02
1.361279999999999859e+02
1.624939999999999998e+02
1.946459999999999866e+02
2.340519999999999925e+02
2.821139999999999759e+02
3.409660000000000082e+02
4.105779999999999745e+02
4.861209999999999809e+02
5.899710000000000036e+02
7.344750000000000227e+02
8.801979999999999791e+02
1.072361000000000104e+03
1.300579999999999927e+03
1.534342000000000098e+03
1.889705999999999904e+03
2.249561999999999898e+03
2.715322000000000116e+03
3.274193999999999960e+03
3.858920000000000073e+03
4.674028000000000247e+03
5.734493999999999687e+03
6.802927999999999884e+03
8.105237000000000080e+03
9.972284999999999854e+03
