1.000000000000000000e+00
2.100000000000000089e+00
3.463999999999999968e+00
4.615999999999999659e+00
6.016000000000000014e+00
8.455999999999999517e+00
9.435999999999999943e+00
1.169200000000000017e+01
1.441200000000000081e+01
1.682799999999999940e+01
2.045599999999999952e+01
2.405199999999999960e+01
2.765200000000000102e+01
3.307200000000000273e+01
3.912400000000000233e+01
4.581600000000000250e+01
5.245199999999999818e+01
6.100000000000000000e+01
7.101600000000000534e+01
7.964799999999999613e+01
8.992799999999999727e+01
1.064879999999999995e+02
1.237279999999999944e+02
1.371440000000000055e+02
1.576959999999999980e+02
1.894639999999999986e+02
2.154159999999999968e+02
2.606399999999999864e+02
3.215280000000000200e+02
3.568199999999999932e+02
4.405559999999999832e+02
5.303120000000000118e+02
6.450800000000000409e+02
7.591839999999999691e+02
9.564759999999999991e+02
1.194284000000000106e+03
1.435455999999999904e+03
1.806039999999999964e+03
2.196295999999999822e+03
2.759447999999999865e+03
3.247032000000000153e+03
4.056503999999999905e+03
4.763264000000000124e+03
5.929123999999999796e+03
7.603747999999999593e+03
