1.000000000000000000e+00
2.004000000000000004e+00
3.072000000000000064e+00
3.975999999999999979e+00
5.136000000000000121e+00
7.464000000000000412e+00
8.444000000000000838e+00
1.060399999999999920e+01
1.295199999999999996e+01
1.555199999999999960e+01
1.915200000000000102e+01
2.288400000000000034e+01
2.704799999999999827e+01
3.257600000000000051e+01
4.135600000000000165e+01
4.855199999999999960e+01
5.644800000000000040e+01
6.724800000000000466e+01
7.872799999999999443e+01
9.138400000000000034e+01
1.091680000000000064e+02
1.296239999999999952e+02
1.530560000000000116e+02
1.717199999999999989e+02
2.112560000000000002e+02
2.466160000000000139e+02
2.995360000000000014e+02
3.535439999999999827e+02
4.266879999999999882e+02
5.160320000000000391e+02
6.274840000000000373e+02
7.637359999999999900e+02
9.533400000000000318e+02
1.208463999999999942e+03
1.504448000000000093e+03
1.788200000000000045e+03
2.163239999999999782e+03
2.620672000000000025e+03
3.089304000000000087e+03
3.721168000000000120e+03
4.504296000000000276e+03
5.608140000000000327e+03
6.757511999999999716e+03
8.259308000000000902e+03
9.974363999999999578e+03
