1.000000000000000000e+00
2.072000000000000064e+00
2.975999999999999979e+00
4.120000000000000107e+00
5.224000000000000199e+00
6.879999999999999893e+00
7.975999999999999979e+00
1.015199999999999925e+01
1.269200000000000017e+01
1.457600000000000051e+01
1.790399999999999991e+01
2.094000000000000128e+01
2.542800000000000082e+01
3.081599999999999895e+01
3.709599999999999653e+01
4.455199999999999960e+01
5.362400000000000233e+01
6.624800000000000466e+01
7.851999999999999602e+01
9.496800000000000352e+01
1.054680000000000035e+02
1.176159999999999997e+02
1.452800000000000011e+02
1.793199999999999932e+02
2.105279999999999916e+02
2.607919999999999732e+02
3.258319999999999936e+02
3.981360000000000241e+02
4.957239999999999895e+02
5.804279999999999973e+02
7.063039999999999736e+02
8.704800000000000182e+02
1.034895999999999958e+03
1.222544000000000096e+03
1.442115999999999985e+03
1.812359999999999900e+03
2.139135999999999967e+03
2.770447999999999865e+03
3.336503999999999905e+03
4.050255999999999858e+03
4.822511999999999716e+03
5.945636000000000422e+03
7.081703999999999724e+03
8.404067999999999302e+03
1.010294399999999951e+04
