1.000000000000000000e+00
1.919999999999999929e+00
3.128000000000000114e+00
4.131999999999999673e+00
5.440000000000000391e+00
7.288000000000000256e+00
8.243999999999999773e+00
1.071599999999999930e+01
1.259600000000000009e+01
1.500000000000000000e+01
1.837600000000000122e+01
2.207600000000000051e+01
2.660399999999999920e+01
3.188800000000000168e+01
3.819599999999999795e+01
4.339200000000000301e+01
5.363600000000000279e+01
6.540800000000000125e+01
7.403199999999999648e+01
8.592799999999999727e+01
1.046520000000000010e+02
1.242639999999999958e+02
1.440440000000000111e+02
1.809120000000000061e+02
2.125920000000000130e+02
2.585600000000000023e+02
3.059359999999999786e+02
3.734879999999999995e+02
4.501000000000000227e+02
5.672559999999999718e+02
7.073120000000000118e+02
8.637200000000000273e+02
1.048167999999999893e+03
1.251943999999999960e+03
1.500067999999999984e+03
1.912248000000000047e+03
2.275568000000000211e+03
2.784023999999999887e+03
3.192295999999999822e+03
3.817264000000000124e+03
4.547583999999999833e+03
5.550399999999999636e+03
6.773676000000000386e+03
7.879655999999999949e+03
9.671891999999999825e+03
