1.000000000000000000e+00
2.016000000000000014e+00
2.998000000000000220e+00
4.033000000000000362e+00
5.073999999999999844e+00
7.184000000000000163e+00
8.234999999999999432e+00
1.031300000000000061e+01
1.224499999999999922e+01
1.431300000000000061e+01
1.721999999999999886e+01
2.045799999999999841e+01
2.451800000000000068e+01
2.982799999999999940e+01
3.733400000000000318e+01
4.392999999999999972e+01
5.265699999999999648e+01
6.433599999999999852e+01
7.662999999999999545e+01
9.251399999999999579e+01
1.099140000000000015e+02
1.309780000000000086e+02
1.544710000000000036e+02
1.834759999999999991e+02
2.244759999999999991e+02
2.693980000000000246e+02
3.217339999999999804e+02
3.938999999999999773e+02
4.797599999999999909e+02
5.897480000000000473e+02
7.188569999999999709e+02
8.918060000000000400e+02
1.062993999999999915e+03
1.263465999999999894e+03
1.530240000000000009e+03
1.832659000000000106e+03
2.220961999999999989e+03
2.637559999999999945e+03
3.190516000000000076e+03
3.883677999999999884e+03
4.598829999999999927e+03
5.670563000000000102e+03
6.820659999999999854e+03
8.264775999999999840e+03
1.018274300000000039e+04
