1.000000000000000000e+00
1.931999999999999940e+00
3.056000000000000050e+00
3.935999999999999943e+00
5.184000000000000163e+00
7.583999999999999631e+00
8.644000000000000128e+00
1.144800000000000040e+01
1.391200000000000081e+01
1.636400000000000077e+01
2.022400000000000020e+01
2.294800000000000040e+01
2.756800000000000139e+01
3.272800000000000153e+01
3.791199999999999903e+01
4.490400000000000347e+01
5.111999999999999744e+01
5.852799999999999869e+01
6.656799999999999784e+01
7.497599999999999909e+01
8.910399999999999920e+01
9.941599999999999682e+01
1.122759999999999962e+02
1.346959999999999980e+02
1.560399999999999920e+02
1.808160000000000025e+02
1.955680000000000121e+02
2.514720000000000084e+02
2.961920000000000073e+02
3.568399999999999750e+02
4.516600000000000250e+02
5.321920000000000073e+02
6.433519999999999754e+02
7.834959999999999809e+02
8.938400000000000318e+02
1.047324000000000069e+03
1.286895999999999958e+03
1.567895999999999958e+03
1.896776000000000067e+03
2.401199999999999818e+03
2.922128000000000156e+03
3.554748000000000047e+03
4.456104000000000269e+03
5.588304000000000087e+03
7.103844000000000051e+03
