1.000000000000000000e+00
1.975999999999999979e+00
3.085999999999999854e+00
4.027000000000000135e+00
5.081999999999999851e+00
7.312000000000000277e+00
8.356999999999999318e+00
1.042500000000000071e+01
1.230700000000000038e+01
1.446100000000000030e+01
1.728399999999999892e+01
1.989900000000000091e+01
2.347500000000000142e+01
2.852599999999999980e+01
3.480599999999999739e+01
4.182600000000000051e+01
4.967999999999999972e+01
5.978399999999999892e+01
7.028199999999999648e+01
8.370799999999999841e+01
1.008629999999999995e+02
1.241560000000000059e+02
1.524739999999999895e+02
1.849559999999999889e+02
2.250260000000000105e+02
2.716800000000000068e+02
3.252080000000000268e+02
4.019900000000000091e+02
4.826379999999999768e+02
5.780689999999999600e+02
6.986040000000000418e+02
8.447440000000000282e+02
1.031259999999999991e+03
1.267500000000000000e+03
1.503334000000000060e+03
1.832005000000000109e+03
2.164173999999999978e+03
2.625275999999999840e+03
3.236668000000000120e+03
3.910414000000000215e+03
4.661742000000000189e+03
5.579447000000000116e+03
6.722742000000000189e+03
8.079213999999999942e+03
1.005336900000000060e+04
