1.000000000000000000e+00
2.021999999999999797e+00
3.032000000000000028e+00
4.041999999999999815e+00
4.975999999999999979e+00
7.145999999999999908e+00
8.140000000000000568e+00
1.031000000000000050e+01
1.243900000000000006e+01
1.433799999999999919e+01
1.767800000000000082e+01
2.060900000000000176e+01
2.391100000000000136e+01
2.857999999999999829e+01
3.543599999999999994e+01
4.229800000000000182e+01
5.038000000000000256e+01
6.173799999999999955e+01
7.346599999999999397e+01
8.936599999999999966e+01
1.088299999999999983e+02
1.334579999999999984e+02
1.627779999999999916e+02
1.948839999999999861e+02
2.362019999999999982e+02
2.767880000000000109e+02
3.374979999999999905e+02
4.145219999999999914e+02
5.033919999999999959e+02
5.976330000000000382e+02
7.210299999999999727e+02
8.677039999999999509e+02
1.045849999999999909e+03
1.226481999999999971e+03
1.494913999999999987e+03
1.768436999999999898e+03
2.098570000000000164e+03
2.544001999999999953e+03
3.023253999999999905e+03
3.728972000000000207e+03
4.544921999999999571e+03
5.431546000000000276e+03
6.721898000000000138e+03
8.284563000000000102e+03
1.013854900000000089e+04
