1.000000000000000000e+00
1.895999999999999908e+00
2.895999999999999908e+00
3.959999999999999964e+00
4.967999999999999972e+00
7.336000000000000298e+00
8.596000000000000085e+00
1.108000000000000007e+01
1.272000000000000064e+01
1.501200000000000045e+01
1.917599999999999838e+01
2.278399999999999892e+01
2.606800000000000139e+01
3.147200000000000131e+01
3.884000000000000341e+01
4.592000000000000171e+01
5.312400000000000233e+01
6.289600000000000080e+01
7.495999999999999375e+01
8.959999999999999432e+01
1.044039999999999964e+02
1.277680000000000007e+02
1.470200000000000102e+02
1.781200000000000045e+02
2.186639999999999873e+02
2.559199999999999875e+02
2.973600000000000136e+02
3.774239999999999782e+02
4.610040000000000191e+02
5.908039999999999736e+02
6.907920000000000300e+02
8.527759999999999536e+02
1.022783999999999992e+03
1.190367999999999938e+03
1.448832000000000107e+03
1.868019999999999982e+03
2.221327999999999975e+03
2.625856000000000222e+03
3.177952000000000226e+03
3.762840000000000146e+03
4.606032000000000153e+03
5.647503999999999905e+03
6.958760000000000218e+03
8.192760000000000218e+03
9.760907999999999447e+03
