1.000000000000000000e+00
2.053999999999999826e+00
3.208000000000000185e+00
4.342999999999999972e+00
5.514000000000000234e+00
7.772000000000000242e+00
8.903999999999999915e+00
1.084800000000000075e+01
1.247300000000000075e+01
1.423300000000000054e+01
1.704200000000000159e+01
1.986599999999999966e+01
2.398300000000000054e+01
2.845799999999999841e+01
3.449300000000000210e+01
4.117999999999999972e+01
4.984499999999999886e+01
5.975800000000000267e+01
7.221999999999999886e+01
9.081399999999999295e+01
1.097399999999999949e+02
1.319480000000000075e+02
1.607889999999999873e+02
1.901239999999999952e+02
2.313139999999999930e+02
2.783299999999999841e+02
3.359019999999999868e+02
4.016379999999999768e+02
4.843120000000000118e+02
5.815520000000000209e+02
6.966699999999999591e+02
8.271119999999999663e+02
9.945860000000000127e+02
1.231008000000000038e+03
1.462426999999999907e+03
1.769185999999999922e+03
2.118764000000000124e+03
2.593762000000000171e+03
3.096295999999999822e+03
3.828396000000000186e+03
4.567463999999999942e+03
5.471780999999999949e+03
6.664949999999999818e+03
8.089328999999999724e+03
1.007652000000000044e+04
