1.000000000000000000e+00
1.979000000000000092e+00
3.021999999999999797e+00
4.073999999999999844e+00
5.104000000000000092e+00
6.993999999999999773e+00
8.141999999999999460e+00
1.006700000000000017e+01
1.193299999999999983e+01
1.391499999999999915e+01
1.703800000000000026e+01
1.989699999999999847e+01
2.398499999999999943e+01
2.906400000000000006e+01
3.598199999999999932e+01
4.283400000000000318e+01
5.108700000000000330e+01
6.292199999999999704e+01
7.575400000000000489e+01
9.177200000000000557e+01
1.109830000000000041e+02
1.340459999999999923e+02
1.609989999999999952e+02
1.891080000000000041e+02
2.269000000000000057e+02
2.797900000000000205e+02
3.426159999999999854e+02
4.163079999999999927e+02
5.004839999999999804e+02
5.962939999999999827e+02
7.216280000000000427e+02
8.735080000000000382e+02
1.064255000000000109e+03
1.276743999999999915e+03
1.526541999999999916e+03
1.850734999999999900e+03
2.269661999999999807e+03
2.664226000000000113e+03
3.246634000000000015e+03
3.954268000000000029e+03
4.786546000000000276e+03
5.821729999999999563e+03
6.982645999999999731e+03
8.394564000000000306e+03
1.008142400000000089e+04
