1.000000000000000000e+00
2.024000000000000021e+00
2.991999999999999993e+00
3.911999999999999922e+00
5.008000000000000007e+00
7.072000000000000064e+00
8.067999999999999616e+00
9.932000000000000384e+00
1.216799999999999926e+01
1.372799999999999976e+01
1.704799999999999827e+01
1.991199999999999903e+01
2.324800000000000111e+01
2.893599999999999994e+01
3.808400000000000318e+01
4.484000000000000341e+01
5.155199999999999960e+01
6.629600000000000648e+01
7.732800000000000296e+01
9.505599999999999739e+01
1.155639999999999930e+02
1.425440000000000111e+02
1.717680000000000007e+02
2.084000000000000057e+02
2.502560000000000002e+02
2.942640000000000100e+02
3.592320000000000277e+02
4.374159999999999968e+02
5.156119999999999663e+02
6.026559999999999491e+02
7.359279999999999973e+02
8.948079999999999927e+02
9.958120000000000118e+02
1.215584000000000060e+03
1.454491999999999962e+03
1.770875999999999976e+03
2.121295999999999822e+03
2.677568000000000211e+03
3.268175999999999931e+03
3.837096000000000004e+03
4.611800000000000182e+03
5.522275999999999840e+03
7.105068000000000211e+03
8.513675999999999476e+03
1.044091599999999926e+04
