1.000000000000000000e+00
1.995000000000000107e+00
3.233999999999999986e+00
4.225999999999999979e+00
5.325999999999999623e+00
7.182000000000000384e+00
8.038000000000000256e+00
9.512000000000000455e+00
1.127999999999999936e+01
1.267800000000000082e+01
1.500399999999999956e+01
1.696099999999999852e+01
1.953800000000000026e+01
2.294999999999999929e+01
2.617399999999999949e+01
3.047800000000000153e+01
3.387299999999999756e+01
3.945400000000000063e+01
4.512800000000000011e+01
5.254999999999999716e+01
6.269599999999999795e+01
7.461799999999999500e+01
8.963599999999999568e+01
1.120679999999999978e+02
1.355020000000000095e+02
1.700420000000000016e+02
2.187239999999999895e+02
2.695699999999999932e+02
3.369850000000000136e+02
4.215419999999999732e+02
5.162469999999999573e+02
6.017160000000000082e+02
7.419099999999999682e+02
9.258319999999999936e+02
1.129078999999999951e+03
1.430906999999999925e+03
1.829652000000000044e+03
2.230431999999999789e+03
2.735204000000000178e+03
3.405867999999999938e+03
4.218028000000000247e+03
5.193128999999999905e+03
6.279577000000000226e+03
7.690024999999999636e+03
9.341840000000000146e+03
