1.000000000000000000e+00
2.000000000000000000e+00
3.200000000000000178e+00
4.230999999999999872e+00
5.299999999999999822e+00
7.469999999999999751e+00
8.535999999999999588e+00
1.044200000000000017e+01
1.215399999999999991e+01
1.379199999999999982e+01
1.668599999999999994e+01
1.928600000000000136e+01
2.275100000000000122e+01
2.769000000000000128e+01
3.420499999999999829e+01
4.114999999999999858e+01
4.818900000000000006e+01
5.837199999999999989e+01
6.699800000000000466e+01
8.505200000000000671e+01
1.068599999999999994e+02
1.327259999999999991e+02
1.618000000000000114e+02
1.937539999999999907e+02
2.366539999999999964e+02
2.840400000000000205e+02
3.422359999999999900e+02
4.180659999999999741e+02
5.101899999999999977e+02
6.047000000000000455e+02
7.216620000000000346e+02
8.889180000000000064e+02
1.066334000000000060e+03
1.277837999999999965e+03
1.523309999999999945e+03
1.824541999999999916e+03
2.198235999999999876e+03
2.683545999999999822e+03
3.232753999999999905e+03
3.891081999999999880e+03
4.656409999999999854e+03
5.573533999999999651e+03
6.861570999999999913e+03
8.439605999999999767e+03
1.030250499999999920e+04
