1.000000000000000000e+00
1.923999999999999932e+00
2.967999999999999972e+00
4.123999999999999666e+00
5.352000000000000313e+00
7.735999999999999766e+00
8.752000000000000668e+00
1.041200000000000081e+01
1.258399999999999963e+01
1.460399999999999920e+01
1.776000000000000156e+01
2.128000000000000114e+01
2.539600000000000080e+01
3.130399999999999849e+01
3.663199999999999790e+01
4.406400000000000006e+01
5.160399999999999920e+01
6.393599999999999994e+01
7.258400000000000318e+01
8.528000000000000114e+01
1.068599999999999994e+02
1.273760000000000048e+02
1.538880000000000052e+02
1.781200000000000045e+02
2.204720000000000084e+02
2.575840000000000032e+02
3.117599999999999909e+02
3.802320000000000277e+02
4.470480000000000018e+02
5.423519999999999754e+02
7.068640000000000327e+02
8.336319999999999482e+02
9.755040000000000191e+02
1.170488000000000056e+03
1.443567999999999984e+03
1.725903999999999996e+03
2.146447999999999865e+03
2.563192000000000007e+03
2.900800000000000182e+03
3.625400000000000091e+03
4.317912000000000262e+03
5.025296000000000276e+03
5.930460000000000036e+03
7.467207999999999629e+03
8.683956000000000131e+03
