1.000000000000000000e+00
1.951999999999999957e+00
3.184000000000000163e+00
4.190999999999999837e+00
5.328000000000000291e+00
7.304000000000000270e+00
8.154999999999999361e+00
9.859999999999999432e+00
1.133900000000000041e+01
1.278400000000000070e+01
1.509999999999999964e+01
1.717899999999999849e+01
2.002799999999999869e+01
2.323799999999999955e+01
2.737600000000000122e+01
3.089000000000000057e+01
3.557800000000000296e+01
4.127799999999999869e+01
4.697800000000000153e+01
5.432999999999999829e+01
6.476900000000000546e+01
7.912600000000000477e+01
9.903400000000000603e+01
1.204380000000000024e+02
1.473839999999999861e+02
1.769459999999999980e+02
2.135279999999999916e+02
2.547379999999999995e+02
3.151580000000000155e+02
3.735699999999999932e+02
4.630210000000000150e+02
5.743179999999999836e+02
7.248899999999999864e+02
9.047500000000000000e+02
1.122713999999999942e+03
1.418942999999999984e+03
1.810652000000000044e+03
2.285322000000000116e+03
2.820726000000000113e+03
3.511349999999999909e+03
4.272699999999999818e+03
5.255287000000000262e+03
6.416130000000000109e+03
7.758060000000000400e+03
9.435202999999999520e+03
