1.000000000000000000e+00
2.012000000000000011e+00
3.311999999999999833e+00
4.360000000000000320e+00
5.543999999999999595e+00
7.783999999999999808e+00
9.060000000000000497e+00
1.194800000000000040e+01
1.443200000000000038e+01
1.627199999999999847e+01
2.067999999999999972e+01
2.356400000000000006e+01
2.754799999999999827e+01
3.261599999999999966e+01
4.014399999999999835e+01
4.654399999999999693e+01
5.303999999999999915e+01
6.239200000000000301e+01
7.136799999999999500e+01
8.641599999999999682e+01
9.750000000000000000e+01
1.115520000000000067e+02
1.330560000000000116e+02
1.453839999999999861e+02
1.582959999999999923e+02
1.850480000000000018e+02
2.168720000000000141e+02
2.674719999999999800e+02
3.241279999999999859e+02
3.870280000000000200e+02
4.605240000000000009e+02
5.849759999999999991e+02
7.035679999999999836e+02
8.736240000000000236e+02
9.988120000000000118e+02
1.217960000000000036e+03
1.450743999999999915e+03
1.810448000000000093e+03
2.242280000000000200e+03
2.667135999999999967e+03
3.389583999999999833e+03
3.952523999999999887e+03
5.006684000000000196e+03
6.268452000000000226e+03
7.769595999999999549e+03
