1.000000000000000000e+00
1.985999999999999988e+00
3.021999999999999797e+00
3.900999999999999801e+00
4.958000000000000185e+00
6.926000000000000156e+00
7.900000000000000355e+00
9.951000000000000512e+00
1.206499999999999950e+01
1.415900000000000070e+01
1.710800000000000054e+01
1.978000000000000114e+01
2.369900000000000162e+01
2.902199999999999847e+01
3.585999999999999943e+01
4.327600000000000335e+01
5.250900000000000034e+01
6.238600000000000279e+01
7.340000000000000568e+01
8.894400000000000261e+01
1.096580000000000013e+02
1.325459999999999923e+02
1.597090000000000032e+02
1.923060000000000116e+02
2.351239999999999952e+02
2.793279999999999745e+02
3.381899999999999977e+02
4.067400000000000091e+02
5.020400000000000205e+02
6.087980000000000018e+02
7.246870000000000118e+02
8.737960000000000491e+02
1.056670000000000073e+03
1.239653999999999996e+03
1.466162000000000035e+03
1.775586000000000013e+03
2.214403999999999996e+03
2.646153999999999996e+03
3.222121999999999844e+03
3.921338000000000193e+03
4.682202000000000226e+03
5.664104000000000269e+03
6.708913999999999760e+03
8.253519000000000233e+03
9.619150999999999840e+03
