1.000000000000000000e+00
1.943999999999999950e+00
2.995999999999999996e+00
4.136000000000000121e+00
5.121999999999999886e+00
7.224000000000000199e+00
8.217000000000000526e+00
1.025300000000000011e+01
1.214600000000000080e+01
1.383900000000000041e+01
1.660399999999999920e+01
1.928300000000000125e+01
2.258099999999999952e+01
2.737199999999999989e+01
3.341899999999999693e+01
3.973599999999999710e+01
4.719899999999999807e+01
5.636800000000000210e+01
6.893800000000000239e+01
8.391599999999999682e+01
1.010930000000000035e+02
1.242699999999999960e+02
1.501320000000000050e+02
1.821680000000000064e+02
2.188120000000000118e+02
2.597080000000000268e+02
3.240980000000000132e+02
3.933279999999999745e+02
4.859590000000000032e+02
5.873540000000000418e+02
7.082359999999999900e+02
8.602079999999999700e+02
1.047316000000000031e+03
1.267344000000000051e+03
1.496708000000000084e+03
1.773470000000000027e+03
2.137423999999999978e+03
2.599300000000000182e+03
3.154550000000000182e+03
3.766251999999999953e+03
4.538427999999999884e+03
5.452002999999999702e+03
6.719530999999999949e+03
8.321578999999999724e+03
1.003581300000000010e+04
