1.000000000000000000e+00
2.000000000000000000e+00
3.080000000000000071e+00
4.014000000000000234e+00
5.142000000000000348e+00
7.177999999999999936e+00
8.153999999999999915e+00
1.019599999999999973e+01
1.216799999999999926e+01
1.427500000000000036e+01
1.667599999999999838e+01
1.898400000000000176e+01
2.260699999999999932e+01
2.688200000000000145e+01
3.345199999999999818e+01
3.904800000000000182e+01
4.660699999999999932e+01
5.721000000000000085e+01
6.929399999999999693e+01
8.341599999999999682e+01
1.033910000000000053e+02
1.272860000000000014e+02
1.543870000000000005e+02
1.897460000000000093e+02
2.271279999999999859e+02
2.775079999999999814e+02
3.380640000000000214e+02
4.169100000000000250e+02
5.082690000000000055e+02
5.953279999999999745e+02
7.206200000000000045e+02
8.667140000000000555e+02
1.047005000000000109e+03
1.294798000000000002e+03
1.577057999999999993e+03
1.878173000000000002e+03
2.294277999999999793e+03
2.774646000000000186e+03
3.310711999999999989e+03
3.958262000000000171e+03
4.812268000000000029e+03
5.823597999999999956e+03
7.041506999999999607e+03
8.500141999999999825e+03
1.008559100000000035e+04
