1.000000000000000000e+00
2.000000000000000000e+00
3.016000000000000014e+00
4.163999999999999702e+00
5.168000000000000149e+00
7.472000000000000419e+00
8.599999999999999645e+00
1.086400000000000077e+01
1.339199999999999946e+01
1.568800000000000061e+01
1.848000000000000043e+01
2.169200000000000017e+01
2.599599999999999866e+01
3.096799999999999997e+01
3.793999999999999773e+01
4.556799999999999784e+01
5.378399999999999892e+01
6.233599999999999852e+01
7.282399999999999807e+01
8.352800000000000580e+01
1.024879999999999995e+02
1.227039999999999935e+02
1.498000000000000114e+02
1.806560000000000059e+02
2.151519999999999868e+02
2.547439999999999998e+02
3.064479999999999791e+02
3.710880000000000223e+02
4.270240000000000009e+02
5.229800000000000182e+02
6.350520000000000209e+02
7.996720000000000255e+02
9.638360000000000127e+02
1.235751999999999953e+03
1.511028000000000020e+03
1.843579999999999927e+03
2.225360000000000127e+03
2.715800000000000182e+03
3.282672000000000025e+03
4.004376000000000204e+03
4.692728000000000065e+03
5.599047999999999774e+03
6.646015999999999622e+03
8.129676000000000386e+03
9.865164000000000669e+03
