1.000000000000000000e+00
1.943999999999999950e+00
3.216000000000000192e+00
4.253000000000000114e+00
5.424000000000000377e+00
7.483999999999999986e+00
8.246000000000000441e+00
1.005499999999999972e+01
1.157699999999999996e+01
1.307499999999999929e+01
1.531799999999999962e+01
1.726399999999999935e+01
1.963299999999999912e+01
2.217800000000000082e+01
2.569999999999999929e+01
2.899399999999999977e+01
3.331600000000000250e+01
3.931799999999999784e+01
4.500800000000000267e+01
5.371999999999999886e+01
6.397500000000000142e+01
7.665600000000000591e+01
9.093300000000000693e+01
1.102819999999999965e+02
1.323079999999999927e+02
1.607040000000000077e+02
2.000639999999999930e+02
2.456479999999999961e+02
3.092429999999999950e+02
3.773790000000000191e+02
4.654220000000000255e+02
5.682359999999999900e+02
7.323540000000000418e+02
9.208279999999999745e+02
1.174969000000000051e+03
1.500278999999999996e+03
1.878880000000000109e+03
2.304061999999999898e+03
2.851527999999999793e+03
3.609755999999999858e+03
4.477550000000000182e+03
5.445630000000000109e+03
6.733021999999999935e+03
8.226953999999999724e+03
9.885370000000000800e+03
