1.000000000000000000e+00
1.951999999999999957e+00
3.000000000000000000e+00
4.131999999999999673e+00
5.360000000000000320e+00
7.472000000000000419e+00
8.523999999999999133e+00
1.093999999999999950e+01
1.275999999999999979e+01
1.451600000000000001e+01
1.807999999999999829e+01
2.104400000000000048e+01
2.430399999999999849e+01
2.898400000000000176e+01
3.476400000000000290e+01
4.064000000000000057e+01
5.125200000000000244e+01
6.262400000000000233e+01
7.551200000000000045e+01
9.056000000000000227e+01
1.040999999999999943e+02
1.268640000000000043e+02
1.546440000000000055e+02
1.855200000000000102e+02
2.201519999999999868e+02
2.693360000000000127e+02
3.438720000000000141e+02
4.348079999999999927e+02
4.876000000000000227e+02
5.965599999999999454e+02
7.447720000000000482e+02
8.915359999999999445e+02
1.045324000000000069e+03
1.269559999999999945e+03
1.512119999999999891e+03
1.763907999999999902e+03
2.090016000000000076e+03
2.613000000000000000e+03
3.101063999999999851e+03
3.796440000000000055e+03
4.581671999999999571e+03
5.404159999999999854e+03
6.404216000000000349e+03
7.754659999999999854e+03
9.056899999999999636e+03
