1.000000000000000000e+00
2.088000000000000078e+00
3.104000000000000092e+00
4.344000000000000306e+00
5.919999999999999929e+00
8.535999999999999588e+00
9.960000000000000853e+00
1.260399999999999920e+01
1.505199999999999960e+01
1.764799999999999969e+01
2.154400000000000048e+01
2.528399999999999892e+01
2.846799999999999997e+01
3.241599999999999682e+01
3.928000000000000114e+01
4.502400000000000091e+01
5.415200000000000102e+01
6.319200000000000017e+01
6.928799999999999670e+01
8.071200000000000330e+01
9.143600000000000705e+01
1.018559999999999945e+02
1.159959999999999951e+02
1.306160000000000139e+02
1.473199999999999932e+02
1.744240000000000066e+02
2.078559999999999945e+02
2.502560000000000002e+02
3.093000000000000114e+02
3.578960000000000150e+02
4.278319999999999936e+02
5.156000000000000227e+02
6.080240000000000009e+02
7.208160000000000309e+02
9.046359999999999673e+02
1.063559999999999945e+03
1.324496000000000095e+03
1.636839999999999918e+03
1.965048000000000002e+03
2.400512000000000171e+03
2.974519999999999982e+03
3.621923999999999978e+03
4.801011999999999716e+03
5.987323999999999614e+03
7.395636000000000422e+03
