1.000000000000000000e+00
1.941999999999999948e+00
2.975999999999999979e+00
4.011000000000000121e+00
5.086000000000000298e+00
7.073999999999999844e+00
7.948999999999999844e+00
9.856999999999999318e+00
1.191900000000000048e+01
1.383300000000000018e+01
1.675799999999999912e+01
1.948799999999999955e+01
2.337300000000000111e+01
2.798799999999999955e+01
3.426800000000000068e+01
4.086200000000000188e+01
4.882999999999999829e+01
5.920000000000000284e+01
7.163200000000000500e+01
8.785800000000000409e+01
1.062039999999999935e+02
1.281819999999999879e+02
1.531939999999999884e+02
1.889240000000000066e+02
2.232760000000000105e+02
2.631940000000000168e+02
3.275980000000000132e+02
3.905720000000000027e+02
4.714599999999999795e+02
5.866409999999999627e+02
7.208260000000000218e+02
8.573379999999999654e+02
1.045428000000000111e+03
1.251824000000000069e+03
1.510493999999999915e+03
1.830589999999999918e+03
2.194596000000000004e+03
2.635972000000000207e+03
3.214635999999999967e+03
3.885577999999999975e+03
4.710195999999999913e+03
5.788408999999999651e+03
7.020412000000000262e+03
8.605283999999999651e+03
1.011201800000000003e+04
