1.000000000000000000e+00
2.012000000000000011e+00
2.879999999999999893e+00
3.759999999999999787e+00
4.791999999999999815e+00
6.416000000000000369e+00
7.575999999999999623e+00
9.048000000000000043e+00
1.055599999999999916e+01
1.243999999999999950e+01
1.527999999999999936e+01
1.862399999999999878e+01
2.183200000000000074e+01
2.646399999999999864e+01
3.493999999999999773e+01
4.189600000000000080e+01
5.127600000000000335e+01
6.013600000000000279e+01
7.031199999999999761e+01
8.343200000000000216e+01
1.018840000000000003e+02
1.202720000000000056e+02
1.525080000000000098e+02
1.868959999999999866e+02
2.183439999999999941e+02
2.644239999999999782e+02
3.204399999999999977e+02
3.983919999999999959e+02
4.632440000000000282e+02
5.471240000000000236e+02
6.653640000000000327e+02
7.901760000000000446e+02
9.533799999999999955e+02
1.214832000000000107e+03
1.535576000000000022e+03
1.901948000000000093e+03
2.276952000000000226e+03
2.790280000000000200e+03
3.339231999999999971e+03
4.083143999999999778e+03
4.809039999999999964e+03
5.938112000000000080e+03
7.241815999999999804e+03
8.887695999999999913e+03
1.056354399999999987e+04
