1.000000000000000000e+00
1.911999999999999922e+00
3.088000000000000078e+00
4.259999999999999787e+00
5.559999999999999609e+00
7.823999999999999844e+00
8.884000000000000341e+00
1.083999999999999986e+01
1.303200000000000003e+01
1.520800000000000018e+01
1.879200000000000159e+01
2.176800000000000068e+01
2.560000000000000142e+01
3.077599999999999980e+01
3.750800000000000267e+01
4.443999999999999773e+01
5.343200000000000216e+01
6.390400000000000347e+01
8.001600000000000534e+01
9.588800000000000523e+01
1.114839999999999947e+02
1.310560000000000116e+02
1.655320000000000107e+02
1.918799999999999955e+02
2.286160000000000139e+02
2.704080000000000155e+02
3.306240000000000236e+02
4.058000000000000114e+02
4.947440000000000282e+02
6.192880000000000109e+02
7.316559999999999491e+02
8.834479999999999791e+02
1.060440000000000055e+03
1.301688000000000102e+03
1.466880000000000109e+03
1.756332000000000107e+03
2.169472000000000207e+03
2.614199999999999818e+03
3.306016000000000076e+03
3.831487999999999829e+03
4.844703999999999724e+03
5.966252000000000407e+03
7.239307999999999993e+03
8.750407999999999447e+03
1.057397999999999956e+04
