1.000000000000000000e+00
1.943999999999999950e+00
2.887999999999999901e+00
3.931999999999999940e+00
5.352000000000000313e+00
7.623999999999999666e+00
8.676000000000000156e+00
1.133200000000000074e+01
1.356000000000000050e+01
1.596799999999999997e+01
1.955199999999999960e+01
2.393599999999999994e+01
2.921999999999999886e+01
3.429599999999999937e+01
4.251200000000000045e+01
4.875999999999999801e+01
5.869200000000000017e+01
6.420799999999999841e+01
7.151200000000000045e+01
7.740000000000000568e+01
8.379999999999999716e+01
9.284000000000000341e+01
1.023040000000000020e+02
1.154959999999999951e+02
1.378559999999999945e+02
1.630720000000000027e+02
1.918000000000000114e+02
2.345039999999999907e+02
2.824399999999999977e+02
3.245120000000000005e+02
3.751519999999999868e+02
4.496720000000000255e+02
5.861599999999999682e+02
7.128559999999999945e+02
8.878920000000000528e+02
9.825320000000000391e+02
1.197832000000000107e+03
1.558855999999999995e+03
1.992455999999999904e+03
2.380552000000000135e+03
2.946920000000000073e+03
3.549655999999999949e+03
4.587847999999999956e+03
6.124423999999999978e+03
7.474275999999999840e+03
