1.000000000000000000e+00
2.005999999999999783e+00
3.104000000000000092e+00
4.158999999999999808e+00
5.363999999999999879e+00
7.482000000000000206e+00
8.537000000000000810e+00
1.045500000000000007e+01
1.226399999999999935e+01
1.439600000000000080e+01
1.733200000000000074e+01
2.015399999999999991e+01
2.414600000000000080e+01
2.959199999999999875e+01
3.595199999999999818e+01
4.279800000000000182e+01
5.263400000000000034e+01
6.139600000000000080e+01
7.187600000000000477e+01
8.661799999999999500e+01
1.047019999999999982e+02
1.281140000000000043e+02
1.601069999999999993e+02
1.943060000000000116e+02
2.362760000000000105e+02
2.871379999999999768e+02
3.553620000000000232e+02
4.218079999999999927e+02
5.176150000000000091e+02
6.262640000000000100e+02
7.490109999999999673e+02
8.802759999999999536e+02
1.043039999999999964e+03
1.270013999999999896e+03
1.550340999999999894e+03
1.890971000000000004e+03
2.312949999999999818e+03
2.730059999999999945e+03
3.222327999999999975e+03
3.910722000000000207e+03
4.813658000000000357e+03
5.774760000000000218e+03
7.059747000000000298e+03
8.250456000000000131e+03
9.989472999999999956e+03
