1.000000000000000000e+00
1.943999999999999950e+00
2.935999999999999943e+00
4.096000000000000085e+00
5.200000000000000178e+00
7.336000000000000298e+00
8.380000000000000782e+00
1.114000000000000057e+01
1.389600000000000080e+01
1.681200000000000117e+01
2.062399999999999878e+01
2.405199999999999960e+01
2.784400000000000119e+01
3.271200000000000330e+01
3.940800000000000125e+01
4.643999999999999773e+01
5.473199999999999932e+01
6.538400000000000034e+01
7.912000000000000455e+01
9.322400000000000375e+01
1.144759999999999991e+02
1.381759999999999877e+02
1.677160000000000082e+02
1.938959999999999866e+02
2.324399999999999977e+02
2.802239999999999895e+02
3.314479999999999791e+02
3.914399999999999977e+02
4.772440000000000282e+02
6.145280000000000200e+02
7.326240000000000236e+02
8.245760000000000218e+02
1.011168000000000006e+03
1.196455999999999904e+03
1.471367999999999938e+03
1.782688000000000102e+03
2.229920000000000073e+03
2.602400000000000091e+03
3.066936000000000149e+03
3.854440000000000055e+03
4.529152000000000044e+03
5.533680000000000291e+03
6.685047999999999774e+03
7.986287999999999556e+03
1.016190799999999945e+04
