1.000000000000000000e+00
1.939999999999999947e+00
3.152000000000000135e+00
4.141000000000000014e+00
5.217999999999999972e+00
7.150000000000000355e+00
8.128999999999999559e+00
9.710000000000000853e+00
1.115499999999999936e+01
1.243900000000000006e+01
1.464000000000000057e+01
1.658099999999999952e+01
1.922200000000000131e+01
2.259600000000000009e+01
2.623400000000000176e+01
2.957000000000000028e+01
3.422899999999999920e+01
4.014399999999999835e+01
4.649000000000000199e+01
5.651200000000000045e+01
6.712399999999999523e+01
7.993399999999999750e+01
9.623399999999999466e+01
1.165460000000000065e+02
1.406119999999999948e+02
1.756419999999999959e+02
2.165800000000000125e+02
2.689320000000000164e+02
3.191589999999999918e+02
3.895819999999999936e+02
4.776539999999999964e+02
6.007820000000000391e+02
7.534629999999999654e+02
9.397300000000000182e+02
1.169198000000000093e+03
1.456146999999999935e+03
1.820922000000000025e+03
2.277480000000000018e+03
2.801478000000000065e+03
3.402525999999999840e+03
4.140216000000000349e+03
5.145127000000000407e+03
6.370655999999999949e+03
7.830581000000000131e+03
9.422355999999999767e+03
