1.000000000000000000e+00
1.919999999999999929e+00
2.946000000000000174e+00
3.890000000000000124e+00
4.940000000000000391e+00
6.945999999999999730e+00
7.916000000000000369e+00
1.002800000000000047e+01
1.222899999999999920e+01
1.447600000000000087e+01
1.745599999999999952e+01
2.021199999999999974e+01
2.410999999999999943e+01
2.940599999999999881e+01
3.603999999999999915e+01
4.357200000000000273e+01
5.280599999999999739e+01
6.516800000000000637e+01
7.704399999999999693e+01
9.351200000000000045e+01
1.115610000000000070e+02
1.332560000000000002e+02
1.591769999999999925e+02
1.914739999999999895e+02
2.310000000000000000e+02
2.787919999999999732e+02
3.470679999999999836e+02
4.220459999999999923e+02
5.093539999999999850e+02
6.028029999999999973e+02
7.232690000000000055e+02
8.719840000000000373e+02
1.040459000000000060e+03
1.261327999999999975e+03
1.526746000000000095e+03
1.828233999999999924e+03
2.216391999999999825e+03
2.682521999999999935e+03
3.274489999999999782e+03
3.939047999999999774e+03
4.725217999999999847e+03
5.675921000000000276e+03
6.926110999999999876e+03
8.231870999999999185e+03
1.007473699999999917e+04
