1.000000000000000000e+00
2.012000000000000011e+00
2.959999999999999964e+00
4.056000000000000050e+00
5.184000000000000163e+00
7.008000000000000007e+00
7.860000000000000320e+00
9.944000000000000838e+00
1.189199999999999946e+01
1.383200000000000074e+01
1.651200000000000045e+01
1.980399999999999849e+01
2.281599999999999895e+01
2.805600000000000094e+01
3.434400000000000119e+01
4.067199999999999704e+01
4.772399999999999665e+01
5.756000000000000227e+01
6.936799999999999500e+01
8.728799999999999670e+01
1.072680000000000007e+02
1.306239999999999952e+02
1.616759999999999877e+02
1.870800000000000125e+02
2.410080000000000098e+02
2.903039999999999736e+02
3.538799999999999955e+02
4.211120000000000232e+02
5.176319999999999482e+02
6.102039999999999509e+02
7.529080000000000155e+02
8.972799999999999727e+02
1.087895999999999958e+03
1.362271999999999935e+03
1.596188000000000102e+03
1.902059999999999945e+03
2.297768000000000029e+03
2.680487999999999829e+03
3.208751999999999953e+03
3.774880000000000109e+03
4.500336000000000240e+03
5.553176000000000386e+03
7.066739999999999782e+03
8.759860000000000582e+03
1.011363600000000042e+04
