1.000000000000000000e+00
1.931999999999999940e+00
3.176000000000000156e+00
4.259999999999999787e+00
5.096000000000000085e+00
7.743999999999999773e+00
8.724000000000000199e+00
1.138000000000000078e+01
1.327599999999999980e+01
1.533200000000000074e+01
1.840800000000000125e+01
2.139999999999999858e+01
2.496000000000000085e+01
2.928800000000000026e+01
3.684000000000000341e+01
4.514399999999999835e+01
5.465999999999999659e+01
6.876800000000000068e+01
8.079999999999999716e+01
9.338400000000000034e+01
1.134800000000000040e+02
1.386239999999999952e+02
1.649919999999999902e+02
1.881999999999999886e+02
2.282079999999999984e+02
2.846320000000000050e+02
3.403199999999999932e+02
4.192959999999999923e+02
4.881039999999999850e+02
6.006399999999999864e+02
7.254759999999999991e+02
8.930240000000000009e+02
1.033403999999999996e+03
1.246352000000000089e+03
1.457571999999999889e+03
1.755011999999999944e+03
2.160063999999999851e+03
2.598623999999999796e+03
3.201608000000000175e+03
3.811016000000000076e+03
4.326279999999999745e+03
5.627355999999999767e+03
6.781032000000000153e+03
8.181243999999999687e+03
9.640708000000000538e+03
