1.000000000000000000e+00
2.036000000000000032e+00
3.319999999999999840e+00
4.424000000000000377e+00
5.543999999999999595e+00
7.711999999999999744e+00
8.868000000000000327e+00
1.116399999999999970e+01
1.382000000000000028e+01
1.651599999999999824e+01
1.954400000000000048e+01
2.235200000000000031e+01
2.798799999999999955e+01
3.264800000000000324e+01
3.939600000000000080e+01
4.823199999999999932e+01
5.943599999999999994e+01
7.320000000000000284e+01
8.275199999999999534e+01
9.167199999999999704e+01
1.057879999999999967e+02
1.283360000000000127e+02
1.509159999999999968e+02
1.786639999999999873e+02
2.237040000000000077e+02
2.739200000000000159e+02
3.307679999999999723e+02
3.791519999999999868e+02
4.780120000000000005e+02
5.633120000000000118e+02
6.539640000000000555e+02
8.232240000000000464e+02
9.159239999999999782e+02
1.113263999999999896e+03
1.333299999999999955e+03
1.637548000000000002e+03
1.988736000000000104e+03
2.431039999999999964e+03
2.966047999999999774e+03
3.557128000000000156e+03
4.401792000000000371e+03
5.616167999999999665e+03
7.099431999999999789e+03
8.573992000000000189e+03
1.024420000000000073e+04
