1.000000000000000000e+00
2.017999999999999794e+00
3.104000000000000092e+00
4.134000000000000341e+00
5.078000000000000291e+00
7.110000000000000320e+00
8.233999999999999986e+00
1.011500000000000021e+01
1.236299999999999955e+01
1.436999999999999922e+01
1.748799999999999955e+01
2.040899999999999892e+01
2.425400000000000134e+01
2.873799999999999955e+01
3.594500000000000028e+01
4.267199999999999704e+01
5.347399999999999665e+01
6.444799999999999329e+01
7.551399999999999579e+01
9.151000000000000512e+01
1.101550000000000011e+02
1.326299999999999955e+02
1.618839999999999861e+02
1.947439999999999998e+02
2.317899999999999920e+02
2.821899999999999977e+02
3.453439999999999941e+02
4.021759999999999877e+02
4.945679999999999836e+02
5.851589999999999918e+02
7.086230000000000473e+02
8.664059999999999491e+02
1.046613000000000056e+03
1.256092000000000098e+03
1.521268000000000029e+03
1.869160000000000082e+03
2.252594000000000051e+03
2.723686000000000149e+03
3.318704000000000178e+03
4.014972000000000207e+03
4.861721999999999753e+03
5.774275999999999840e+03
6.828716999999999643e+03
8.228995999999999185e+03
9.876356999999999971e+03
