1.000000000000000000e+00
2.003000000000000114e+00
2.966000000000000192e+00
3.939000000000000057e+00
5.014000000000000234e+00
7.200000000000000178e+00
8.217999999999999972e+00
1.021299999999999919e+01
1.231099999999999994e+01
1.440399999999999991e+01
1.737199999999999989e+01
2.038299999999999912e+01
2.500300000000000011e+01
2.949200000000000088e+01
3.690400000000000347e+01
4.370000000000000284e+01
5.220000000000000284e+01
6.232999999999999829e+01
7.494599999999999795e+01
9.035999999999999943e+01
1.093960000000000008e+02
1.337479999999999905e+02
1.588180000000000121e+02
1.932479999999999905e+02
2.276599999999999966e+02
2.748140000000000214e+02
3.296899999999999977e+02
4.067959999999999923e+02
4.962239999999999895e+02
6.028559999999999945e+02
7.331309999999999718e+02
8.699439999999999600e+02
1.046385999999999967e+03
1.265000000000000000e+03
1.491834000000000060e+03
1.773971000000000004e+03
2.222579999999999927e+03
2.694690000000000055e+03
3.210088000000000193e+03
3.907898000000000138e+03
4.531673999999999978e+03
5.342006999999999607e+03
6.446813000000000102e+03
8.033826000000000022e+03
9.629100000000000364e+03
