1.000000000000000000e+00
2.023000000000000131e+00
3.017999999999999794e+00
3.998000000000000220e+00
5.038000000000000256e+00
7.179999999999999716e+00
8.191000000000000725e+00
1.005100000000000016e+01
1.202599999999999980e+01
1.380899999999999928e+01
1.726399999999999935e+01
1.997700000000000031e+01
2.387800000000000011e+01
2.870799999999999841e+01
3.616700000000000159e+01
4.352799999999999869e+01
5.183800000000000097e+01
6.290400000000000347e+01
7.518000000000000682e+01
8.898999999999999488e+01
1.077620000000000005e+02
1.330140000000000100e+02
1.609579999999999984e+02
1.963420000000000130e+02
2.373979999999999961e+02
2.841220000000000141e+02
3.398580000000000041e+02
4.127919999999999732e+02
5.037699999999999818e+02
6.169539999999999509e+02
7.455729999999999791e+02
9.060159999999999627e+02
1.080115999999999985e+03
1.307016000000000076e+03
1.545776000000000067e+03
1.883951000000000022e+03
2.242579999999999927e+03
2.711456000000000131e+03
3.236623999999999796e+03
3.915942000000000007e+03
4.808605999999999767e+03
5.715335000000000036e+03
6.913439999999999600e+03
8.200004000000000815e+03
9.937380999999999403e+03
