1.000000000000000000e+00
1.951999999999999957e+00
3.136000000000000121e+00
4.115999999999999659e+00
5.336000000000000298e+00
7.983999999999999986e+00
9.119999999999999218e+00
1.174399999999999977e+01
1.422000000000000064e+01
1.606400000000000006e+01
2.011199999999999832e+01
2.363599999999999923e+01
2.807999999999999829e+01
3.422399999999999665e+01
4.085999999999999943e+01
4.792799999999999727e+01
5.630799999999999983e+01
6.661599999999999966e+01
7.559999999999999432e+01
9.043999999999999773e+01
1.035040000000000049e+02
1.228640000000000043e+02
1.455800000000000125e+02
1.836719999999999970e+02
2.209519999999999982e+02
2.694879999999999995e+02
3.217440000000000282e+02
3.948399999999999750e+02
4.708319999999999936e+02
5.795960000000000036e+02
6.874239999999999782e+02
8.394160000000000537e+02
1.000652000000000044e+03
1.228215999999999894e+03
1.527443999999999960e+03
1.829127999999999929e+03
2.112679999999999836e+03
2.586911999999999807e+03
3.142807999999999993e+03
3.764672000000000025e+03
4.641104000000000269e+03
5.575923999999999978e+03
6.562319999999999709e+03
8.001931999999999789e+03
9.862572000000000116e+03
