1.000000000000000000e+00
2.024000000000000021e+00
2.991999999999999993e+00
3.903999999999999915e+00
4.919999999999999929e+00
6.607999999999999652e+00
7.459999999999999964e+00
9.708000000000000185e+00
1.201600000000000001e+01
1.366399999999999970e+01
1.581600000000000072e+01
1.896000000000000085e+01
2.304400000000000048e+01
2.655999999999999872e+01
3.368800000000000239e+01
4.119200000000000017e+01
4.959599999999999653e+01
6.408799999999999386e+01
7.781600000000000250e+01
9.722400000000000375e+01
1.209159999999999968e+02
1.476719999999999970e+02
1.711399999999999864e+02
1.948319999999999936e+02
2.389439999999999884e+02
2.830559999999999832e+02
3.256720000000000255e+02
3.899440000000000168e+02
4.787320000000000277e+02
5.813360000000000127e+02
7.219080000000000155e+02
8.461040000000000418e+02
1.000008000000000038e+03
1.263720000000000027e+03
1.516463999999999942e+03
1.839096000000000004e+03
2.223248000000000047e+03
2.721639999999999873e+03
3.202880000000000109e+03
3.865143999999999778e+03
4.494376000000000204e+03
5.223863999999999578e+03
6.419328000000000429e+03
7.599235999999999876e+03
9.680948000000000320e+03
