1.000000000000000000e+00
1.981999999999999984e+00
3.165999999999999925e+00
4.121999999999999886e+00
5.152000000000000135e+00
7.182000000000000384e+00
8.307000000000000384e+00
1.037700000000000067e+01
1.217500000000000071e+01
1.419899999999999984e+01
1.706400000000000006e+01
1.994999999999999929e+01
2.402599999999999980e+01
2.883800000000000097e+01
3.550500000000000256e+01
4.221399999999999864e+01
5.075699999999999790e+01
6.202000000000000313e+01
7.413800000000000523e+01
8.799399999999999977e+01
1.074419999999999931e+02
1.277399999999999949e+02
1.571109999999999900e+02
1.900159999999999911e+02
2.330399999999999920e+02
2.839420000000000073e+02
3.404800000000000182e+02
4.100099999999999909e+02
4.952509999999999764e+02
5.898310000000000173e+02
7.268350000000000364e+02
8.753519999999999754e+02
1.053969000000000051e+03
1.264327999999999975e+03
1.533714999999999918e+03
1.827606999999999971e+03
2.183302000000000135e+03
2.633842000000000098e+03
3.215447999999999865e+03
3.934442000000000007e+03
4.775898000000000138e+03
5.695039999999999964e+03
6.939050000000000182e+03
8.304119000000000597e+03
9.995654000000000451e+03
