1.000000000000000000e+00
1.983000000000000096e+00
3.068000000000000060e+00
4.084999999999999964e+00
5.211999999999999744e+00
7.338000000000000078e+00
8.336000000000000298e+00
1.031499999999999950e+01
1.241600000000000037e+01
1.451600000000000001e+01
1.730799999999999983e+01
2.005799999999999983e+01
2.369200000000000017e+01
2.720799999999999841e+01
3.407500000000000284e+01
4.125200000000000244e+01
4.932399999999999807e+01
5.777000000000000313e+01
6.958599999999999852e+01
8.534999999999999432e+01
1.036320000000000050e+02
1.282860000000000014e+02
1.529240000000000066e+02
1.836459999999999866e+02
2.248559999999999945e+02
2.779460000000000264e+02
3.368779999999999859e+02
4.068159999999999741e+02
4.800919999999999845e+02
5.830380000000000109e+02
7.111979999999999791e+02
8.562219999999999800e+02
1.038448000000000093e+03
1.254114000000000033e+03
1.521174999999999955e+03
1.847969000000000051e+03
2.229914000000000215e+03
2.720920000000000073e+03
3.285045999999999822e+03
3.953902000000000044e+03
4.715868000000000393e+03
5.619463999999999942e+03
6.851779000000000451e+03
8.072422999999999774e+03
9.904278000000000247e+03
