1.000000000000000000e+00
1.941000000000000059e+00
3.025999999999999801e+00
4.052999999999999936e+00
5.062000000000000277e+00
7.129999999999999893e+00
8.048000000000000043e+00
9.952999999999999403e+00
1.189199999999999946e+01
1.365099999999999980e+01
1.630799999999999983e+01
1.868900000000000006e+01
2.219800000000000040e+01
2.662600000000000122e+01
3.373299999999999699e+01
4.066599999999999682e+01
4.900600000000000023e+01
5.945799999999999841e+01
7.092000000000000171e+01
8.524200000000000443e+01
1.034009999999999962e+02
1.278020000000000067e+02
1.602789999999999964e+02
1.948700000000000045e+02
2.346179999999999950e+02
2.793679999999999950e+02
3.393659999999999854e+02
4.125819999999999936e+02
4.989569999999999936e+02
6.163429999999999609e+02
7.324829999999999472e+02
8.887939999999999827e+02
1.065113000000000056e+03
1.279574000000000069e+03
1.542500000000000000e+03
1.869013999999999896e+03
2.264101999999999862e+03
2.731670000000000073e+03
3.222737999999999829e+03
3.969525999999999840e+03
4.659481999999999971e+03
5.671381000000000313e+03
6.739521999999999935e+03
8.228361999999999171e+03
9.989388999999999214e+03
