1.000000000000000000e+00
2.016000000000000014e+00
3.096000000000000085e+00
4.344000000000000306e+00
5.440000000000000391e+00
7.264000000000000234e+00
8.503999999999999559e+00
1.066799999999999926e+01
1.225600000000000023e+01
1.383600000000000030e+01
1.760800000000000054e+01
2.045200000000000173e+01
2.592800000000000082e+01
3.038400000000000034e+01
3.748799999999999955e+01
4.289600000000000080e+01
5.139200000000000301e+01
5.890400000000000347e+01
7.320799999999999841e+01
8.904000000000000625e+01
1.125199999999999960e+02
1.392880000000000109e+02
1.659000000000000057e+02
1.989199999999999875e+02
2.304000000000000057e+02
2.784320000000000164e+02
3.561279999999999859e+02
4.275600000000000023e+02
5.136280000000000427e+02
5.970639999999999645e+02
7.508640000000000327e+02
8.777519999999999527e+02
1.083163999999999987e+03
1.316576000000000022e+03
1.553680000000000064e+03
1.890135999999999967e+03
2.236280000000000200e+03
2.609304000000000087e+03
3.138871999999999844e+03
3.954039999999999964e+03
5.089640000000000327e+03
5.919887999999999920e+03
7.194296000000000276e+03
8.675827999999999520e+03
1.027679600000000028e+04
