1.000000000000000000e+00
1.953000000000000069e+00
3.073999999999999844e+00
4.121000000000000441e+00
5.057999999999999829e+00
7.126000000000000334e+00
8.087999999999999190e+00
1.012500000000000000e+01
1.205599999999999916e+01
1.424699999999999989e+01
1.727199999999999847e+01
2.027700000000000102e+01
2.407999999999999829e+01
2.887600000000000122e+01
3.527300000000000324e+01
4.145600000000000307e+01
5.003699999999999903e+01
5.995000000000000284e+01
7.079399999999999693e+01
8.491200000000000614e+01
1.049530000000000030e+02
1.307980000000000018e+02
1.543569999999999993e+02
1.865999999999999943e+02
2.263799999999999955e+02
2.815559999999999832e+02
3.288020000000000209e+02
3.906379999999999768e+02
4.791480000000000246e+02
5.818980000000000246e+02
6.885489999999999782e+02
8.504180000000000064e+02
1.009918000000000006e+03
1.229584000000000060e+03
1.512343000000000075e+03
1.852696999999999889e+03
2.214903999999999996e+03
2.652938000000000102e+03
3.261405999999999949e+03
3.882536000000000058e+03
4.706275999999999840e+03
5.630807999999999993e+03
6.562630000000000109e+03
7.968247999999999593e+03
9.933849000000000160e+03
