1.000000000000000000e+00
2.000000000000000000e+00
2.927999999999999936e+00
4.136000000000000121e+00
5.096000000000000085e+00
6.671999999999999709e+00
7.623999999999999666e+00
9.859999999999999432e+00
1.157199999999999918e+01
1.353200000000000003e+01
1.703200000000000003e+01
2.010800000000000054e+01
2.326399999999999935e+01
2.807999999999999829e+01
3.471999999999999886e+01
4.284000000000000341e+01
5.110399999999999920e+01
5.956000000000000227e+01
7.354399999999999693e+01
9.018399999999999750e+01
1.079000000000000057e+02
1.363120000000000118e+02
1.664480000000000075e+02
1.928480000000000132e+02
2.414399999999999977e+02
2.892559999999999718e+02
3.489599999999999795e+02
4.197599999999999909e+02
5.053439999999999941e+02
6.175240000000000009e+02
7.462440000000000282e+02
8.449919999999999618e+02
1.024511999999999944e+03
1.222688000000000102e+03
1.508864000000000033e+03
1.812259999999999991e+03
2.193407999999999902e+03
2.692519999999999982e+03
3.080983999999999924e+03
3.777351999999999862e+03
4.666944000000000415e+03
5.537524000000000342e+03
6.706448000000000320e+03
7.970475999999999658e+03
9.977332000000000335e+03
