1.00000000000000
1.97372000000000
3.09816000000000
4.18448000000000
5.36816000000000
7.73064000000000
8.92000000000000
11.28112000000000
13.66740000000001
16.08036000000000
19.60664000000001
23.06112000000001
27.60847999999998
33.14832000000001
40.64876000000002
48.11696000000000
57.38856000000001
68.19047999999999
79.39648000000000
93.98191999999997
110.91611999999998
131.81896000000000
155.56587999999996
183.53232000000008
218.82383999999999
261.20423999999997
313.74423999999993
379.33560000000000
463.20884000000001
561.94907999999964
685.86012000000017
835.45184000000006
1019.07455999999991
1241.14095999999972
1503.52891999999929
1820.36596000000009
2192.28376000000026
2648.53687999999920
3191.51728000000003
3855.47127999999930
4668.76720000000023
5659.34871999999723
6832.17612000000463
8220.47580000000016
9910.91100000000006
