1.000000000000000000e+00
1.951999999999999957e+00
2.983999999999999986e+00
4.072000000000000064e+00
5.488000000000000433e+00
7.623999999999999666e+00
8.480000000000000426e+00
9.992000000000000881e+00
1.196000000000000085e+01
1.400000000000000000e+01
1.724800000000000111e+01
2.070799999999999841e+01
2.465599999999999881e+01
2.860000000000000142e+01
3.599199999999999733e+01
4.315200000000000102e+01
5.339200000000000301e+01
6.433599999999999852e+01
7.557599999999999341e+01
9.404000000000000625e+01
1.182159999999999940e+02
1.430720000000000027e+02
1.741519999999999868e+02
2.057680000000000007e+02
2.407040000000000077e+02
2.858480000000000132e+02
3.371759999999999877e+02
4.130880000000000223e+02
5.262999999999999545e+02
6.259039999999999964e+02
7.722000000000000455e+02
9.075439999999999827e+02
1.056215999999999894e+03
1.272711999999999989e+03
1.529839999999999918e+03
1.839971999999999980e+03
2.163615999999999985e+03
2.600583999999999833e+03
3.098103999999999814e+03
3.864360000000000127e+03
4.780832000000000335e+03
5.603119999999999891e+03
6.885195999999999913e+03
8.010648000000000138e+03
9.955719999999999345e+03
