1.000000000000000000e+00
1.939999999999999947e+00
3.049999999999999822e+00
3.968999999999999861e+00
4.964000000000000412e+00
7.001999999999999780e+00
7.998000000000000220e+00
1.005599999999999916e+01
1.186200000000000010e+01
1.381400000000000006e+01
1.639399999999999835e+01
1.900499999999999901e+01
2.278099999999999881e+01
2.744200000000000017e+01
3.365200000000000102e+01
3.924000000000000199e+01
4.683899999999999864e+01
5.662199999999999989e+01
6.712000000000000455e+01
8.125600000000000023e+01
9.933499999999999375e+01
1.256800000000000068e+02
1.529650000000000034e+02
1.848139999999999930e+02
2.238799999999999955e+02
2.717780000000000200e+02
3.346720000000000255e+02
4.056539999999999964e+02
4.903829999999999814e+02
5.905330000000000155e+02
7.291739999999999782e+02
8.957119999999999891e+02
1.087103000000000065e+03
1.296377999999999929e+03
1.552878999999999905e+03
1.888355999999999995e+03
2.274431999999999789e+03
2.815934000000000196e+03
3.314862000000000080e+03
3.956175999999999931e+03
4.771981999999999971e+03
5.905715000000000146e+03
6.997586000000000240e+03
8.409426999999999680e+03
1.015727499999999964e+04
