1.000000000000000000e+00
1.959999999999999964e+00
3.008000000000000007e+00
4.008000000000000007e+00
5.032000000000000028e+00
7.384000000000000341e+00
8.916000000000000369e+00
1.153200000000000003e+01
1.383999999999999986e+01
1.615200000000000102e+01
1.997599999999999909e+01
2.277199999999999847e+01
2.763200000000000145e+01
3.352000000000000313e+01
4.068399999999999750e+01
4.796800000000000352e+01
5.691199999999999903e+01
6.942400000000000659e+01
8.092000000000000171e+01
9.508799999999999386e+01
1.094360000000000070e+02
1.299919999999999902e+02
1.554879999999999995e+02
1.850800000000000125e+02
2.229919999999999902e+02
2.617440000000000282e+02
3.219839999999999804e+02
3.767200000000000273e+02
4.551999999999999886e+02
5.385480000000000018e+02
6.465119999999999436e+02
7.709199999999999591e+02
9.114080000000000155e+02
1.168112000000000080e+03
1.356599999999999909e+03
1.680276000000000067e+03
2.007455999999999904e+03
2.489264000000000124e+03
3.155192000000000007e+03
3.823911999999999807e+03
4.609608000000000175e+03
5.599011999999999716e+03
6.787000000000000000e+03
8.172435999999999694e+03
9.386139999999999418e+03
