1.000000000000000000e+00
2.008000000000000007e+00
3.016000000000000014e+00
3.891999999999999904e+00
4.967999999999999972e+00
7.168000000000000149e+00
8.307999999999999829e+00
1.002399999999999913e+01
1.216799999999999926e+01
1.470400000000000063e+01
1.762399999999999878e+01
2.059600000000000009e+01
2.484400000000000119e+01
2.977599999999999980e+01
3.515599999999999881e+01
4.242399999999999949e+01
4.979999999999999716e+01
6.367199999999999704e+01
7.623199999999999932e+01
9.117600000000000193e+01
1.038919999999999959e+02
1.273599999999999994e+02
1.534319999999999879e+02
1.845360000000000014e+02
2.145600000000000023e+02
2.669839999999999804e+02
3.413600000000000136e+02
4.060160000000000196e+02
4.860400000000000205e+02
5.926720000000000255e+02
7.258799999999999955e+02
8.841760000000000446e+02
1.052223999999999933e+03
1.225519999999999982e+03
1.440440000000000055e+03
1.715263999999999896e+03
2.190672000000000025e+03
2.776992000000000189e+03
3.451543999999999869e+03
4.079559999999999945e+03
4.952015999999999622e+03
6.089463999999999942e+03
7.178503999999999905e+03
8.891863999999999578e+03
1.034117200000000048e+04
