1.000000000000000000e+00
2.015000000000000124e+00
3.049999999999999822e+00
4.019000000000000128e+00
5.096000000000000085e+00
7.179999999999999716e+00
8.226000000000000867e+00
1.017600000000000016e+01
1.215399999999999991e+01
1.406300000000000061e+01
1.694200000000000017e+01
1.986700000000000088e+01
2.354700000000000060e+01
2.902199999999999847e+01
3.536800000000000210e+01
4.268399999999999750e+01
5.123599999999999710e+01
6.126200000000000045e+01
7.333599999999999852e+01
9.049200000000000443e+01
1.109609999999999985e+02
1.352379999999999995e+02
1.648990000000000009e+02
1.984499999999999886e+02
2.336399999999999864e+02
2.870659999999999741e+02
3.389839999999999804e+02
4.142839999999999918e+02
5.084950000000000045e+02
6.261799999999999500e+02
7.679489999999999554e+02
9.196040000000000418e+02
1.102608999999999924e+03
1.311806000000000040e+03
1.555650000000000091e+03
1.875392000000000053e+03
2.247389999999999873e+03
2.678952000000000226e+03
3.194159999999999854e+03
3.760862000000000080e+03
4.517184000000000196e+03
5.485817000000000007e+03
6.678305000000000291e+03
8.288243000000000393e+03
9.864606999999999971e+03
