1.000000000000000000e+00
2.027000000000000135e+00
3.124000000000000110e+00
4.134000000000000341e+00
5.198000000000000398e+00
7.182000000000000384e+00
8.307000000000000384e+00
1.028999999999999915e+01
1.232300000000000040e+01
1.449600000000000044e+01
1.729400000000000048e+01
2.019000000000000128e+01
2.388899999999999935e+01
2.848799999999999955e+01
3.519100000000000250e+01
4.270600000000000307e+01
5.093299999999999983e+01
6.261800000000000210e+01
7.534799999999999898e+01
9.131799999999999784e+01
1.091979999999999933e+02
1.323899999999999864e+02
1.589689999999999941e+02
1.945540000000000020e+02
2.324499999999999886e+02
2.792479999999999905e+02
3.367300000000000182e+02
4.168220000000000027e+02
5.006329999999999814e+02
6.065829999999999700e+02
7.455789999999999509e+02
8.968999999999999773e+02
1.072241999999999962e+03
1.289461999999999989e+03
1.541423999999999978e+03
1.835042999999999893e+03
2.184643999999999778e+03
2.631215999999999894e+03
3.185016000000000076e+03
3.905530000000000200e+03
4.600086000000000240e+03
5.535975999999999658e+03
6.840609999999999673e+03
8.497362999999999374e+03
1.025277200000000084e+04
