1.000000000000000000e+00
2.039000000000000146e+00
3.248000000000000220e+00
4.397999999999999687e+00
5.498000000000000220e+00
7.519999999999999574e+00
8.580999999999999517e+00
1.075900000000000034e+01
1.277999999999999936e+01
1.469100000000000072e+01
1.735200000000000031e+01
2.039999999999999858e+01
2.395200000000000173e+01
2.794999999999999929e+01
3.418099999999999739e+01
4.080400000000000205e+01
4.962500000000000000e+01
5.996800000000000352e+01
7.208799999999999386e+01
8.692799999999999727e+01
1.070270000000000010e+02
1.297059999999999889e+02
1.548530000000000086e+02
1.888640000000000043e+02
2.264519999999999982e+02
2.685579999999999927e+02
3.322259999999999991e+02
4.014399999999999977e+02
4.927860000000000014e+02
5.982839999999999918e+02
7.211649999999999636e+02
8.601299999999999955e+02
1.035471000000000004e+03
1.236392000000000053e+03
1.497993999999999915e+03
1.796565000000000055e+03
2.170608000000000175e+03
2.663172000000000025e+03
3.211143999999999778e+03
3.829036000000000058e+03
4.569811999999999898e+03
5.486194000000000415e+03
6.609837999999999738e+03
8.247954999999999927e+03
9.891891999999999825e+03
