1.000000000000000000e+00
2.024000000000000021e+00
3.080000000000000071e+00
4.120000000000000107e+00
5.392000000000000348e+00
7.280000000000000249e+00
8.603999999999999204e+00
1.141200000000000081e+01
1.397199999999999953e+01
1.692399999999999949e+01
1.984799999999999898e+01
2.360399999999999920e+01
2.776800000000000068e+01
3.203199999999999648e+01
3.920799999999999841e+01
4.495199999999999818e+01
5.370000000000000284e+01
6.010399999999999920e+01
7.013599999999999568e+01
7.899200000000000443e+01
9.091200000000000614e+01
1.000319999999999965e+02
1.166959999999999980e+02
1.276959999999999980e+02
1.524720000000000084e+02
1.737439999999999998e+02
1.964720000000000084e+02
2.322880000000000109e+02
2.737280000000000086e+02
3.143319999999999936e+02
3.887119999999999891e+02
4.784800000000000182e+02
5.975520000000000209e+02
6.978559999999999945e+02
8.420119999999999436e+02
1.078172000000000025e+03
1.281791999999999916e+03
1.555160000000000082e+03
1.913023999999999887e+03
2.303384000000000015e+03
2.929311999999999898e+03
3.644391999999999825e+03
4.514811999999999898e+03
5.701072000000000116e+03
6.846855999999999767e+03
