1.000000000000000000e+00
1.977000000000000091e+00
3.176000000000000156e+00
4.211000000000000298e+00
5.432000000000000384e+00
7.408000000000000362e+00
8.256999999999999673e+00
1.007099999999999973e+01
1.148199999999999932e+01
1.323000000000000043e+01
1.556400000000000006e+01
1.712000000000000099e+01
1.949299999999999855e+01
2.212000000000000099e+01
2.580399999999999849e+01
2.925000000000000000e+01
3.317300000000000182e+01
3.733800000000000097e+01
4.387400000000000233e+01
5.156199999999999761e+01
6.205799999999999983e+01
7.302200000000000557e+01
8.902200000000000557e+01
1.104519999999999982e+02
1.353859999999999957e+02
1.628240000000000123e+02
1.963319999999999936e+02
2.454139999999999873e+02
2.948000000000000114e+02
3.631370000000000005e+02
4.698009999999999877e+02
5.773440000000000509e+02
7.163869999999999436e+02
8.836739999999999782e+02
1.114227000000000089e+03
1.385814000000000078e+03
1.765554000000000087e+03
2.235306000000000040e+03
2.770800000000000182e+03
3.476387999999999920e+03
4.209434000000000196e+03
5.125889000000000124e+03
6.349756999999999607e+03
7.762475999999999658e+03
9.481050999999999476e+03
