1.000000000000000000e+00
1.927999999999999936e+00
3.072000000000000064e+00
3.851999999999999869e+00
5.056000000000000050e+00
7.432000000000000384e+00
8.428000000000000824e+00
1.079199999999999982e+01
1.337599999999999945e+01
1.567600000000000016e+01
1.896000000000000085e+01
2.203999999999999915e+01
2.649200000000000088e+01
3.076800000000000068e+01
3.954800000000000182e+01
4.630400000000000205e+01
5.779200000000000159e+01
6.910399999999999920e+01
7.992000000000000171e+01
9.705599999999999739e+01
1.174479999999999933e+02
1.383360000000000127e+02
1.680399999999999920e+02
2.025759999999999934e+02
2.483600000000000136e+02
2.974719999999999800e+02
3.537839999999999918e+02
4.098319999999999936e+02
5.003319999999999936e+02
5.885119999999999436e+02
7.279880000000000564e+02
8.909679999999999609e+02
1.072087999999999965e+03
1.225847999999999956e+03
1.429667999999999893e+03
1.765864000000000033e+03
2.143856000000000222e+03
2.628632000000000062e+03
3.153815999999999804e+03
3.737416000000000167e+03
4.524047999999999774e+03
5.389115999999999985e+03
6.377304000000000087e+03
7.923176000000000386e+03
1.010955600000000049e+04
