1.000000000000000000e+00
2.020000000000000018e+00
3.128000000000000114e+00
4.240000000000000213e+00
5.503999999999999559e+00
7.799999999999999822e+00
9.403999999999999915e+00
1.175999999999999979e+01
1.412400000000000055e+01
1.640399999999999991e+01
1.948799999999999955e+01
2.239999999999999858e+01
2.577199999999999847e+01
3.080799999999999983e+01
3.807600000000000051e+01
4.554399999999999693e+01
5.307999999999999829e+01
6.033599999999999852e+01
6.873600000000000421e+01
7.394400000000000261e+01
8.606399999999999295e+01
9.876800000000000068e+01
1.100000000000000000e+02
1.260960000000000036e+02
1.470000000000000000e+02
1.671040000000000134e+02
1.945840000000000032e+02
2.208400000000000034e+02
2.520840000000000032e+02
3.156240000000000236e+02
3.876840000000000259e+02
4.820799999999999841e+02
5.903719999999999573e+02
7.321599999999999682e+02
8.716960000000000264e+02
1.102307999999999993e+03
1.376183999999999969e+03
1.614872000000000071e+03
1.919655999999999949e+03
2.454199999999999818e+03
3.044320000000000164e+03
3.851764000000000124e+03
5.030095999999999549e+03
6.339292000000000371e+03
7.732627999999999702e+03
