1.00000000000000
1.99980000000000
2.99784000000000
3.98908000000000
4.98880000000000
6.97880000000000
7.99236000000000
9.99140000000000
12.01392000000000
14.04756000000000
17.06296000000001
20.10928000000001
24.12292000000001
29.19456000000001
36.25704000000000
43.26279999999998
52.13516000000001
62.99480000000005
75.19135999999997
91.05144000000000
110.41951999999998
133.27768000000000
160.48755999999997
193.36375999999996
232.87623999999997
280.28880000000009
337.91383999999999
406.21728000000019
491.61036000000013
594.29384000000005
719.60595999999987
865.70216000000016
1041.65147999999976
1256.09495999999990
1516.81443999999988
1829.88012000000072
2213.68015999999989
2674.24016000000074
3231.19279999999981
3902.97816000000057
4709.23192000000290
5678.32363999999961
6864.37595999999758
8287.23628000000463
10000.64344000000165
