1.000000000000000000e+00
1.959999999999999964e+00
3.032000000000000028e+00
4.200000000000000178e+00
5.224000000000000199e+00
7.192000000000000171e+00
8.183999999999999275e+00
1.037599999999999945e+01
1.285599999999999987e+01
1.509200000000000053e+01
1.866400000000000148e+01
2.123999999999999844e+01
2.566400000000000148e+01
3.253600000000000136e+01
3.904800000000000182e+01
4.590400000000000347e+01
5.352799999999999869e+01
6.635200000000000387e+01
7.594400000000000261e+01
8.798399999999999466e+01
1.040480000000000018e+02
1.264479999999999933e+02
1.548160000000000025e+02
1.821839999999999975e+02
2.246239999999999952e+02
2.749200000000000159e+02
3.439119999999999777e+02
4.058079999999999927e+02
4.673000000000000114e+02
5.749360000000000355e+02
6.904919999999999618e+02
8.318319999999999936e+02
1.004375999999999976e+03
1.219064000000000078e+03
1.546048000000000002e+03
1.792276000000000067e+03
2.163255999999999858e+03
2.628295999999999822e+03
3.234112000000000080e+03
4.037239999999999782e+03
4.667927999999999884e+03
5.650775999999999840e+03
6.614112000000000080e+03
8.002619999999999891e+03
9.705412000000000262e+03
