1.000000000000000000e+00
1.969000000000000083e+00
3.092000000000000082e+00
4.126999999999999780e+00
5.176000000000000156e+00
7.346000000000000085e+00
8.371999999999999886e+00
1.038199999999999967e+01
1.214100000000000001e+01
1.408500000000000085e+01
1.721799999999999997e+01
2.004700000000000060e+01
2.366700000000000159e+01
2.835399999999999920e+01
3.614200000000000301e+01
4.279399999999999693e+01
5.167600000000000193e+01
6.245600000000000307e+01
7.469799999999999329e+01
8.861199999999999477e+01
1.079899999999999949e+02
1.307400000000000091e+02
1.555219999999999914e+02
1.871179999999999950e+02
2.259639999999999986e+02
2.763879999999999768e+02
3.343000000000000114e+02
4.062359999999999900e+02
5.002860000000000014e+02
6.035460000000000491e+02
7.394070000000000391e+02
8.865679999999999836e+02
1.074088999999999942e+03
1.300480000000000018e+03
1.567660000000000082e+03
1.888729000000000042e+03
2.276246000000000095e+03
2.739134000000000015e+03
3.244371999999999844e+03
3.879750000000000000e+03
4.604565999999999804e+03
5.569494999999999891e+03
6.801882999999999811e+03
8.159070999999999913e+03
1.007041500000000087e+04
