1.000000000000000000e+00
1.969000000000000083e+00
2.943999999999999950e+00
3.936999999999999833e+00
4.887999999999999901e+00
6.887999999999999901e+00
7.897000000000000242e+00
1.004499999999999993e+01
1.205799999999999983e+01
1.382099999999999973e+01
1.690599999999999881e+01
1.977499999999999858e+01
2.408899999999999864e+01
2.888200000000000145e+01
3.494400000000000261e+01
4.225000000000000000e+01
5.099000000000000199e+01
6.208599999999999852e+01
7.321200000000000330e+01
9.059600000000000364e+01
1.077289999999999992e+02
1.303979999999999961e+02
1.562940000000000111e+02
1.886719999999999970e+02
2.292899999999999920e+02
2.744959999999999809e+02
3.329359999999999786e+02
4.010659999999999741e+02
4.872429999999999950e+02
5.886549999999999727e+02
7.201130000000000564e+02
8.738579999999999472e+02
1.037641000000000076e+03
1.247605999999999995e+03
1.548695999999999913e+03
1.828551999999999907e+03
2.224041999999999916e+03
2.704811999999999898e+03
3.222025999999999840e+03
3.858193999999999960e+03
4.634648000000000138e+03
5.519027000000000044e+03
6.631466999999999643e+03
8.043756000000000313e+03
9.614322000000000116e+03
