1.000000000000000000e+00
1.969999999999999973e+00
3.153999999999999915e+00
4.272999999999999687e+00
5.411999999999999922e+00
7.379999999999999893e+00
8.301000000000000156e+00
1.012599999999999945e+01
1.213000000000000078e+01
1.420500000000000007e+01
1.700799999999999912e+01
1.982100000000000151e+01
2.364000000000000057e+01
2.798799999999999955e+01
3.451899999999999835e+01
4.090400000000000347e+01
4.888600000000000279e+01
5.865999999999999659e+01
7.112199999999999989e+01
8.795999999999999375e+01
1.048160000000000025e+02
1.274300000000000068e+02
1.524919999999999902e+02
1.855399999999999920e+02
2.219739999999999895e+02
2.698759999999999764e+02
3.326159999999999854e+02
3.987839999999999918e+02
4.950289999999999964e+02
5.922000000000000455e+02
7.179969999999999573e+02
8.673440000000000509e+02
1.030970000000000027e+03
1.261678000000000111e+03
1.514356999999999971e+03
1.870542999999999893e+03
2.247862000000000080e+03
2.751630000000000109e+03
3.327702000000000226e+03
3.988264000000000124e+03
4.816503999999999905e+03
5.845311999999999898e+03
6.906791000000000167e+03
8.136462999999999738e+03
9.736936999999999898e+03
