1.000000000000000000e+00
1.981000000000000094e+00
3.028000000000000025e+00
4.035000000000000142e+00
5.080000000000000071e+00
7.195999999999999730e+00
8.153000000000000469e+00
9.897999999999999687e+00
1.185200000000000031e+01
1.359800000000000075e+01
1.669999999999999929e+01
1.931500000000000128e+01
2.294099999999999895e+01
2.748799999999999955e+01
3.524499999999999744e+01
4.196600000000000108e+01
5.137800000000000011e+01
6.304800000000000182e+01
7.352200000000000557e+01
8.965999999999999659e+01
1.058389999999999986e+02
1.316800000000000068e+02
1.592429999999999950e+02
1.915480000000000018e+02
2.280159999999999911e+02
2.727699999999999818e+02
3.306700000000000159e+02
3.963999999999999773e+02
4.792830000000000155e+02
5.836009999999999991e+02
7.074560000000000173e+02
8.591399999999999864e+02
1.030784000000000106e+03
1.243900000000000091e+03
1.485391000000000076e+03
1.771731999999999971e+03
2.135606000000000222e+03
2.615012000000000171e+03
3.168530000000000200e+03
3.920827999999999975e+03
4.714333999999999833e+03
5.656375000000000000e+03
6.753900999999999840e+03
8.045271999999999935e+03
9.998799999999999272e+03
