1.000000000000000000e+00
2.023000000000000131e+00
3.068000000000000060e+00
4.168999999999999595e+00
5.209999999999999964e+00
7.206000000000000405e+00
8.140000000000000568e+00
1.014400000000000013e+01
1.187599999999999945e+01
1.357300000000000040e+01
1.657600000000000051e+01
1.917699999999999960e+01
2.257700000000000173e+01
2.724399999999999977e+01
3.303699999999999903e+01
3.829800000000000182e+01
4.662599999999999767e+01
5.680400000000000205e+01
6.765600000000000591e+01
8.393399999999999750e+01
1.032060000000000031e+02
1.244539999999999935e+02
1.504230000000000018e+02
1.811680000000000064e+02
2.233220000000000027e+02
2.780079999999999814e+02
3.401639999999999873e+02
4.138039999999999736e+02
4.992459999999999809e+02
6.095750000000000455e+02
7.387400000000000091e+02
8.893319999999999936e+02
1.071409000000000106e+03
1.299455999999999904e+03
1.556039999999999964e+03
1.870526000000000067e+03
2.245574000000000069e+03
2.732699999999999818e+03
3.284769999999999982e+03
3.925250000000000000e+03
4.633957999999999629e+03
5.630170000000000073e+03
6.769179000000000087e+03
8.281779000000000451e+03
9.879846999999999753e+03
