1.000000000000000000e+00
1.963999999999999968e+00
3.016000000000000014e+00
3.915999999999999925e+00
5.152000000000000135e+00
7.392000000000000348e+00
8.532000000000000028e+00
1.034800000000000075e+01
1.241600000000000037e+01
1.498000000000000043e+01
1.880799999999999983e+01
2.287999999999999901e+01
2.715200000000000102e+01
3.294400000000000261e+01
4.054800000000000182e+01
4.788000000000000256e+01
5.554800000000000182e+01
6.428000000000000114e+01
7.316800000000000637e+01
9.004000000000000625e+01
1.035840000000000032e+02
1.256640000000000015e+02
1.463959999999999866e+02
1.827040000000000077e+02
2.229120000000000061e+02
2.648000000000000114e+02
3.089279999999999973e+02
3.642400000000000091e+02
4.571159999999999854e+02
5.463120000000000118e+02
6.569719999999999800e+02
7.879519999999999982e+02
9.890199999999999818e+02
1.205119999999999891e+03
1.476768000000000029e+03
1.756528000000000020e+03
2.123376000000000204e+03
2.662456000000000131e+03
3.189559999999999945e+03
3.928615999999999985e+03
4.711431999999999789e+03
5.543228000000000065e+03
6.566047999999999774e+03
8.048876000000000204e+03
9.488860000000000582e+03
