1.000000000000000000e+00
2.016000000000000014e+00
3.144000000000000128e+00
4.331999999999999851e+00
5.599999999999999645e+00
8.176000000000000156e+00
9.483999999999999986e+00
1.186400000000000077e+01
1.470400000000000063e+01
1.740399999999999991e+01
2.076800000000000068e+01
2.344800000000000040e+01
2.769600000000000151e+01
3.207999999999999829e+01
3.904399999999999693e+01
4.648799999999999955e+01
5.316400000000000148e+01
6.085600000000000165e+01
7.033599999999999852e+01
7.826399999999999579e+01
9.334000000000000341e+01
1.071359999999999957e+02
1.260759999999999934e+02
1.403439999999999941e+02
1.578240000000000123e+02
1.838880000000000052e+02
2.187199999999999989e+02
2.613999999999999773e+02
3.179359999999999786e+02
3.683360000000000127e+02
4.383639999999999759e+02
5.050960000000000036e+02
6.141879999999999882e+02
7.565520000000000209e+02
9.059080000000000155e+02
1.057215999999999894e+03
1.286056000000000040e+03
1.578528000000000020e+03
1.913720000000000027e+03
2.468208000000000084e+03
3.009143999999999778e+03
3.711635999999999967e+03
4.692003999999999905e+03
5.905815999999999804e+03
7.614560000000000400e+03
