1.000000000000000000e+00
1.973000000000000087e+00
3.248000000000000220e+00
4.376000000000000334e+00
5.480000000000000426e+00
7.418000000000000149e+00
8.268000000000000682e+00
9.843999999999999417e+00
1.149600000000000044e+01
1.283799999999999919e+01
1.505199999999999960e+01
1.687500000000000000e+01
1.889900000000000091e+01
2.195599999999999952e+01
2.543299999999999983e+01
2.953399999999999892e+01
3.377199999999999847e+01
3.981000000000000227e+01
4.571600000000000108e+01
5.418200000000000216e+01
6.362599999999999767e+01
7.665000000000000568e+01
9.220499999999999829e+01
1.121200000000000045e+02
1.380840000000000032e+02
1.650939999999999941e+02
2.058520000000000039e+02
2.496599999999999966e+02
3.037850000000000250e+02
3.757309999999999945e+02
4.762939999999999827e+02
6.021720000000000255e+02
7.201069999999999709e+02
9.297799999999999727e+02
1.193809999999999945e+03
1.471501999999999953e+03
1.839291999999999916e+03
2.249277999999999793e+03
2.893202000000000226e+03
3.600378000000000156e+03
4.457271999999999935e+03
5.488685000000000400e+03
6.675048999999999978e+03
8.154820999999999913e+03
9.726563000000000102e+03
