1.000000000000000000e+00
1.983999999999999986e+00
3.216000000000000192e+00
4.211999999999999744e+00
5.352000000000000313e+00
8.160000000000000142e+00
9.603999999999999204e+00
1.138400000000000034e+01
1.375999999999999979e+01
1.570800000000000018e+01
1.927199999999999847e+01
2.208399999999999963e+01
2.622400000000000020e+01
3.132799999999999940e+01
3.714000000000000057e+01
4.118399999999999750e+01
4.632800000000000296e+01
5.321600000000000108e+01
6.020799999999999841e+01
6.903199999999999648e+01
7.836400000000000432e+01
9.090399999999999636e+01
1.042960000000000065e+02
1.254159999999999968e+02
1.407439999999999998e+02
1.622079999999999984e+02
1.918240000000000123e+02
2.213600000000000136e+02
2.809279999999999973e+02
3.491159999999999854e+02
4.201639999999999873e+02
5.192160000000000082e+02
6.216280000000000427e+02
7.734080000000000155e+02
9.676879999999999882e+02
1.114663999999999987e+03
1.411584000000000060e+03
1.632327999999999975e+03
2.096927999999999884e+03
2.436088000000000193e+03
2.926440000000000055e+03
3.589403999999999996e+03
4.614315999999999804e+03
5.759140000000000327e+03
7.530207999999999629e+03
