1.000000000000000000e+00
2.088000000000000078e+00
3.120000000000000107e+00
4.283999999999999808e+00
5.344000000000000306e+00
7.432000000000000384e+00
8.688000000000000611e+00
1.032000000000000028e+01
1.282799999999999940e+01
1.522799999999999976e+01
1.841600000000000037e+01
2.160000000000000142e+01
2.659600000000000009e+01
3.236800000000000210e+01
4.017600000000000193e+01
4.679200000000000159e+01
5.630799999999999983e+01
6.788800000000000523e+01
7.876000000000000512e+01
9.601600000000000534e+01
1.131680000000000064e+02
1.324799999999999898e+02
1.603120000000000118e+02
1.902160000000000082e+02
2.279120000000000061e+02
2.839599999999999795e+02
3.345360000000000014e+02
4.034080000000000155e+02
4.790319999999999823e+02
6.064880000000000564e+02
7.293719999999999573e+02
8.895040000000000191e+02
1.063700000000000045e+03
1.253215999999999894e+03
1.536508000000000038e+03
1.897652000000000044e+03
2.312423999999999978e+03
2.716175999999999931e+03
3.331224000000000160e+03
3.953063999999999851e+03
4.785471999999999753e+03
5.963323999999999614e+03
6.769427999999999884e+03
8.133152000000000044e+03
1.003472799999999916e+04
