1.000000000000000000e+00
1.951000000000000068e+00
3.208000000000000185e+00
4.256000000000000227e+00
5.378000000000000114e+00
7.403999999999999915e+00
8.291999999999999815e+00
1.008500000000000085e+01
1.165300000000000047e+01
1.305100000000000016e+01
1.518800000000000061e+01
1.730999999999999872e+01
1.957499999999999929e+01
2.254400000000000048e+01
2.630000000000000071e+01
3.015800000000000125e+01
3.461500000000000199e+01
3.932600000000000051e+01
4.659799999999999898e+01
5.580400000000000205e+01
6.632800000000000296e+01
8.001000000000000512e+01
9.585699999999999932e+01
1.166520000000000010e+02
1.437220000000000084e+02
1.724219999999999970e+02
2.128940000000000055e+02
2.553540000000000134e+02
3.178940000000000055e+02
3.850419999999999732e+02
4.749700000000000273e+02
5.884679999999999609e+02
7.361280000000000427e+02
9.158740000000000236e+02
1.170784000000000106e+03
1.447020999999999958e+03
1.800324000000000069e+03
2.282271999999999935e+03
2.841445999999999913e+03
3.508829999999999927e+03
4.309869999999999891e+03
5.271041000000000167e+03
6.485021999999999935e+03
7.742649000000000342e+03
9.373497999999999593e+03
