1.000000000000000000e+00
2.060000000000000053e+00
3.088000000000000078e+00
3.991999999999999993e+00
5.296000000000000263e+00
7.735999999999999766e+00
8.567999999999999616e+00
1.024399999999999977e+01
1.201999999999999957e+01
1.442800000000000082e+01
1.786400000000000077e+01
2.103999999999999915e+01
2.644000000000000128e+01
3.176800000000000068e+01
3.847599999999999909e+01
4.431199999999999761e+01
5.335199999999999676e+01
6.628000000000000114e+01
7.980800000000000693e+01
9.330400000000000205e+01
1.103119999999999976e+02
1.283120000000000118e+02
1.581800000000000068e+02
1.836239999999999952e+02
2.194879999999999995e+02
2.632160000000000082e+02
3.227599999999999909e+02
3.817200000000000273e+02
4.791480000000000246e+02
6.076799999999999500e+02
7.489160000000000537e+02
8.905439999999999827e+02
1.088099999999999909e+03
1.258903999999999996e+03
1.517791999999999916e+03
1.834980000000000018e+03
2.294719999999999800e+03
2.733920000000000073e+03
3.303760000000000218e+03
4.161448000000000320e+03
4.989127999999999702e+03
5.923587999999999738e+03
7.076823999999999614e+03
8.446763999999999214e+03
1.035863600000000042e+04
