1.000000000000000000e+00
2.020000000000000018e+00
3.112000000000000099e+00
4.139999999999999680e+00
5.352000000000000313e+00
7.751999999999999780e+00
8.848000000000000753e+00
1.089199999999999946e+01
1.336800000000000033e+01
1.567200000000000060e+01
1.949599999999999866e+01
2.280000000000000071e+01
2.804400000000000048e+01
3.262400000000000233e+01
3.884000000000000341e+01
4.647200000000000131e+01
5.563199999999999790e+01
6.662399999999999523e+01
7.885599999999999454e+01
9.476000000000000512e+01
1.091640000000000015e+02
1.233199999999999932e+02
1.471519999999999868e+02
1.796639999999999873e+02
2.187520000000000095e+02
2.523360000000000127e+02
3.100559999999999832e+02
3.714399999999999977e+02
4.504519999999999982e+02
5.456399999999999864e+02
6.712920000000000300e+02
8.043999999999999773e+02
9.363999999999999773e+02
1.191048000000000002e+03
1.472316000000000031e+03
1.789011999999999944e+03
2.086360000000000127e+03
2.579632000000000062e+03
3.113648000000000138e+03
3.772400000000000091e+03
4.634935999999999694e+03
5.680000000000000000e+03
6.698692000000000007e+03
8.181587999999999738e+03
1.014335599999999977e+04
