0.98364000000000
1.22604000000000
1.16284000000000
1.29268000000000
1.18404000000000
1.30924000000000
1.22388000000000
1.25750000000000
1.23992000000000
1.22776000000000
1.21676000000000
1.14168000000000
1.10684000000000
1.09194666666667
1.03979000000000
0.99740000000000
0.92172000000000
0.92634400000000
0.85784000000000
0.79787428571429
0.72893500000000
0.69545333333333
0.65267200000000
0.59286666666667
0.57415428571429
0.53550500000000
0.53165333333333
0.50567238095238
0.49608666666667
0.48571714285714
0.49050250000000
0.51754162162162
0.51358604651163
0.52567755102041
0.57157714285714
0.57549538461538
0.61156906666667
0.63587720930233
0.62204161616162
0.64496034782609
0.64700458015267
0.64700458015267
