1.99411627117889
1.99384951229486
1.99491571796015
1.99506126715029
1.99560356597506
1.99738652251230
1.99684680077896
1.99792487343528
1.99950493991654
2.00001278396821
2.00014507563878
2.00152862236661
2.00179546858448
2.00225016396363
2.00071300320833
1.99700269692465
1.99666650821033
1.99787305406731
1.99868277878283
2.00054169832286
2.00095935973491
2.00203699913448
1.99992882501389
2.00264869085748
2.00277002122531
2.00287060119207
2.00769794011683
2.01196839345856
2.01729011632767
2.01874528373679
2.02098555286774
2.01923687935401
2.02027410148006
2.02582241182661
2.03223383290498
2.03784455377639
2.03806919011190
2.03855513322382
nan
nan
nan
nan
