0.90551200000000
0.87797000000000
0.85205900000000
0.83355300000000
0.81641300000000
0.80252700000000
0.78973400000000
0.77889100000000
0.76006600000000
0.75205400000000
0.73811100000000
0.72641000000000
0.71636700000000
0.70754700000000
0.69652200000000
0.68466600000000
0.67720700000000
0.66657600000000
0.65774900000000
0.64891800000000
0.64007500000000
0.63141700000000
0.62303800000000
0.61472900000000
0.60566600000000
0.59603300000000
0.58582200000000
0.57534100000000
0.56371800000000
0.55154500000000
0.53810300000000
0.52337900000000
0.50765500000000
0.49126800000000
0.47379800000000
0.45582200000000
0.43665600000000
0.41684600000000
0.39601200000000
0.37474900000000
0.35246400000000
0.32972200000000
