1.00000000000000
1.98364000000000
3.20968000000000
4.37252000000000
5.66520000000000
6.84924000000000
8.15848000000000
9.38236000000000
11.89736000000000
13.13728000000000
15.59280000000000
18.02631999999999
20.30968000000000
22.52336000000001
25.79920000000001
29.95836000000000
32.95056000000000
37.55915999999999
42.19087999999998
47.33792000000001
52.92303999999999
58.75452000000002
65.01360000000003
71.54032000000001
78.65471999999998
86.69287999999999
95.26095999999998
104.83072000000000
115.44983999999998
127.35592000000001
140.95600000000005
156.65207999999996
175.80112000000005
197.88531999999992
223.64352000000000
255.65183999999996
293.05904000000010
338.92671999999999
393.61216000000002
455.19427999999976
529.36472000000003
614.12232000000006
