1.00000000000000
1.98664000000000
3.19056000000000
4.34332000000000
5.64408000000000
8.10040000000000
9.31608000000000
11.77836000000000
14.22003999999999
16.62028000000000
20.24136000000000
23.48455999999999
27.71044000000000
32.68560000000001
39.23971999999998
45.44407999999999
52.68612000000001
60.67720000000003
68.77472000000002
78.28312000000000
88.63791999999999
100.56632000000002
114.63896000000001
131.06856000000002
151.03687999999994
174.93343999999996
203.93176000000000
241.47616000000005
290.29715999999979
348.77219999999988
424.09388000000001
516.60799999999983
629.96232000000032
764.96920000000000
940.08804000000032
1143.57755999999972
1397.23136000000000
1699.07528000000025
2063.70479999999952
2503.02079999999978
3082.84808000000203
3780.85699999999906
4711.43120000000272
5935.48560000000089
7474.46228000000247
