1.00000000000000
1.98776000000000
3.04864000000000
4.09840000000000
5.20832000000000
7.39032000000000
8.46744000000000
10.64632000000000
12.85044000000000
15.04864000000000
18.34192000000000
21.52152000000001
25.85072000000000
31.09736000000000
38.38228000000001
45.62408000000001
54.62952000000000
65.51000000000001
77.06616000000000
92.82784000000001
111.16240000000003
133.37800000000004
160.67044000000010
193.47824000000003
232.85167999999999
280.24847999999997
337.09567999999990
406.44512000000003
490.16016000000002
590.96603999999991
715.81155999999987
863.10840000000007
1037.07171999999991
1251.84752000000003
1512.60572000000138
1828.04444000000012
2212.74704000000065
2679.95343999999932
3229.32536000000073
3916.25456000000167
4719.57032000000254
5667.40363999999954
6830.42080000000078
8248.74667999999656
9961.56195999999727
