1.000000000000000000e+00
1.899999999999999911e+00
2.967999999999999972e+00
3.887999999999999901e+00
4.719999999999999751e+00
6.296000000000000263e+00
7.008000000000000007e+00
9.135999999999999233e+00
1.174799999999999933e+01
1.362800000000000011e+01
1.598399999999999999e+01
1.890800000000000125e+01
2.422400000000000020e+01
2.971199999999999974e+01
3.739200000000000301e+01
4.203999999999999915e+01
5.075600000000000023e+01
6.189600000000000080e+01
7.246399999999999864e+01
9.179999999999999716e+01
1.114879999999999995e+02
1.387920000000000016e+02
1.576560000000000059e+02
1.893360000000000127e+02
2.181839999999999975e+02
2.629680000000000177e+02
3.286560000000000059e+02
4.056320000000000050e+02
4.885760000000000218e+02
6.045439999999999827e+02
7.359039999999999964e+02
8.528400000000000318e+02
1.029751999999999953e+03
1.215127999999999929e+03
1.496579999999999927e+03
1.866584000000000060e+03
2.212447999999999865e+03
2.651360000000000127e+03
3.273992000000000189e+03
4.042543999999999869e+03
4.827735999999999876e+03
5.933435999999999694e+03
7.189747999999999593e+03
8.533504000000000815e+03
1.022800000000000000e+04
