1.000000000000000000e+00
2.116000000000000103e+00
3.128000000000000114e+00
4.032000000000000028e+00
4.879999999999999893e+00
7.024000000000000021e+00
8.176000000000000156e+00
9.704000000000000625e+00
1.180400000000000027e+01
1.386400000000000077e+01
1.733599999999999852e+01
2.039600000000000080e+01
2.397200000000000131e+01
2.843199999999999861e+01
3.436800000000000210e+01
4.224000000000000199e+01
5.056799999999999784e+01
5.933599999999999852e+01
7.068000000000000682e+01
8.680800000000000693e+01
1.062639999999999958e+02
1.332800000000000011e+02
1.630039999999999907e+02
1.854960000000000093e+02
2.178559999999999945e+02
2.717040000000000077e+02
3.196879999999999882e+02
3.843120000000000118e+02
4.966480000000000246e+02
5.996520000000000437e+02
7.155560000000000400e+02
8.664080000000000155e+02
1.019971999999999980e+03
1.248672000000000025e+03
1.491748000000000047e+03
1.893316000000000031e+03
2.266192000000000007e+03
2.787288000000000011e+03
3.322536000000000058e+03
3.862264000000000124e+03
4.759416000000000167e+03
5.544988000000000284e+03
6.803800000000000182e+03
8.053515999999999622e+03
1.010726000000000022e+04
