1.000000000000000000e+00
1.887999999999999901e+00
3.157999999999999918e+00
4.185999999999999943e+00
5.330000000000000071e+00
7.325999999999999623e+00
8.118999999999999773e+00
9.800000000000000711e+00
1.148700000000000010e+01
1.286500000000000021e+01
1.533799999999999919e+01
1.715700000000000003e+01
1.934700000000000131e+01
2.223999999999999844e+01
2.549099999999999966e+01
2.853800000000000026e+01
3.235600000000000165e+01
3.696999999999999886e+01
4.246399999999999864e+01
4.993800000000000239e+01
5.992600000000000193e+01
7.348000000000000398e+01
9.068999999999999773e+01
1.107519999999999953e+02
1.384019999999999868e+02
1.687899999999999920e+02
2.106419999999999959e+02
2.582980000000000018e+02
3.107080000000000268e+02
3.909460000000000264e+02
4.730310000000000059e+02
5.646900000000000546e+02
7.111250000000000000e+02
8.946079999999999472e+02
1.131979000000000042e+03
1.417662000000000035e+03
1.796720000000000027e+03
2.200726000000000113e+03
2.784907999999999902e+03
3.389929999999999836e+03
4.301104000000000269e+03
5.389617000000000189e+03
6.493074999999999818e+03
7.848082999999999629e+03
9.677519000000000233e+03
