1.000000000000000000e+00
2.000000000000000000e+00
3.064000000000000057e+00
4.011999999999999567e+00
5.519999999999999574e+00
7.927999999999999936e+00
9.192000000000000171e+00
1.144800000000000040e+01
1.392800000000000082e+01
1.595599999999999952e+01
1.938400000000000034e+01
2.337199999999999989e+01
2.786799999999999855e+01
3.290400000000000347e+01
4.103999999999999915e+01
4.683200000000000074e+01
5.525200000000000244e+01
6.771999999999999886e+01
7.439199999999999591e+01
8.843999999999999773e+01
1.028719999999999999e+02
1.193359999999999985e+02
1.450639999999999930e+02
1.697040000000000077e+02
2.075360000000000014e+02
2.586320000000000050e+02
3.259200000000000159e+02
4.120160000000000196e+02
5.074479999999999791e+02
5.752759999999999536e+02
7.037680000000000291e+02
8.196319999999999482e+02
9.653600000000000136e+02
1.162432000000000016e+03
1.461695999999999913e+03
1.719531999999999925e+03
2.141960000000000036e+03
2.705103999999999814e+03
3.153983999999999924e+03
3.875311999999999898e+03
4.354503999999999905e+03
5.673328000000000429e+03
6.974359999999999673e+03
8.377092000000000553e+03
1.019229999999999927e+04
