1.000000000000000000e+00
1.939999999999999947e+00
2.975999999999999979e+00
4.024000000000000021e+00
5.000000000000000000e+00
7.496000000000000441e+00
9.055999999999999162e+00
1.130400000000000027e+01
1.369999999999999929e+01
1.623600000000000065e+01
1.978399999999999892e+01
2.335999999999999943e+01
2.846799999999999997e+01
3.566400000000000148e+01
4.136399999999999721e+01
5.036800000000000210e+01
5.881199999999999761e+01
7.020799999999999841e+01
8.254399999999999693e+01
9.879999999999999716e+01
1.127480000000000047e+02
1.332479999999999905e+02
1.562920000000000016e+02
1.911920000000000073e+02
2.221519999999999868e+02
2.651920000000000073e+02
3.283199999999999932e+02
3.991120000000000232e+02
4.647719999999999914e+02
5.665080000000000382e+02
6.760240000000000009e+02
8.614640000000000555e+02
1.036991999999999962e+03
1.287304000000000087e+03
1.532079999999999927e+03
1.866003999999999905e+03
2.336384000000000015e+03
2.902815999999999804e+03
3.405039999999999964e+03
4.035967999999999847e+03
4.832600000000000364e+03
5.843619999999999891e+03
7.234412000000000262e+03
8.830556000000000495e+03
1.066777200000000084e+04
