1.000000000000000000e+00
1.943000000000000060e+00
2.914000000000000146e+00
3.966000000000000192e+00
4.972000000000000419e+00
7.008000000000000007e+00
8.031000000000000583e+00
1.007799999999999940e+01
1.224000000000000021e+01
1.413100000000000023e+01
1.721799999999999997e+01
2.038200000000000145e+01
2.441600000000000037e+01
2.899800000000000111e+01
3.606300000000000239e+01
4.341400000000000148e+01
5.201100000000000279e+01
6.211200000000000188e+01
7.330200000000000671e+01
8.848799999999999955e+01
1.102969999999999970e+02
1.338060000000000116e+02
1.608549999999999898e+02
1.891200000000000045e+02
2.288820000000000050e+02
2.741080000000000041e+02
3.291220000000000141e+02
4.013559999999999945e+02
4.877500000000000000e+02
5.946789999999999736e+02
7.239819999999999709e+02
8.750779999999999745e+02
1.045454999999999927e+03
1.259852000000000089e+03
1.538044000000000096e+03
1.887365999999999985e+03
2.318373999999999796e+03
2.786429999999999836e+03
3.290610000000000127e+03
3.929909999999999854e+03
4.786323999999999614e+03
5.769731999999999971e+03
7.067091000000000349e+03
8.470731999999999971e+03
1.015540400000000045e+04
