1.000000000000000000e+00
1.915999999999999925e+00
3.056000000000000050e+00
4.275999999999999801e+00
5.519999999999999574e+00
7.623999999999999666e+00
8.471999999999999531e+00
1.096799999999999997e+01
1.344400000000000084e+01
1.522000000000000064e+01
1.928800000000000026e+01
2.312800000000000011e+01
2.787199999999999989e+01
3.214399999999999835e+01
4.044800000000000040e+01
4.881600000000000250e+01
5.889200000000000301e+01
6.655200000000000671e+01
7.535999999999999943e+01
8.388800000000000523e+01
9.504399999999999693e+01
1.090480000000000018e+02
1.229240000000000066e+02
1.385279999999999916e+02
1.627920000000000016e+02
1.869360000000000070e+02
2.157119999999999891e+02
2.471440000000000055e+02
2.893039999999999736e+02
3.610319999999999823e+02
4.590640000000000214e+02
5.764400000000000546e+02
7.051280000000000427e+02
8.152480000000000473e+02
1.018947999999999979e+03
1.231619999999999891e+03
1.482640000000000100e+03
1.825928000000000111e+03
2.127672000000000025e+03
2.559648000000000138e+03
3.287704000000000178e+03
3.874068000000000211e+03
4.846819999999999709e+03
6.016636000000000422e+03
7.301895999999999731e+03
