1.000000000000000000e+00
2.076000000000000068e+00
3.097999999999999865e+00
4.166999999999999815e+00
5.163999999999999702e+00
7.408000000000000362e+00
8.413000000000000256e+00
1.030899999999999928e+01
1.228599999999999959e+01
1.434800000000000075e+01
1.742999999999999972e+01
2.038899999999999935e+01
2.409299999999999997e+01
2.886400000000000077e+01
3.593699999999999761e+01
4.232999999999999829e+01
5.093800000000000239e+01
6.210399999999999920e+01
7.337800000000000011e+01
9.000600000000000023e+01
1.101099999999999994e+02
1.361220000000000141e+02
1.617589999999999861e+02
1.985320000000000107e+02
2.350440000000000111e+02
2.812080000000000268e+02
3.396220000000000141e+02
4.084200000000000159e+02
4.991619999999999777e+02
5.925439999999999827e+02
7.123020000000000209e+02
8.556639999999999873e+02
1.028949000000000069e+03
1.258125999999999976e+03
1.568094000000000051e+03
1.873316000000000031e+03
2.246914000000000215e+03
2.698847999999999956e+03
3.206561999999999898e+03
3.915809999999999945e+03
4.784622000000000298e+03
5.742372000000000298e+03
7.020483000000000175e+03
8.371016999999999825e+03
1.003893300000000090e+04
