1.000000000000000000e+00
1.893999999999999906e+00
3.024000000000000021e+00
4.014999999999999680e+00
5.091999999999999638e+00
6.961999999999999744e+00
7.854000000000000092e+00
9.569000000000000838e+00
1.119400000000000084e+01
1.265099999999999980e+01
1.493800000000000061e+01
1.659299999999999997e+01
1.883399999999999963e+01
2.106599999999999895e+01
2.402799999999999869e+01
2.741799999999999926e+01
3.141100000000000136e+01
3.633599999999999852e+01
4.220000000000000284e+01
5.132399999999999807e+01
6.070499999999999829e+01
7.483400000000000318e+01
9.070499999999999829e+01
1.114699999999999989e+02
1.351999999999999886e+02
1.662179999999999893e+02
2.049499999999999886e+02
2.486239999999999952e+02
3.042230000000000132e+02
3.736460000000000150e+02
4.639110000000000014e+02
5.746000000000000227e+02
7.068880000000000337e+02
9.068039999999999736e+02
1.136060999999999922e+03
1.448402000000000044e+03
1.831460000000000036e+03
2.256128000000000156e+03
2.837409999999999854e+03
3.475838000000000193e+03
4.334072000000000116e+03
5.335131000000000313e+03
6.488305999999999585e+03
7.999596999999999753e+03
9.886703999999999724e+03
