1.000000000000000000e+00
2.076000000000000068e+00
3.240000000000000213e+00
4.224000000000000199e+00
5.511999999999999567e+00
7.607999999999999652e+00
8.564000000000000057e+00
1.057199999999999918e+01
1.296400000000000041e+01
1.572799999999999976e+01
1.836799999999999855e+01
2.096000000000000085e+01
2.551200000000000045e+01
3.012000000000000099e+01
3.797200000000000131e+01
4.702400000000000091e+01
5.693200000000000216e+01
6.800000000000000000e+01
8.114400000000000546e+01
9.687999999999999545e+01
1.170639999999999930e+02
1.361440000000000055e+02
1.655680000000000121e+02
1.958959999999999866e+02
2.424159999999999968e+02
2.865760000000000218e+02
3.463679999999999950e+02
3.910640000000000214e+02
4.920000000000000000e+02
5.666799999999999500e+02
6.889400000000000546e+02
8.591680000000000064e+02
1.067688000000000102e+03
1.226624000000000024e+03
1.471556000000000040e+03
1.814799999999999955e+03
2.123280000000000200e+03
2.548592000000000098e+03
3.041184000000000196e+03
3.717992000000000189e+03
4.546807999999999993e+03
5.296020000000000437e+03
6.501688000000000102e+03
7.866743999999999687e+03
9.890136000000000422e+03
