1.000000000000000000e+00
2.032000000000000028e+00
3.056000000000000050e+00
4.067999999999999616e+00
5.160000000000000142e+00
7.448000000000000398e+00
8.464000000000000412e+00
1.113199999999999967e+01
1.368399999999999928e+01
1.562400000000000055e+01
1.894399999999999906e+01
2.166000000000000014e+01
2.690399999999999991e+01
3.286399999999999721e+01
4.096399999999999864e+01
4.834400000000000119e+01
5.882000000000000028e+01
6.928000000000000114e+01
7.869599999999999795e+01
9.513599999999999568e+01
1.109240000000000066e+02
1.434480000000000075e+02
1.646160000000000139e+02
2.077920000000000016e+02
2.503280000000000030e+02
2.944399999999999977e+02
3.442320000000000277e+02
4.079039999999999964e+02
4.903879999999999768e+02
5.751280000000000427e+02
6.852680000000000291e+02
8.699919999999999618e+02
1.076364000000000033e+03
1.303943999999999960e+03
1.592536000000000058e+03
1.837423999999999978e+03
2.241480000000000018e+03
2.692952000000000226e+03
3.184704000000000178e+03
3.741367999999999938e+03
4.509583999999999833e+03
5.449768000000000029e+03
6.595684000000000196e+03
7.792636000000000422e+03
9.561443999999999505e+03
