1.000000000000000000e+00
2.060000000000000053e+00
2.935999999999999943e+00
4.088000000000000078e+00
4.871999999999999886e+00
7.192000000000000171e+00
8.268000000000000682e+00
1.023600000000000065e+01
1.250399999999999956e+01
1.426399999999999935e+01
1.714399999999999835e+01
2.102799999999999869e+01
2.498000000000000043e+01
2.956800000000000139e+01
3.745199999999999818e+01
4.339200000000000301e+01
5.146800000000000352e+01
5.890400000000000347e+01
6.955200000000000671e+01
8.521599999999999397e+01
1.086320000000000050e+02
1.303199999999999932e+02
1.590399999999999920e+02
1.939519999999999982e+02
2.271440000000000055e+02
2.852080000000000268e+02
3.564399999999999977e+02
4.176480000000000246e+02
4.788759999999999764e+02
5.799640000000000555e+02
7.368239999999999554e+02
8.975119999999999436e+02
1.037915999999999940e+03
1.242768000000000029e+03
1.547508000000000038e+03
1.829652000000000044e+03
2.198000000000000000e+03
2.653335999999999785e+03
3.152487999999999829e+03
3.811384000000000015e+03
4.548007999999999811e+03
5.543252000000000407e+03
6.858192000000000007e+03
8.258363999999999578e+03
9.896659999999999854e+03
