1.000000000000000000e+00
1.893999999999999906e+00
3.073999999999999844e+00
3.986000000000000210e+00
5.123999999999999666e+00
6.998000000000000220e+00
7.778999999999999915e+00
9.282999999999999474e+00
1.062800000000000011e+01
1.223399999999999999e+01
1.411800000000000033e+01
1.602599999999999980e+01
1.864199999999999946e+01
2.125000000000000000e+01
2.498699999999999832e+01
2.923600000000000065e+01
3.340500000000000114e+01
3.846200000000000330e+01
4.485600000000000165e+01
5.309799999999999898e+01
6.367399999999999949e+01
7.614799999999999613e+01
9.191899999999999693e+01
1.134180000000000064e+02
1.405519999999999925e+02
1.734079999999999870e+02
2.099360000000000070e+02
2.568580000000000041e+02
3.145210000000000150e+02
3.782130000000000223e+02
4.722640000000000100e+02
5.809059999999999491e+02
7.224020000000000437e+02
9.250940000000000509e+02
1.178530999999999949e+03
1.469288000000000011e+03
1.810221999999999980e+03
2.287523999999999887e+03
2.856219999999999800e+03
3.490286000000000058e+03
4.253481999999999971e+03
5.158422999999999774e+03
6.422609999999999673e+03
7.940354999999999563e+03
9.664747999999999593e+03
