1.000000000000000000e+00
1.895999999999999908e+00
3.208000000000000185e+00
4.475999999999999979e+00
5.767999999999999794e+00
8.375999999999999446e+00
9.756000000000000227e+00
1.256400000000000006e+01
1.540000000000000036e+01
1.764799999999999969e+01
2.174399999999999977e+01
2.594800000000000040e+01
2.964000000000000057e+01
3.470400000000000063e+01
4.037199999999999989e+01
4.692000000000000171e+01
5.489600000000000080e+01
6.492000000000000171e+01
7.142400000000000659e+01
8.307999999999999829e+01
9.506399999999999295e+01
1.025280000000000058e+02
1.196520000000000010e+02
1.383360000000000127e+02
1.608880000000000052e+02
1.836719999999999970e+02
2.092640000000000100e+02
2.515360000000000014e+02
2.980040000000000191e+02
3.427440000000000282e+02
4.167160000000000082e+02
5.177920000000000300e+02
6.007960000000000491e+02
7.232960000000000491e+02
9.191960000000000264e+02
1.119844000000000051e+03
1.419592000000000098e+03
1.664743999999999915e+03
1.993448000000000093e+03
2.411384000000000015e+03
3.059159999999999854e+03
3.710907999999999902e+03
4.576692000000000007e+03
5.720328000000000429e+03
6.974224000000000160e+03
