1.000000000000000000e+00
1.983999999999999986e+00
2.955999999999999961e+00
3.923999999999999932e+00
4.908000000000000362e+00
6.950000000000000178e+00
7.889000000000000234e+00
9.752000000000000668e+00
1.210200000000000031e+01
1.385999999999999943e+01
1.645200000000000173e+01
1.959900000000000020e+01
2.311700000000000088e+01
2.746399999999999864e+01
3.461999999999999744e+01
4.195000000000000284e+01
5.183700000000000330e+01
6.284199999999999875e+01
7.481999999999999318e+01
9.169799999999999329e+01
1.076069999999999993e+02
1.300579999999999927e+02
1.558139999999999930e+02
1.940620000000000118e+02
2.351459999999999866e+02
2.857320000000000277e+02
3.425400000000000205e+02
4.091840000000000259e+02
4.990609999999999786e+02
6.071539999999999964e+02
7.330599999999999454e+02
8.713619999999999663e+02
1.028079999999999927e+03
1.244794000000000096e+03
1.478394000000000005e+03
1.792488000000000056e+03
2.167322000000000116e+03
2.615673999999999978e+03
3.126871999999999844e+03
3.786661999999999807e+03
4.643322000000000116e+03
5.707613000000000284e+03
6.832229000000000269e+03
8.225404000000000451e+03
1.002911800000000039e+04
