1.000000000000000000e+00
1.925999999999999934e+00
3.148000000000000131e+00
4.219999999999999751e+00
5.413999999999999702e+00
7.312000000000000277e+00
8.310999999999999943e+00
1.020299999999999940e+01
1.198199999999999932e+01
1.362299999999999933e+01
1.544999999999999929e+01
1.744000000000000128e+01
2.016499999999999915e+01
2.322400000000000020e+01
2.725499999999999901e+01
3.079400000000000048e+01
3.643099999999999739e+01
4.201800000000000068e+01
4.849399999999999977e+01
5.703999999999999915e+01
6.932599999999999341e+01
8.218800000000000239e+01
9.749899999999999523e+01
1.193979999999999961e+02
1.473340000000000032e+02
1.762740000000000009e+02
2.177640000000000100e+02
2.635559999999999832e+02
3.312699999999999818e+02
4.010059999999999718e+02
4.867300000000000182e+02
5.962200000000000273e+02
7.269279999999999973e+02
9.151639999999999873e+02
1.126727000000000089e+03
1.432509000000000015e+03
1.779125999999999976e+03
2.178681999999999789e+03
2.716804000000000087e+03
3.358206000000000131e+03
4.124323999999999614e+03
5.165756000000000313e+03
6.377233000000000175e+03
7.916427999999999884e+03
9.441985000000000582e+03
