1.000000000000000000e+00
1.933000000000000052e+00
2.902000000000000135e+00
3.833000000000000185e+00
4.903999999999999915e+00
6.878000000000000114e+00
7.790000000000000036e+00
9.733000000000000540e+00
1.171000000000000085e+01
1.344100000000000072e+01
1.637199999999999989e+01
1.933500000000000085e+01
2.406299999999999883e+01
2.926399999999999935e+01
3.628699999999999903e+01
4.345199999999999818e+01
5.215100000000000335e+01
6.330400000000000205e+01
7.462999999999999545e+01
9.026200000000000045e+01
1.072950000000000017e+02
1.291239999999999952e+02
1.560080000000000098e+02
1.881539999999999964e+02
2.235699999999999932e+02
2.784639999999999986e+02
3.411379999999999768e+02
4.195000000000000000e+02
5.095729999999999791e+02
6.170910000000000082e+02
7.334059999999999491e+02
8.737899999999999636e+02
1.063066000000000031e+03
1.266922000000000025e+03
1.532027000000000044e+03
1.849699000000000069e+03
2.229762000000000171e+03
2.660307999999999993e+03
3.249887999999999920e+03
3.901010000000000218e+03
4.731529999999999745e+03
5.861832999999999629e+03
6.997945999999999913e+03
8.390657999999999447e+03
1.008442000000000007e+04
