1.000000000000000000e+00
1.969999999999999973e+00
3.021999999999999797e+00
4.088000000000000078e+00
5.277999999999999581e+00
7.277999999999999581e+00
8.390000000000000568e+00
1.049099999999999966e+01
1.237500000000000000e+01
1.425500000000000078e+01
1.671000000000000085e+01
1.958999999999999986e+01
2.318700000000000117e+01
2.789199999999999946e+01
3.401100000000000279e+01
4.051800000000000068e+01
4.923700000000000188e+01
5.901599999999999824e+01
6.989799999999999613e+01
8.576600000000000534e+01
1.052399999999999949e+02
1.286599999999999966e+02
1.548199999999999932e+02
1.838040000000000020e+02
2.254780000000000086e+02
2.765459999999999923e+02
3.364499999999999886e+02
3.992379999999999995e+02
4.826259999999999764e+02
5.890570000000000164e+02
7.062169999999999845e+02
8.417019999999999982e+02
1.011748000000000047e+03
1.239690000000000055e+03
1.529490000000000009e+03
1.857915999999999940e+03
2.241115999999999985e+03
2.695210000000000036e+03
3.247364000000000033e+03
3.910751999999999953e+03
4.632979999999999563e+03
5.566844000000000051e+03
6.887372999999999593e+03
8.342395000000000437e+03
1.014149200000000019e+04
