1.000000000000000000e+00
2.001999999999999780e+00
3.068000000000000060e+00
4.075999999999999623e+00
5.048000000000000043e+00
6.836000000000000298e+00
7.889999999999999680e+00
9.826000000000000512e+00
1.155199999999999960e+01
1.342200000000000060e+01
1.620400000000000063e+01
1.900199999999999889e+01
2.294699999999999918e+01
2.789399999999999835e+01
3.522699999999999676e+01
4.216400000000000148e+01
5.189200000000000301e+01
6.482800000000000296e+01
7.713200000000000500e+01
9.279600000000000648e+01
1.107169999999999987e+02
1.348799999999999955e+02
1.620399999999999920e+02
1.899919999999999902e+02
2.310360000000000014e+02
2.779479999999999791e+02
3.316960000000000264e+02
3.992559999999999718e+02
4.787869999999999777e+02
5.750190000000000055e+02
6.976710000000000491e+02
8.558060000000000400e+02
1.044559999999999945e+03
1.267471999999999980e+03
1.533551999999999907e+03
1.815852000000000089e+03
2.260280000000000200e+03
2.695576000000000022e+03
3.291385999999999967e+03
3.964329999999999927e+03
4.838278000000000247e+03
5.863271999999999935e+03
7.169042000000000371e+03
8.666470999999999549e+03
1.028846199999999953e+04
