1.000000000000000000e+00
1.931999999999999940e+00
3.200000000000000178e+00
4.432000000000000384e+00
5.935999999999999943e+00
8.480000000000000426e+00
9.528000000000000469e+00
1.238400000000000034e+01
1.475200000000000067e+01
1.753600000000000136e+01
2.162399999999999878e+01
2.518799999999999883e+01
3.058800000000000097e+01
3.540800000000000125e+01
4.276400000000000290e+01
4.707200000000000273e+01
5.397599999999999909e+01
6.141599999999999682e+01
6.999200000000000443e+01
7.897599999999999909e+01
9.045999999999999375e+01
1.001760000000000019e+02
1.137000000000000028e+02
1.306719999999999970e+02
1.482800000000000011e+02
1.676479999999999961e+02
2.014480000000000075e+02
2.291999999999999886e+02
2.705000000000000000e+02
3.450799999999999841e+02
4.256480000000000246e+02
5.219759999999999991e+02
6.412799999999999727e+02
7.703519999999999754e+02
9.151440000000000055e+02
1.096531999999999925e+03
1.379592000000000098e+03
1.635352000000000089e+03
2.021703999999999951e+03
2.436480000000000018e+03
3.046807999999999993e+03
3.511411999999999807e+03
4.199376000000000204e+03
5.325811999999999898e+03
6.837992000000000189e+03
