1.000000000000000000e+00
1.875999999999999890e+00
3.128000000000000114e+00
4.136000000000000121e+00
5.336000000000000298e+00
7.527999999999999581e+00
8.512000000000000455e+00
1.096799999999999997e+01
1.283999999999999986e+01
1.579199999999999982e+01
2.007199999999999918e+01
2.381599999999999895e+01
2.811199999999999832e+01
3.337599999999999767e+01
3.944800000000000040e+01
4.511999999999999744e+01
5.472800000000000153e+01
6.415999999999999659e+01
7.067199999999999704e+01
8.084799999999999898e+01
9.467600000000000193e+01
1.097279999999999944e+02
1.212680000000000007e+02
1.370560000000000116e+02
1.522079999999999984e+02
1.843199999999999932e+02
2.059120000000000061e+02
2.508559999999999945e+02
3.141240000000000236e+02
3.719320000000000164e+02
4.430679999999999836e+02
5.321680000000000064e+02
6.484560000000000173e+02
7.475679999999999836e+02
9.627960000000000491e+02
1.183407999999999902e+03
1.480471999999999980e+03
1.787183999999999969e+03
2.148288000000000011e+03
2.612512000000000171e+03
3.106152000000000044e+03
3.754043999999999869e+03
4.727640000000000327e+03
5.828355999999999767e+03
7.547387999999999920e+03
