1.000000000000000000e+00
2.012000000000000011e+00
3.343999999999999861e+00
4.580000000000000071e+00
5.847999999999999865e+00
8.007999999999999119e+00
9.176000000000000156e+00
1.121199999999999974e+01
1.348000000000000043e+01
1.620799999999999841e+01
1.946399999999999864e+01
2.323999999999999844e+01
2.724399999999999977e+01
3.234400000000000119e+01
3.906400000000000006e+01
4.592799999999999727e+01
5.386800000000000210e+01
6.244800000000000040e+01
7.031999999999999318e+01
8.001600000000000534e+01
8.768800000000000239e+01
9.905599999999999739e+01
1.140480000000000018e+02
1.338720000000000141e+02
1.622560000000000002e+02
1.863360000000000127e+02
2.119759999999999991e+02
2.479360000000000070e+02
2.988759999999999764e+02
3.508559999999999945e+02
4.514599999999999795e+02
5.182319999999999709e+02
6.087960000000000491e+02
7.396720000000000255e+02
9.481520000000000437e+02
1.149907999999999902e+03
1.418551999999999907e+03
1.674160000000000082e+03
2.084416000000000167e+03
2.426952000000000226e+03
3.032215999999999894e+03
3.690295999999999822e+03
4.640760000000000218e+03
6.043787999999999556e+03
7.266171999999999571e+03
