1.000000000000000000e+00
1.911999999999999922e+00
2.855999999999999872e+00
4.035999999999999588e+00
4.911999999999999922e+00
6.671999999999999709e+00
7.695999999999999730e+00
9.432000000000000384e+00
1.159200000000000053e+01
1.382000000000000028e+01
1.742399999999999949e+01
1.967599999999999838e+01
2.339600000000000080e+01
2.728000000000000114e+01
3.437199999999999989e+01
4.333599999999999852e+01
5.303199999999999648e+01
6.314399999999999835e+01
7.649599999999999511e+01
9.556000000000000227e+01
1.175319999999999965e+02
1.375600000000000023e+02
1.608799999999999955e+02
1.941119999999999948e+02
2.409759999999999991e+02
2.875679999999999836e+02
3.350880000000000223e+02
3.993999999999999773e+02
4.806159999999999854e+02
5.788400000000000318e+02
7.136200000000000045e+02
8.249439999999999600e+02
1.023751999999999953e+03
1.226279999999999973e+03
1.448788000000000011e+03
1.801387999999999920e+03
2.177016000000000076e+03
2.760288000000000011e+03
3.370768000000000029e+03
4.079728000000000065e+03
5.003192000000000007e+03
6.130899999999999636e+03
7.086448000000000320e+03
8.308075999999999112e+03
1.010295199999999932e+04
