1.000000000000000000e+00
1.919999999999999929e+00
2.983999999999999986e+00
4.184000000000000163e+00
5.448000000000000398e+00
7.823999999999999844e+00
9.215999999999999304e+00
1.190000000000000036e+01
1.413199999999999967e+01
1.643599999999999994e+01
1.851999999999999957e+01
2.132799999999999940e+01
2.657600000000000051e+01
3.271200000000000330e+01
3.971200000000000330e+01
4.671200000000000330e+01
5.621200000000000330e+01
6.795999999999999375e+01
8.058400000000000318e+01
1.016320000000000050e+02
1.214000000000000057e+02
1.413199999999999932e+02
1.688280000000000030e+02
1.888240000000000123e+02
2.249919999999999902e+02
2.797359999999999900e+02
3.373199999999999932e+02
4.285040000000000191e+02
5.089119999999999777e+02
6.016399999999999864e+02
7.318200000000000500e+02
8.711359999999999673e+02
1.057771999999999935e+03
1.269895999999999958e+03
1.540392000000000053e+03
1.815576000000000022e+03
2.253791999999999916e+03
2.621791999999999916e+03
3.100103999999999814e+03
3.750887999999999920e+03
4.513391999999999825e+03
5.538492000000000189e+03
6.611072000000000116e+03
7.827363999999999578e+03
9.272515999999999622e+03
