1.000000000000000000e+00
1.971999999999999975e+00
2.943999999999999950e+00
3.867999999999999883e+00
4.847999999999999865e+00
6.631999999999999673e+00
7.596000000000000085e+00
1.003200000000000003e+01
1.199200000000000088e+01
1.448799999999999955e+01
1.742399999999999949e+01
2.043599999999999994e+01
2.551599999999999824e+01
3.071199999999999974e+01
4.006000000000000227e+01
4.661599999999999966e+01
5.459199999999999875e+01
6.449599999999999511e+01
7.759199999999999875e+01
9.238400000000000034e+01
1.103199999999999932e+02
1.314639999999999986e+02
1.590639999999999930e+02
2.023280000000000030e+02
2.412079999999999984e+02
2.848480000000000132e+02
3.462160000000000082e+02
4.064879999999999995e+02
4.824920000000000186e+02
5.728719999999999573e+02
6.936359999999999673e+02
8.328079999999999927e+02
1.016163999999999987e+03
1.208392000000000053e+03
1.465256000000000085e+03
1.676099999999999909e+03
2.014104000000000042e+03
2.402447999999999865e+03
2.927376000000000204e+03
3.388967999999999847e+03
4.040543999999999869e+03
4.959460000000000036e+03
6.163792000000000371e+03
7.363000000000000000e+03
9.124396000000000640e+03
