1.000000000000000000e+00
1.957999999999999963e+00
2.963999999999999968e+00
3.950000000000000178e+00
4.991999999999999993e+00
6.895999999999999908e+00
7.895999999999999908e+00
9.961000000000000298e+00
1.193999999999999950e+01
1.370700000000000074e+01
1.646999999999999886e+01
1.963899999999999935e+01
2.383099999999999952e+01
2.847400000000000020e+01
3.556000000000000227e+01
4.250600000000000023e+01
5.090500000000000114e+01
6.174799999999999756e+01
7.485800000000000409e+01
8.887199999999999989e+01
1.081500000000000057e+02
1.321539999999999964e+02
1.558460000000000036e+02
1.887220000000000084e+02
2.287340000000000089e+02
2.719700000000000273e+02
3.258179999999999836e+02
4.017160000000000082e+02
4.886549999999999727e+02
5.904320000000000164e+02
7.096190000000000282e+02
8.635140000000000100e+02
1.031531999999999925e+03
1.261922000000000025e+03
1.520435999999999922e+03
1.805018000000000029e+03
2.203181999999999789e+03
2.670862000000000080e+03
3.230032000000000153e+03
3.862510000000000218e+03
4.648376000000000204e+03
5.569234999999999673e+03
6.805645000000000437e+03
8.200762000000000626e+03
9.904739999999999782e+03
