1.000000000000000000e+00
1.903999999999999915e+00
2.712000000000000188e+00
3.600000000000000089e+00
4.895999999999999908e+00
6.815999999999999837e+00
7.932000000000000384e+00
9.227999999999999758e+00
1.040000000000000036e+01
1.242399999999999949e+01
1.476800000000000068e+01
1.702799999999999869e+01
2.089999999999999858e+01
2.648799999999999955e+01
3.347200000000000131e+01
3.910399999999999920e+01
4.806400000000000006e+01
5.857600000000000051e+01
7.100799999999999557e+01
8.521599999999999397e+01
1.029479999999999933e+02
1.274159999999999968e+02
1.530360000000000014e+02
1.886639999999999873e+02
2.264079999999999870e+02
2.650319999999999823e+02
3.243679999999999950e+02
3.960000000000000000e+02
4.862559999999999718e+02
5.493279999999999745e+02
6.861000000000000227e+02
8.412160000000000082e+02
1.002875999999999976e+03
1.267048000000000002e+03
1.540011999999999944e+03
1.781632000000000062e+03
2.128168000000000120e+03
2.560239999999999782e+03
3.151503999999999905e+03
3.967271999999999935e+03
4.753032000000000153e+03
5.661024000000000342e+03
6.965195999999999913e+03
8.676000000000000000e+03
1.042495199999999932e+04
