1.000000000000000000e+00
1.939000000000000057e+00
2.947999999999999954e+00
3.895999999999999908e+00
4.790000000000000036e+00
6.759999999999999787e+00
7.549000000000000377e+00
9.746000000000000441e+00
1.185599999999999987e+01
1.378299999999999947e+01
1.652199999999999847e+01
1.951200000000000045e+01
2.316700000000000159e+01
2.854200000000000159e+01
3.518999999999999773e+01
4.185799999999999699e+01
5.082500000000000284e+01
6.014999999999999858e+01
7.213200000000000500e+01
8.892600000000000193e+01
1.066970000000000027e+02
1.308739999999999952e+02
1.595469999999999970e+02
1.946999999999999886e+02
2.321479999999999961e+02
2.763999999999999773e+02
3.298159999999999741e+02
3.991379999999999768e+02
4.863109999999999786e+02
5.884329999999999927e+02
7.144489999999999554e+02
8.402039999999999509e+02
1.011796000000000049e+03
1.228369999999999891e+03
1.462633000000000038e+03
1.774855999999999995e+03
2.141673999999999978e+03
2.568153999999999996e+03
3.113050000000000182e+03
3.758161999999999807e+03
4.609362000000000080e+03
5.560502000000000407e+03
6.633284999999999854e+03
7.831109000000000378e+03
9.639791999999999462e+03
