1.000000000000000000e+00
2.044000000000000039e+00
3.160000000000000142e+00
4.208000000000000185e+00
5.408000000000000362e+00
7.655999999999999694e+00
8.695999999999999730e+00
1.110399999999999920e+01
1.427599999999999980e+01
1.701599999999999824e+01
2.103999999999999915e+01
2.444399999999999906e+01
2.992399999999999949e+01
3.590400000000000347e+01
4.438799999999999812e+01
5.159199999999999875e+01
5.817199999999999704e+01
6.668800000000000239e+01
7.419199999999999307e+01
8.315200000000000102e+01
8.982399999999999807e+01
1.006959999999999980e+02
1.095600000000000023e+02
1.296160000000000139e+02
1.478000000000000114e+02
1.715120000000000005e+02
1.977040000000000077e+02
2.320879999999999939e+02
2.771399999999999864e+02
3.349920000000000186e+02
4.241200000000000045e+02
5.324719999999999800e+02
6.377000000000000455e+02
7.837119999999999891e+02
9.667759999999999536e+02
1.169579999999999927e+03
1.427615999999999985e+03
1.683288000000000011e+03
1.994751999999999953e+03
2.417184000000000196e+03
3.006639999999999873e+03
3.770351999999999862e+03
4.772960000000000036e+03
6.007264000000000124e+03
7.767420000000000073e+03
