1.000000000000000000e+00
2.003000000000000114e+00
3.200000000000000178e+00
4.243000000000000327e+00
5.440000000000000391e+00
7.408000000000000362e+00
8.185000000000000497e+00
9.900999999999999801e+00
1.122300000000000075e+01
1.289600000000000080e+01
1.485399999999999920e+01
1.672200000000000131e+01
1.893400000000000105e+01
2.140399999999999991e+01
2.493299999999999983e+01
2.796000000000000085e+01
3.217300000000000182e+01
3.737199999999999989e+01
4.244200000000000017e+01
5.060000000000000142e+01
5.919800000000000040e+01
7.251399999999999579e+01
9.018000000000000682e+01
1.104260000000000019e+02
1.354879999999999995e+02
1.689300000000000068e+02
2.098940000000000055e+02
2.525080000000000098e+02
3.132280000000000086e+02
3.864730000000000132e+02
4.763059999999999832e+02
6.067240000000000464e+02
7.659379999999999882e+02
9.425739999999999554e+02
1.186736000000000104e+03
1.523782999999999902e+03
1.883344000000000051e+03
2.408400000000000091e+03
2.988001999999999953e+03
3.636664000000000215e+03
4.403113999999999578e+03
5.365146999999999935e+03
6.576055999999999585e+03
7.933966999999999643e+03
9.732925999999999476e+03
