1.000000000000000000e+00
2.124000000000000110e+00
3.415999999999999925e+00
4.740000000000000213e+00
5.935999999999999943e+00
8.464000000000000412e+00
9.467999999999999972e+00
1.208799999999999919e+01
1.475600000000000023e+01
1.676000000000000156e+01
1.993599999999999994e+01
2.235200000000000031e+01
2.662000000000000099e+01
3.238400000000000034e+01
3.862400000000000233e+01
4.422399999999999665e+01
4.868399999999999750e+01
5.329599999999999937e+01
6.093599999999999994e+01
7.301600000000000534e+01
8.210800000000000409e+01
9.983199999999999363e+01
1.145720000000000027e+02
1.358160000000000025e+02
1.600480000000000018e+02
1.787680000000000007e+02
2.125680000000000121e+02
2.584879999999999995e+02
3.094039999999999964e+02
3.806440000000000055e+02
4.513199999999999932e+02
5.400879999999999654e+02
6.536399999999999864e+02
7.653440000000000509e+02
9.267200000000000273e+02
1.158443999999999960e+03
1.435680000000000064e+03
1.640576000000000022e+03
2.023544000000000096e+03
2.580583999999999833e+03
3.116927999999999884e+03
3.847532000000000153e+03
4.665271999999999935e+03
5.738243999999999687e+03
7.300712000000000444e+03
