1.000000000000000000e+00
2.068000000000000060e+00
3.200000000000000178e+00
4.392000000000000348e+00
5.647999999999999687e+00
8.007999999999999119e+00
9.412000000000000810e+00
1.198399999999999999e+01
1.446000000000000085e+01
1.632400000000000162e+01
1.946399999999999864e+01
2.236799999999999855e+01
2.569999999999999929e+01
3.053600000000000136e+01
3.756400000000000006e+01
4.344800000000000040e+01
4.935600000000000165e+01
5.475200000000000244e+01
6.168800000000000239e+01
6.674399999999999977e+01
7.490000000000000568e+01
9.213599999999999568e+01
1.074039999999999964e+02
1.228479999999999990e+02
1.440800000000000125e+02
1.646959999999999980e+02
1.847520000000000095e+02
2.100800000000000125e+02
2.495120000000000005e+02
3.024440000000000168e+02
3.616560000000000059e+02
4.496080000000000041e+02
5.956920000000000073e+02
7.330399999999999636e+02
8.448160000000000309e+02
1.057779999999999973e+03
1.305440000000000055e+03
1.557023999999999887e+03
1.934096000000000004e+03
2.449719999999999800e+03
2.929351999999999862e+03
3.702440000000000055e+03
4.619619999999999891e+03
5.839880000000000109e+03
7.640055999999999585e+03
