1.000000000000000000e+00
1.951999999999999957e+00
3.176000000000000156e+00
4.182000000000000384e+00
5.291999999999999815e+00
7.123999999999999666e+00
7.983999999999999986e+00
9.439000000000000057e+00
1.135999999999999943e+01
1.295800000000000018e+01
1.496599999999999930e+01
1.723799999999999955e+01
1.935900000000000176e+01
2.237199999999999989e+01
2.583599999999999852e+01
2.929200000000000159e+01
3.360300000000000153e+01
3.947200000000000131e+01
4.515800000000000125e+01
5.446999999999999886e+01
6.602599999999999625e+01
7.951800000000000068e+01
9.825600000000000023e+01
1.197420000000000044e+02
1.453199999999999932e+02
1.825000000000000000e+02
2.244379999999999882e+02
2.745360000000000014e+02
3.332660000000000196e+02
4.102139999999999986e+02
5.032200000000000273e+02
6.176240000000000236e+02
7.527870000000000346e+02
9.280620000000000118e+02
1.168853000000000065e+03
1.486247000000000071e+03
1.876779999999999973e+03
2.314679999999999836e+03
2.952733999999999924e+03
3.596166000000000167e+03
4.512547999999999774e+03
5.505362000000000080e+03
6.602695999999999913e+03
8.058519000000000233e+03
9.626101000000000568e+03
