1.000000000000000000e+00
1.939999999999999947e+00
2.903999999999999915e+00
3.959000000000000075e+00
5.056000000000000050e+00
6.969999999999999751e+00
7.982999999999999652e+00
1.006300000000000061e+01
1.223399999999999999e+01
1.401900000000000013e+01
1.689799999999999969e+01
1.991900000000000048e+01
2.416400000000000148e+01
2.923600000000000065e+01
3.694500000000000028e+01
4.396000000000000085e+01
5.385999999999999943e+01
6.694599999999999795e+01
8.160599999999999454e+01
9.754399999999999693e+01
1.196850000000000023e+02
1.448480000000000132e+02
1.715229999999999961e+02
2.091800000000000068e+02
2.468180000000000121e+02
2.913020000000000209e+02
3.472799999999999727e+02
4.215079999999999814e+02
5.072620000000000005e+02
6.156699999999999591e+02
7.497559999999999718e+02
8.918179999999999836e+02
1.054537000000000035e+03
1.277403999999999996e+03
1.569593000000000075e+03
1.881672000000000025e+03
2.258974000000000160e+03
2.673699999999999818e+03
3.165878000000000156e+03
3.852360000000000127e+03
4.612003999999999905e+03
5.475770000000000437e+03
6.588729000000000269e+03
8.071307999999999993e+03
9.652188000000000102e+03
