1.000000000000000000e+00
2.068000000000000060e+00
3.224000000000000199e+00
4.304000000000000270e+00
5.352000000000000313e+00
7.919999999999999929e+00
9.247999999999999332e+00
1.155199999999999960e+01
1.365199999999999925e+01
1.608800000000000097e+01
1.915200000000000102e+01
2.242399999999999949e+01
2.605600000000000094e+01
3.194399999999999906e+01
3.970799999999999841e+01
4.855199999999999960e+01
5.484400000000000119e+01
6.400000000000000000e+01
7.608799999999999386e+01
9.326399999999999579e+01
1.114519999999999982e+02
1.308480000000000132e+02
1.543839999999999861e+02
1.845440000000000111e+02
2.111839999999999975e+02
2.497119999999999891e+02
2.896080000000000041e+02
3.543999999999999773e+02
4.550640000000000214e+02
5.655240000000000009e+02
7.137200000000000273e+02
8.443600000000000136e+02
9.924239999999999782e+02
1.236144000000000005e+03
1.409907999999999902e+03
1.795440000000000055e+03
2.170903999999999996e+03
2.654063999999999851e+03
3.078032000000000153e+03
3.777632000000000062e+03
4.344887999999999920e+03
5.390323999999999614e+03
6.708836000000000240e+03
8.171203999999999724e+03
9.847332000000000335e+03
