1.000000000000000000e+00
2.104000000000000092e+00
3.032000000000000028e+00
3.927999999999999936e+00
4.871999999999999886e+00
6.831999999999999851e+00
7.879999999999999893e+00
9.704000000000000625e+00
1.160399999999999920e+01
1.363199999999999967e+01
1.723999999999999844e+01
2.029200000000000159e+01
2.458399999999999963e+01
3.100799999999999912e+01
3.915200000000000102e+01
4.668800000000000239e+01
5.467999999999999972e+01
6.335199999999999676e+01
7.580800000000000693e+01
8.904800000000000182e+01
1.063479999999999990e+02
1.281839999999999975e+02
1.468280000000000030e+02
1.768000000000000114e+02
2.151599999999999966e+02
2.529519999999999982e+02
2.995120000000000005e+02
3.583600000000000136e+02
4.532719999999999914e+02
5.575520000000000209e+02
7.013640000000000327e+02
8.882079999999999700e+02
1.065660000000000082e+03
1.281071999999999889e+03
1.551304000000000087e+03
1.800023999999999887e+03
2.210351999999999862e+03
2.702079999999999927e+03
3.097079999999999927e+03
3.719480000000000018e+03
4.663376000000000204e+03
5.492115999999999985e+03
6.681275999999999840e+03
8.144108000000000175e+03
9.587727999999999156e+03
