1.000000000000000000e+00
2.004000000000000004e+00
3.008000000000000007e+00
4.120000000000000107e+00
5.232000000000000206e+00
7.376000000000000334e+00
8.567999999999999616e+00
1.038400000000000034e+01
1.325200000000000067e+01
1.561999999999999922e+01
1.919999999999999929e+01
2.238400000000000034e+01
2.734400000000000119e+01
3.264800000000000324e+01
4.009599999999999653e+01
4.635199999999999676e+01
5.461999999999999744e+01
6.419199999999999307e+01
7.635999999999999943e+01
9.099200000000000443e+01
1.082720000000000056e+02
1.271760000000000019e+02
1.522479999999999905e+02
1.882959999999999923e+02
2.254879999999999995e+02
2.668480000000000132e+02
3.016240000000000236e+02
3.750720000000000027e+02
4.604239999999999782e+02
5.427920000000000300e+02
6.569640000000000555e+02
7.773519999999999754e+02
1.027615999999999985e+03
1.272960000000000036e+03
1.586192000000000007e+03
1.963955999999999904e+03
2.341208000000000084e+03
2.819664000000000215e+03
3.501039999999999964e+03
4.106376000000000204e+03
4.821863999999999578e+03
5.831804000000000087e+03
6.802688000000000102e+03
7.843895999999999731e+03
9.342036000000000058e+03
