1.000000000000000000e+00
1.975999999999999979e+00
2.927999999999999936e+00
4.152000000000000135e+00
5.328000000000000291e+00
7.416000000000000369e+00
8.487999999999999545e+00
1.093999999999999950e+01
1.301600000000000001e+01
1.502399999999999913e+01
1.819200000000000017e+01
2.147599999999999909e+01
2.652799999999999869e+01
3.140800000000000125e+01
3.898400000000000176e+01
4.725600000000000023e+01
5.683200000000000074e+01
6.864000000000000057e+01
8.183199999999999363e+01
9.351200000000000045e+01
1.115919999999999987e+02
1.355759999999999934e+02
1.651160000000000139e+02
1.945600000000000023e+02
2.387839999999999918e+02
2.914959999999999809e+02
3.548319999999999936e+02
4.157359999999999900e+02
4.961999999999999886e+02
6.116680000000000064e+02
7.295919999999999845e+02
8.760800000000000409e+02
1.009244000000000028e+03
1.239519999999999982e+03
1.564403999999999996e+03
1.845448000000000093e+03
2.254711999999999989e+03
2.724800000000000182e+03
3.403152000000000044e+03
4.190783999999999651e+03
4.957448000000000320e+03
5.738503999999999905e+03
6.931688000000000102e+03
8.136724000000000160e+03
9.947832000000000335e+03
