1.000000000000000000e+00
1.901000000000000023e+00
3.208000000000000185e+00
4.270999999999999908e+00
5.357999999999999652e+00
7.480000000000000426e+00
8.342000000000000526e+00
1.011100000000000065e+01
1.160899999999999999e+01
1.309299999999999997e+01
1.510200000000000031e+01
1.718799999999999883e+01
1.952499999999999858e+01
2.267800000000000082e+01
2.592200000000000060e+01
2.937000000000000099e+01
3.385499999999999687e+01
3.860000000000000142e+01
4.325600000000000023e+01
5.231400000000000006e+01
6.271099999999999852e+01
7.484600000000000364e+01
9.000799999999999557e+01
1.096320000000000050e+02
1.341359999999999957e+02
1.676719999999999970e+02
2.063420000000000130e+02
2.492460000000000093e+02
3.084499999999999886e+02
3.794889999999999759e+02
4.719619999999999891e+02
5.851820000000000164e+02
7.204500000000000455e+02
8.991000000000000227e+02
1.125230999999999995e+03
1.452393000000000029e+03
1.849284000000000106e+03
2.335250000000000000e+03
2.887036000000000058e+03
3.577052000000000135e+03
4.310021999999999935e+03
5.284163999999999760e+03
6.530570999999999913e+03
8.176445999999999913e+03
9.936825000000000728e+03
