1.000000000000000000e+00
2.076000000000000068e+00
3.351999999999999869e+00
4.524000000000000021e+00
5.464000000000000412e+00
7.631999999999999673e+00
8.816000000000000725e+00
1.077599999999999980e+01
1.317999999999999972e+01
1.563599999999999923e+01
1.871999999999999886e+01
2.227599999999999980e+01
2.591199999999999903e+01
3.064799999999999969e+01
3.769200000000000017e+01
4.593599999999999994e+01
5.889600000000000080e+01
6.814400000000000546e+01
7.719199999999999307e+01
9.624800000000000466e+01
1.149680000000000035e+02
1.299039999999999964e+02
1.533880000000000052e+02
1.937040000000000077e+02
2.357439999999999998e+02
2.678480000000000132e+02
3.396800000000000068e+02
4.111200000000000045e+02
4.995439999999999827e+02
6.078920000000000528e+02
7.200839999999999463e+02
8.750080000000000382e+02
1.029192000000000007e+03
1.239127999999999929e+03
1.478064000000000078e+03
1.804048000000000002e+03
2.151568000000000211e+03
2.598360000000000127e+03
3.283728000000000065e+03
4.041536000000000058e+03
4.878015999999999622e+03
5.812260000000000218e+03
7.006416000000000167e+03
8.404579999999999927e+03
1.064881600000000071e+04
