1.000000000000000000e+00
1.991000000000000103e+00
3.084000000000000075e+00
4.128000000000000114e+00
5.217999999999999972e+00
7.131999999999999673e+00
8.141000000000000014e+00
1.024499999999999922e+01
1.232099999999999973e+01
1.439100000000000001e+01
1.728800000000000026e+01
2.017200000000000060e+01
2.449699999999999989e+01
2.953000000000000114e+01
3.632399999999999807e+01
4.329399999999999693e+01
5.253199999999999648e+01
6.342999999999999972e+01
7.529000000000000625e+01
9.321999999999999886e+01
1.112750000000000057e+02
1.327100000000000080e+02
1.604039999999999964e+02
1.937419999999999902e+02
2.365999999999999943e+02
2.856299999999999955e+02
3.482599999999999909e+02
4.258020000000000209e+02
5.120869999999999891e+02
6.241779999999999973e+02
7.523060000000000400e+02
9.144180000000000064e+02
1.084799999999999955e+03
1.296509999999999991e+03
1.573311999999999898e+03
1.860092000000000098e+03
2.257695999999999913e+03
2.714713999999999942e+03
3.280280000000000200e+03
3.940269999999999982e+03
4.796184000000000196e+03
5.690881000000000313e+03
6.990685999999999694e+03
8.375887000000000626e+03
1.005174400000000060e+04
