1.000000000000000000e+00
2.116000000000000103e+00
3.128000000000000114e+00
3.859999999999999876e+00
5.040000000000000036e+00
7.080000000000000071e+00
8.012000000000000455e+00
9.923999999999999488e+00
1.165199999999999925e+01
1.306400000000000006e+01
1.645599999999999952e+01
1.935200000000000031e+01
2.417599999999999838e+01
2.938400000000000034e+01
3.688400000000000034e+01
4.447999999999999687e+01
5.389600000000000080e+01
6.615999999999999659e+01
7.897599999999999909e+01
9.186400000000000432e+01
1.167399999999999949e+02
1.380080000000000098e+02
1.617439999999999998e+02
1.961119999999999948e+02
2.244000000000000057e+02
2.766879999999999882e+02
3.273600000000000136e+02
4.020000000000000000e+02
4.906399999999999864e+02
5.953759999999999764e+02
7.324560000000000173e+02
8.524719999999999800e+02
1.069743999999999915e+03
1.218167999999999893e+03
1.469544000000000096e+03
1.726948000000000093e+03
2.125376000000000204e+03
2.497648000000000138e+03
3.188000000000000000e+03
3.897719999999999800e+03
4.385648000000000138e+03
5.570212000000000444e+03
6.789800000000000182e+03
8.440120000000000800e+03
1.016363199999999961e+04
