1.000000000000000000e+00
1.941999999999999948e+00
2.946000000000000174e+00
3.955000000000000071e+00
5.096000000000000085e+00
7.019999999999999574e+00
7.908000000000000362e+00
9.987999999999999545e+00
1.205799999999999983e+01
1.418399999999999928e+01
1.730399999999999849e+01
1.987999999999999901e+01
2.378900000000000148e+01
2.873000000000000043e+01
3.549300000000000210e+01
4.245199999999999818e+01
5.189000000000000057e+01
6.217199999999999704e+01
7.451800000000000068e+01
8.999200000000000443e+01
1.101620000000000061e+02
1.300360000000000014e+02
1.574010000000000105e+02
1.916639999999999873e+02
2.219979999999999905e+02
2.655919999999999845e+02
3.219499999999999886e+02
3.930079999999999814e+02
4.755330000000000155e+02
5.730650000000000546e+02
7.084980000000000473e+02
8.656040000000000418e+02
1.042194999999999936e+03
1.258705999999999904e+03
1.471778000000000020e+03
1.781240999999999985e+03
2.147315999999999804e+03
2.621827999999999975e+03
3.164532000000000153e+03
3.829405999999999949e+03
4.626332000000000335e+03
5.623599000000000160e+03
6.794747999999999593e+03
8.319876000000000204e+03
1.014990600000000086e+04
