1.000000000000000000e+00
2.044000000000000039e+00
3.040000000000000036e+00
4.080000000000000071e+00
5.551999999999999602e+00
8.039999999999999147e+00
9.099999999999999645e+00
1.123199999999999932e+01
1.374399999999999977e+01
1.612399999999999878e+01
2.007999999999999829e+01
2.336400000000000077e+01
2.730799999999999983e+01
3.136799999999999855e+01
3.937599999999999767e+01
4.466400000000000148e+01
5.153199999999999648e+01
5.922399999999999665e+01
6.629600000000000648e+01
7.525600000000000023e+01
8.700400000000000489e+01
9.685599999999999454e+01
1.028840000000000003e+02
1.182319999999999993e+02
1.377920000000000016e+02
1.590480000000000018e+02
1.882959999999999923e+02
2.284159999999999968e+02
2.681560000000000059e+02
3.257959999999999923e+02
3.860600000000000023e+02
4.651759999999999877e+02
6.036799999999999500e+02
7.823279999999999745e+02
9.737999999999999545e+02
1.207996000000000095e+03
1.538455999999999904e+03
1.784559999999999945e+03
2.064751999999999953e+03
2.612704000000000178e+03
3.003639999999999873e+03
3.667920000000000073e+03
4.610387999999999920e+03
5.688279999999999745e+03
7.296444000000000415e+03
