1.000000000000000000e+00
1.993000000000000105e+00
3.112000000000000099e+00
4.177999999999999936e+00
5.267999999999999794e+00
7.280000000000000249e+00
8.198000000000000398e+00
1.014400000000000013e+01
1.208799999999999919e+01
1.357799999999999940e+01
1.644600000000000151e+01
1.906500000000000128e+01
2.260099999999999909e+01
2.726599999999999824e+01
3.352400000000000091e+01
3.992000000000000171e+01
4.732699999999999818e+01
5.840200000000000102e+01
6.937399999999999523e+01
8.515399999999999636e+01
1.046700000000000017e+02
1.264759999999999991e+02
1.522050000000000125e+02
1.862239999999999895e+02
2.314139999999999873e+02
2.759039999999999964e+02
3.339780000000000086e+02
4.071739999999999782e+02
4.914250000000000114e+02
5.875359999999999445e+02
7.043350000000000364e+02
8.709959999999999809e+02
1.072066000000000031e+03
1.295125999999999976e+03
1.556836000000000013e+03
1.871633000000000038e+03
2.229027999999999793e+03
2.649525999999999840e+03
3.183458000000000084e+03
3.846429999999999836e+03
4.607354000000000269e+03
5.527873999999999796e+03
6.748900999999999840e+03
8.063849000000000160e+03
9.932161000000000058e+03
