1.000000000000000000e+00
2.021999999999999797e+00
3.205999999999999961e+00
4.336999999999999744e+00
5.410000000000000142e+00
7.341999999999999638e+00
8.305999999999999162e+00
1.007199999999999918e+01
1.176900000000000013e+01
1.321400000000000041e+01
1.554400000000000048e+01
1.757700000000000173e+01
2.010200000000000031e+01
2.284600000000000009e+01
2.662199999999999989e+01
3.021799999999999997e+01
3.464399999999999835e+01
4.064000000000000057e+01
4.629999999999999716e+01
5.359799999999999898e+01
6.269400000000000261e+01
7.278799999999999670e+01
8.754099999999999682e+01
1.087060000000000031e+02
1.397199999999999989e+02
1.766740000000000066e+02
2.145819999999999936e+02
2.613519999999999754e+02
3.300040000000000191e+02
4.041669999999999732e+02
4.854359999999999786e+02
6.000399999999999636e+02
7.458730000000000473e+02
9.417999999999999545e+02
1.173894000000000005e+03
1.433050999999999931e+03
1.802367999999999938e+03
2.252418000000000120e+03
2.807141999999999825e+03
3.454378000000000156e+03
4.334904000000000451e+03
5.279000000000000000e+03
6.331003999999999905e+03
7.936658000000000357e+03
9.510301999999999680e+03
