1.000000000000000000e+00
1.947999999999999954e+00
3.080000000000000071e+00
4.248000000000000220e+00
5.424000000000000377e+00
7.887999999999999901e+00
9.243999999999999773e+00
1.160399999999999920e+01
1.353200000000000003e+01
1.535200000000000031e+01
1.858399999999999963e+01
2.221999999999999886e+01
2.621600000000000108e+01
3.163200000000000145e+01
3.845199999999999818e+01
4.496000000000000085e+01
5.071999999999999886e+01
6.186399999999999721e+01
6.991200000000000614e+01
7.895999999999999375e+01
9.021999999999999886e+01
1.031919999999999931e+02
1.240600000000000023e+02
1.350480000000000018e+02
1.522239999999999895e+02
1.782640000000000100e+02
2.005440000000000111e+02
2.285200000000000102e+02
2.801440000000000055e+02
3.182640000000000100e+02
3.733639999999999759e+02
4.570079999999999814e+02
5.484039999999999964e+02
6.951040000000000418e+02
8.660320000000000391e+02
1.119183999999999969e+03
1.401263999999999896e+03
1.707344000000000051e+03
2.115615999999999985e+03
2.619592000000000098e+03
3.052128000000000156e+03
3.796396000000000186e+03
4.825439999999999600e+03
5.988747999999999593e+03
7.736555999999999585e+03
