1.000000000000000000e+00
1.965999999999999970e+00
3.013999999999999790e+00
3.995000000000000107e+00
5.043999999999999595e+00
6.950000000000000178e+00
7.783000000000000362e+00
9.805999999999999162e+00
1.193900000000000006e+01
1.380300000000000082e+01
1.679200000000000159e+01
1.964499999999999957e+01
2.355199999999999960e+01
2.842200000000000060e+01
3.496699999999999875e+01
4.252199999999999847e+01
5.255499999999999972e+01
6.420199999999999818e+01
7.693200000000000216e+01
9.267400000000000659e+01
1.086069999999999993e+02
1.315500000000000114e+02
1.582820000000000107e+02
1.947740000000000009e+02
2.292959999999999923e+02
2.798740000000000236e+02
3.426240000000000236e+02
4.244639999999999986e+02
5.085110000000000241e+02
6.105339999999999918e+02
7.495410000000000537e+02
9.011259999999999764e+02
1.098179000000000087e+03
1.288511999999999944e+03
1.543238000000000056e+03
1.865625000000000000e+03
2.209927999999999884e+03
2.713704000000000178e+03
3.276925999999999931e+03
3.893047999999999774e+03
4.720858000000000175e+03
5.761417999999999665e+03
6.949608000000000175e+03
8.370655000000000655e+03
1.001203600000000006e+04
