1.000000000000000000e+00
2.020000000000000018e+00
3.053999999999999826e+00
4.157000000000000028e+00
5.275999999999999801e+00
7.230000000000000426e+00
8.285000000000000142e+00
1.014000000000000057e+01
1.235200000000000031e+01
1.441099999999999959e+01
1.755799999999999983e+01
2.000700000000000145e+01
2.382600000000000051e+01
2.782799999999999940e+01
3.421600000000000108e+01
4.140200000000000102e+01
4.934300000000000352e+01
5.834000000000000341e+01
6.944599999999999795e+01
8.560200000000000387e+01
1.050439999999999969e+02
1.261719999999999970e+02
1.531999999999999886e+02
1.846920000000000073e+02
2.197500000000000000e+02
2.673980000000000246e+02
3.296220000000000141e+02
4.026440000000000055e+02
4.784619999999999891e+02
5.813640000000000327e+02
7.138070000000000164e+02
8.659320000000000164e+02
1.041265000000000100e+03
1.269715999999999894e+03
1.513820999999999913e+03
1.862672000000000025e+03
2.258356000000000222e+03
2.658418000000000120e+03
3.183545999999999822e+03
3.796731999999999971e+03
4.505445999999999913e+03
5.491372999999999593e+03
6.734234999999999673e+03
8.230470999999999549e+03
1.008427800000000025e+04
