1.000000000000000000e+00
1.937999999999999945e+00
3.000000000000000000e+00
4.014999999999999680e+00
5.118000000000000327e+00
6.966000000000000192e+00
7.972999999999999865e+00
9.865000000000000213e+00
1.171299999999999919e+01
1.370899999999999963e+01
1.610399999999999920e+01
1.881500000000000128e+01
2.233800000000000097e+01
2.657999999999999829e+01
3.316499999999999915e+01
4.015800000000000125e+01
4.870799999999999841e+01
5.887400000000000233e+01
6.973199999999999932e+01
8.318399999999999750e+01
1.019170000000000016e+02
1.245220000000000056e+02
1.522489999999999952e+02
1.843100000000000023e+02
2.250240000000000009e+02
2.722119999999999891e+02
3.360840000000000032e+02
4.020140000000000100e+02
4.843890000000000100e+02
5.901490000000000009e+02
7.165380000000000109e+02
8.468640000000000327e+02
1.032261999999999944e+03
1.264092000000000098e+03
1.491212999999999965e+03
1.816896999999999935e+03
2.161264000000000124e+03
2.601623999999999796e+03
3.194000000000000000e+03
3.781217999999999847e+03
4.701341999999999643e+03
5.675645999999999731e+03
6.739927999999999884e+03
8.069845999999999549e+03
9.802012000000000626e+03
