1.000000000000000000e+00
1.911999999999999922e+00
3.184000000000000163e+00
4.224000000000000199e+00
5.328000000000000291e+00
7.280000000000000249e+00
8.476000000000000867e+00
1.028800000000000026e+01
1.251999999999999957e+01
1.434399999999999942e+01
1.837600000000000122e+01
2.151999999999999957e+01
2.563200000000000145e+01
3.012000000000000099e+01
3.694800000000000040e+01
4.303999999999999915e+01
5.146399999999999864e+01
6.195199999999999818e+01
7.435999999999999943e+01
9.533599999999999852e+01
1.122159999999999940e+02
1.416080000000000041e+02
1.721959999999999980e+02
2.028959999999999866e+02
2.395600000000000023e+02
2.885280000000000200e+02
3.449599999999999795e+02
4.257200000000000273e+02
5.092799999999999727e+02
6.128400000000000318e+02
7.386079999999999472e+02
9.036159999999999854e+02
1.048124000000000024e+03
1.215680000000000064e+03
1.452971999999999980e+03
1.726912000000000035e+03
2.176063999999999851e+03
2.669775999999999840e+03
3.277152000000000044e+03
4.210032000000000153e+03
4.974479999999999563e+03
5.879916000000000167e+03
7.004435999999999694e+03
8.406343999999999141e+03
1.018248799999999937e+04
