1.000000000000000000e+00
1.939999999999999947e+00
3.049999999999999822e+00
4.068999999999999950e+00
5.043999999999999595e+00
7.080000000000000071e+00
8.003000000000000114e+00
9.910999999999999588e+00
1.154199999999999982e+01
1.357199999999999918e+01
1.647200000000000131e+01
1.928699999999999903e+01
2.310600000000000165e+01
2.761199999999999832e+01
3.525200000000000244e+01
4.261200000000000188e+01
5.012899999999999778e+01
5.850999999999999801e+01
6.987999999999999545e+01
8.401800000000000068e+01
1.028449999999999989e+02
1.251700000000000017e+02
1.560589999999999975e+02
1.939019999999999868e+02
2.329759999999999991e+02
2.834139999999999873e+02
3.389180000000000064e+02
4.113500000000000227e+02
5.001870000000000118e+02
5.981130000000000564e+02
7.171689999999999827e+02
8.585960000000000036e+02
1.058660000000000082e+03
1.287900000000000091e+03
1.550743999999999915e+03
1.870282999999999902e+03
2.209288000000000011e+03
2.693472000000000207e+03
3.265434000000000196e+03
3.959148000000000138e+03
4.661386000000000422e+03
5.758435999999999694e+03
6.884573000000000320e+03
8.234920000000000073e+03
9.819485000000000582e+03
