1.000000000000000000e+00
1.983999999999999986e+00
2.767999999999999794e+00
3.736000000000000210e+00
4.759999999999999787e+00
6.655999999999999694e+00
7.551999999999999602e+00
9.695999999999999730e+00
1.200399999999999956e+01
1.398399999999999999e+01
1.716799999999999926e+01
1.998400000000000176e+01
2.384400000000000119e+01
2.978399999999999892e+01
3.718800000000000239e+01
4.324000000000000199e+01
5.205199999999999960e+01
6.025600000000000023e+01
6.960800000000000409e+01
8.815200000000000102e+01
1.116320000000000050e+02
1.328079999999999927e+02
1.674519999999999982e+02
1.993839999999999861e+02
2.385279999999999916e+02
2.846159999999999854e+02
3.556399999999999864e+02
4.167040000000000077e+02
4.961519999999999868e+02
6.090520000000000209e+02
7.341040000000000418e+02
8.609039999999999964e+02
1.053160000000000082e+03
1.281880000000000109e+03
1.588627999999999929e+03
1.986948000000000093e+03
2.328271999999999935e+03
2.785032000000000153e+03
3.419807999999999993e+03
3.979423999999999978e+03
4.840064000000000306e+03
5.695380000000000109e+03
6.837351999999999862e+03
7.958684000000000196e+03
9.390388000000000829e+03
