1.000000000000000000e+00
2.036000000000000032e+00
3.176000000000000156e+00
4.008000000000000007e+00
5.064000000000000057e+00
7.040000000000000036e+00
8.124000000000000554e+00
9.708000000000000185e+00
1.168800000000000061e+01
1.413199999999999967e+01
1.719999999999999929e+01
2.003999999999999915e+01
2.315200000000000102e+01
2.720799999999999841e+01
3.414800000000000324e+01
4.067199999999999704e+01
5.046399999999999864e+01
6.284799999999999898e+01
7.325600000000000023e+01
8.876800000000000068e+01
1.055199999999999960e+02
1.288000000000000114e+02
1.535999999999999943e+02
1.889679999999999893e+02
2.256399999999999864e+02
2.745919999999999845e+02
3.284959999999999809e+02
3.851759999999999877e+02
4.540559999999999832e+02
5.684919999999999618e+02
7.019560000000000173e+02
8.298799999999999955e+02
1.001827999999999975e+03
1.186223999999999933e+03
1.505567999999999984e+03
1.785619999999999891e+03
2.342271999999999935e+03
2.825599999999999909e+03
3.409992000000000189e+03
4.139336000000000240e+03
4.841072000000000116e+03
5.704315999999999804e+03
6.964863999999999578e+03
8.571584000000000742e+03
1.014418800000000010e+04
