1.000000000000000000e+00
2.024000000000000021e+00
3.136000000000000121e+00
4.304000000000000270e+00
5.503999999999999559e+00
7.839999999999999858e+00
8.992000000000000881e+00
1.082000000000000028e+01
1.358000000000000007e+01
1.572000000000000064e+01
1.947200000000000131e+01
2.316400000000000148e+01
2.734400000000000119e+01
3.275200000000000244e+01
4.116400000000000148e+01
5.012800000000000011e+01
6.460399999999999920e+01
7.417600000000000193e+01
8.295999999999999375e+01
9.848799999999999955e+01
1.188799999999999955e+02
1.429679999999999893e+02
1.640680000000000121e+02
1.983600000000000136e+02
2.368559999999999945e+02
2.735760000000000218e+02
3.399039999999999964e+02
4.190480000000000018e+02
4.809320000000000164e+02
5.979120000000000346e+02
7.019239999999999782e+02
8.780639999999999645e+02
1.089491999999999962e+03
1.381359999999999900e+03
1.614607999999999947e+03
1.935516000000000076e+03
2.281815999999999804e+03
2.673583999999999833e+03
3.177632000000000062e+03
3.778175999999999931e+03
4.497184000000000196e+03
5.413859999999999673e+03
6.492163999999999760e+03
8.051908000000000357e+03
9.574611999999999171e+03
