1.000000000000000000e+00
1.911999999999999922e+00
3.032000000000000028e+00
4.147999999999999687e+00
5.088000000000000078e+00
7.056000000000000050e+00
8.192000000000000171e+00
1.046799999999999997e+01
1.229599999999999937e+01
1.401999999999999957e+01
1.672800000000000153e+01
1.937600000000000122e+01
2.328399999999999892e+01
2.761599999999999966e+01
3.391599999999999682e+01
4.172800000000000153e+01
4.894800000000000040e+01
5.921600000000000108e+01
7.150400000000000489e+01
8.516800000000000637e+01
9.983199999999999363e+01
1.310960000000000036e+02
1.577040000000000077e+02
1.918640000000000043e+02
2.308160000000000025e+02
2.781200000000000045e+02
3.248000000000000114e+02
3.972799999999999727e+02
4.684080000000000155e+02
5.831359999999999673e+02
7.187559999999999718e+02
8.372880000000000109e+02
1.025955999999999904e+03
1.234296000000000049e+03
1.428935999999999922e+03
1.691816000000000031e+03
2.074224000000000160e+03
2.558384000000000015e+03
3.101215999999999894e+03
3.908856000000000222e+03
4.881792000000000371e+03
5.816760000000000218e+03
6.844884000000000015e+03
8.355592000000000553e+03
9.744175999999999476e+03
