1.000000000000000000e+00
1.991999999999999993e+00
3.192000000000000171e+00
4.152000000000000135e+00
5.392000000000000348e+00
7.535999999999999588e+00
8.708000000000000185e+00
1.077999999999999936e+01
1.322400000000000020e+01
1.535999999999999943e+01
1.866400000000000148e+01
2.229200000000000159e+01
2.790399999999999991e+01
3.506400000000000006e+01
4.125999999999999801e+01
5.016799999999999926e+01
5.988799999999999812e+01
6.938400000000000034e+01
7.777599999999999625e+01
8.959199999999999875e+01
1.103640000000000043e+02
1.295440000000000111e+02
1.532079999999999984e+02
1.862479999999999905e+02
2.167760000000000105e+02
2.522800000000000011e+02
2.987679999999999723e+02
3.764959999999999809e+02
4.645439999999999827e+02
5.579840000000000373e+02
6.854279999999999973e+02
8.420720000000000027e+02
1.045799999999999955e+03
1.290144000000000005e+03
1.506935999999999922e+03
1.782819999999999936e+03
2.069199999999999818e+03
2.482032000000000153e+03
2.979831999999999880e+03
3.574119999999999891e+03
4.504119999999999891e+03
5.541975999999999658e+03
6.680036000000000058e+03
7.629492000000000189e+03
9.850584000000000742e+03
