1.000000000000000000e+00
1.991000000000000103e+00
3.108000000000000096e+00
4.136999999999999567e+00
5.102000000000000313e+00
7.216000000000000192e+00
8.244999999999999218e+00
1.036299999999999955e+01
1.211700000000000088e+01
1.382399999999999984e+01
1.629400000000000048e+01
1.887699999999999889e+01
2.271300000000000097e+01
2.671999999999999886e+01
3.338400000000000034e+01
3.990400000000000347e+01
4.795700000000000074e+01
5.830400000000000205e+01
7.071800000000000352e+01
8.628600000000000136e+01
1.028010000000000019e+02
1.265439999999999969e+02
1.572529999999999859e+02
1.923280000000000030e+02
2.394459999999999980e+02
2.888600000000000136e+02
3.434159999999999968e+02
4.106859999999999786e+02
5.045699999999999932e+02
6.202720000000000482e+02
7.469180000000000064e+02
9.013999999999999773e+02
1.053589999999999918e+03
1.246978000000000065e+03
1.506945999999999913e+03
1.812801999999999907e+03
2.227956000000000131e+03
2.644550000000000182e+03
3.263498000000000047e+03
3.922637999999999920e+03
4.704305999999999585e+03
5.461248999999999796e+03
6.667519000000000233e+03
7.922194999999999709e+03
9.697407999999999447e+03
