1.000000000000000000e+00
1.961999999999999966e+00
3.160000000000000142e+00
4.241999999999999993e+00
5.501999999999999780e+00
7.604000000000000092e+00
8.448999999999999844e+00
1.004299999999999926e+01
1.167999999999999972e+01
1.312500000000000000e+01
1.524399999999999977e+01
1.725499999999999901e+01
1.948600000000000065e+01
2.224800000000000111e+01
2.621499999999999986e+01
2.953200000000000003e+01
3.477900000000000347e+01
4.179800000000000182e+01
4.732600000000000051e+01
5.473199999999999932e+01
6.453400000000000603e+01
7.812999999999999545e+01
9.474699999999999989e+01
1.174899999999999949e+02
1.441119999999999948e+02
1.696860000000000070e+02
2.046440000000000055e+02
2.506680000000000064e+02
3.063600000000000136e+02
3.777420000000000186e+02
4.648299999999999841e+02
5.713600000000000136e+02
7.288750000000000000e+02
9.133200000000000500e+02
1.134993999999999915e+03
1.417910000000000082e+03
1.765243999999999915e+03
2.221764000000000124e+03
2.846333999999999833e+03
3.490634000000000015e+03
4.219177999999999884e+03
5.171981999999999971e+03
6.188048999999999978e+03
7.538676000000000386e+03
9.128218000000000757e+03
