1.000000000000000000e+00
2.000000000000000000e+00
3.008000000000000007e+00
4.099999999999999645e+00
5.168000000000000149e+00
7.272000000000000242e+00
8.307999999999999829e+00
1.003999999999999915e+01
1.212400000000000055e+01
1.385599999999999987e+01
1.711199999999999832e+01
2.027199999999999847e+01
2.385600000000000165e+01
2.868799999999999883e+01
3.608800000000000097e+01
4.481600000000000250e+01
5.235199999999999676e+01
6.243999999999999773e+01
7.398399999999999466e+01
8.904000000000000625e+01
1.078239999999999981e+02
1.259039999999999964e+02
1.547520000000000095e+02
1.810000000000000000e+02
2.282239999999999895e+02
2.814239999999999782e+02
3.377040000000000077e+02
4.262880000000000109e+02
5.050919999999999845e+02
6.021119999999999663e+02
7.072839999999999918e+02
8.682000000000000455e+02
1.057867999999999938e+03
1.232327999999999975e+03
1.491491999999999962e+03
1.751291999999999916e+03
2.145168000000000120e+03
2.543248000000000047e+03
3.121615999999999985e+03
3.711735999999999876e+03
4.451815999999999804e+03
5.654524000000000342e+03
6.865148000000000138e+03
8.559727999999999156e+03
1.018810399999999936e+04
