1.000000000000000000e+00
1.999000000000000110e+00
3.274000000000000021e+00
4.368999999999999773e+00
5.543999999999999595e+00
7.623999999999999666e+00
8.502000000000000668e+00
1.045400000000000063e+01
1.202899999999999991e+01
1.342999999999999972e+01
1.546799999999999997e+01
1.732300000000000040e+01
1.951500000000000057e+01
2.234199999999999875e+01
2.723600000000000065e+01
3.071799999999999997e+01
3.589399999999999835e+01
4.167999999999999972e+01
4.894200000000000017e+01
5.641799999999999926e+01
6.819899999999999807e+01
8.162399999999999523e+01
9.862500000000000000e+01
1.192039999999999935e+02
1.414180000000000064e+02
1.753160000000000025e+02
2.162419999999999902e+02
2.668860000000000241e+02
3.240670000000000073e+02
3.883070000000000164e+02
4.771840000000000259e+02
5.970140000000000100e+02
7.520470000000000255e+02
9.241499999999999773e+02
1.177219000000000051e+03
1.457701000000000022e+03
1.811809999999999945e+03
2.267626000000000204e+03
2.758918000000000120e+03
3.385594000000000051e+03
4.108644000000000233e+03
5.091542000000000371e+03
6.310296999999999571e+03
7.803387999999999920e+03
9.415167999999999665e+03
