1.000000000000000000e+00
2.024000000000000021e+00
3.144000000000000128e+00
4.144000000000000128e+00
5.200000000000000178e+00
7.719999999999999751e+00
8.983999999999999986e+00
1.130400000000000027e+01
1.350799999999999912e+01
1.624800000000000111e+01
1.992800000000000082e+01
2.408800000000000097e+01
2.812800000000000011e+01
3.228799999999999670e+01
4.200800000000000267e+01
5.024000000000000199e+01
5.801599999999999824e+01
6.850400000000000489e+01
7.769599999999999795e+01
9.132800000000000296e+01
1.071320000000000050e+02
1.248319999999999936e+02
1.457400000000000091e+02
1.792400000000000091e+02
2.041999999999999886e+02
2.473360000000000127e+02
2.956080000000000041e+02
3.678399999999999750e+02
4.374200000000000159e+02
5.713799999999999955e+02
7.023160000000000309e+02
8.420320000000000391e+02
1.064135999999999967e+03
1.266288000000000011e+03
1.498511999999999944e+03
1.867000000000000000e+03
2.250695999999999913e+03
2.625576000000000022e+03
3.282719999999999800e+03
3.973168000000000120e+03
4.847600000000000364e+03
5.992840000000000146e+03
6.811671999999999571e+03
8.517840000000000146e+03
1.036165600000000086e+04
