1.000000000000000000e+00
2.020000000000000018e+00
3.008000000000000007e+00
3.795999999999999819e+00
4.831999999999999851e+00
6.847999999999999865e+00
8.035999999999999588e+00
1.023600000000000065e+01
1.224000000000000021e+01
1.432000000000000028e+01
1.816000000000000014e+01
2.082400000000000162e+01
2.535200000000000031e+01
3.094399999999999906e+01
3.712800000000000011e+01
4.398400000000000176e+01
5.207999999999999829e+01
6.404800000000000182e+01
7.769599999999999795e+01
9.015999999999999659e+01
1.075439999999999969e+02
1.325039999999999907e+02
1.598919999999999959e+02
1.918720000000000141e+02
2.295519999999999925e+02
2.783679999999999950e+02
3.289920000000000186e+02
4.085520000000000209e+02
4.985199999999999818e+02
5.866960000000000264e+02
7.032480000000000473e+02
8.607999999999999545e+02
1.038380000000000109e+03
1.221279999999999973e+03
1.528776000000000067e+03
1.833720000000000027e+03
2.173632000000000062e+03
2.658360000000000127e+03
3.114871999999999844e+03
3.786480000000000018e+03
4.579655999999999949e+03
5.664212000000000444e+03
6.952579999999999927e+03
8.303860000000000582e+03
1.010138400000000001e+04
