1.000000000000000000e+00
2.004000000000000004e+00
3.136000000000000121e+00
4.056000000000000050e+00
5.160000000000000142e+00
7.120000000000000107e+00
7.996000000000000441e+00
9.624000000000000554e+00
1.133200000000000074e+01
1.298399999999999999e+01
1.609600000000000009e+01
1.871199999999999974e+01
2.212399999999999878e+01
2.687999999999999901e+01
3.489200000000000301e+01
4.167199999999999704e+01
5.051200000000000045e+01
6.210399999999999920e+01
7.336799999999999500e+01
8.912000000000000455e+01
1.050120000000000005e+02
1.269039999999999964e+02
1.574439999999999884e+02
1.949519999999999982e+02
2.339600000000000080e+02
2.877839999999999918e+02
3.298639999999999759e+02
3.835760000000000218e+02
4.885640000000000214e+02
5.806440000000000055e+02
6.998319999999999936e+02
8.762160000000000082e+02
1.015508000000000038e+03
1.203991999999999962e+03
1.452932000000000016e+03
1.886819999999999936e+03
2.270391999999999825e+03
2.819847999999999956e+03
3.264824000000000069e+03
4.046648000000000138e+03
4.983199999999999818e+03
5.793456000000000131e+03
7.046347999999999956e+03
8.377600000000000364e+03
9.886152000000000044e+03
