1.000000000000000000e+00
2.004999999999999893e+00
3.089999999999999858e+00
4.046000000000000263e+00
5.088000000000000078e+00
7.032000000000000028e+00
7.990000000000000213e+00
1.018399999999999928e+01
1.213499999999999979e+01
1.423499999999999943e+01
1.726999999999999957e+01
2.024200000000000088e+01
2.441000000000000014e+01
2.973400000000000176e+01
3.623599999999999710e+01
4.322800000000000153e+01
5.223899999999999721e+01
6.308599999999999852e+01
7.725600000000000023e+01
9.198999999999999488e+01
1.089129999999999967e+02
1.339600000000000080e+02
1.577150000000000034e+02
1.844120000000000061e+02
2.248060000000000116e+02
2.748940000000000055e+02
3.312019999999999982e+02
4.038779999999999859e+02
4.913410000000000082e+02
5.724640000000000555e+02
7.054800000000000182e+02
8.624360000000000355e+02
1.050497000000000071e+03
1.273798000000000002e+03
1.549488000000000056e+03
1.882384000000000015e+03
2.323114000000000033e+03
2.851161999999999807e+03
3.416478000000000065e+03
4.075992000000000189e+03
4.862292000000000371e+03
5.879783999999999651e+03
7.053721999999999753e+03
8.466731999999999971e+03
1.044180099999999948e+04
