1.000000000000000000e+00
1.911999999999999922e+00
2.744000000000000217e+00
3.867999999999999883e+00
4.655999999999999694e+00
6.751999999999999780e+00
7.796000000000000263e+00
1.046400000000000041e+01
1.229199999999999982e+01
1.415600000000000058e+01
1.623999999999999844e+01
1.916400000000000148e+01
2.232799999999999940e+01
2.747200000000000131e+01
3.586399999999999721e+01
4.309599999999999653e+01
5.319200000000000017e+01
6.371200000000000330e+01
7.618399999999999750e+01
9.615200000000000102e+01
1.172279999999999944e+02
1.390720000000000027e+02
1.654319999999999879e+02
2.031920000000000073e+02
2.414799999999999898e+02
2.873120000000000118e+02
3.509519999999999982e+02
4.180880000000000223e+02
4.852679999999999723e+02
5.798640000000000327e+02
6.711680000000000064e+02
8.023279999999999745e+02
1.043920000000000073e+03
1.272423999999999978e+03
1.514980000000000018e+03
1.872723999999999933e+03
2.301032000000000153e+03
2.644967999999999847e+03
3.194376000000000204e+03
3.682543999999999869e+03
4.441032000000000153e+03
5.277207999999999629e+03
6.331260000000000218e+03
7.926292000000000371e+03
9.815768000000000029e+03
