1.000000000000000000e+00
1.941999999999999948e+00
2.982000000000000206e+00
4.022000000000000242e+00
5.083999999999999631e+00
7.107999999999999652e+00
8.063000000000000611e+00
1.008900000000000041e+01
1.215600000000000058e+01
1.420599999999999952e+01
1.685800000000000054e+01
1.972500000000000142e+01
2.370299999999999940e+01
2.870599999999999952e+01
3.581099999999999994e+01
4.325600000000000023e+01
5.209599999999999653e+01
6.353600000000000136e+01
7.659000000000000341e+01
9.365000000000000568e+01
1.124620000000000033e+02
1.363739999999999952e+02
1.595850000000000080e+02
1.914180000000000064e+02
2.343660000000000139e+02
2.861519999999999868e+02
3.381539999999999964e+02
4.055199999999999818e+02
4.988980000000000246e+02
6.058360000000000127e+02
7.390230000000000246e+02
8.728980000000000246e+02
1.057089999999999918e+03
1.264897999999999911e+03
1.554537000000000035e+03
1.859359999999999900e+03
2.240266000000000076e+03
2.684465999999999894e+03
3.234114000000000033e+03
3.806440000000000055e+03
4.665189999999999600e+03
5.602756000000000313e+03
6.799170000000000073e+03
8.335070999999999913e+03
9.982751000000000204e+03
