1.000000000000000000e+00
1.973999999999999977e+00
2.922000000000000153e+00
3.902000000000000135e+00
4.956000000000000405e+00
7.049999999999999822e+00
7.937000000000000277e+00
9.779999999999999361e+00
1.163499999999999979e+01
1.355000000000000071e+01
1.659199999999999875e+01
1.950700000000000145e+01
2.354400000000000048e+01
2.848000000000000043e+01
3.468599999999999994e+01
4.188600000000000279e+01
4.981199999999999761e+01
6.068800000000000239e+01
7.455599999999999739e+01
9.180599999999999739e+01
1.114860000000000042e+02
1.324859999999999900e+02
1.636769999999999925e+02
1.979660000000000082e+02
2.412920000000000016e+02
2.907599999999999909e+02
3.471659999999999968e+02
4.188399999999999750e+02
5.015769999999999982e+02
6.032050000000000409e+02
7.132150000000000318e+02
8.794039999999999964e+02
1.060222999999999956e+03
1.281750000000000000e+03
1.563199000000000069e+03
1.863806000000000040e+03
2.240746000000000095e+03
2.684003999999999905e+03
3.170161999999999807e+03
3.843750000000000000e+03
4.690564000000000306e+03
5.687385000000000218e+03
6.861166000000000167e+03
8.261070999999999913e+03
9.968765999999999622e+03
