1.000000000000000000e+00
2.000999999999999890e+00
3.053999999999999826e+00
4.089000000000000412e+00
5.011999999999999567e+00
7.203999999999999737e+00
8.179000000000000270e+00
1.000600000000000023e+01
1.200399999999999956e+01
1.383200000000000074e+01
1.676999999999999957e+01
2.031800000000000139e+01
2.456700000000000017e+01
2.985800000000000054e+01
3.717300000000000182e+01
4.438400000000000034e+01
5.322099999999999653e+01
6.289800000000000324e+01
7.572199999999999420e+01
9.147199999999999420e+01
1.100780000000000030e+02
1.360579999999999927e+02
1.650229999999999961e+02
1.959360000000000070e+02
2.345699999999999932e+02
2.818480000000000132e+02
3.397959999999999923e+02
4.154920000000000186e+02
4.967980000000000018e+02
5.886530000000000200e+02
6.994349999999999454e+02
8.470119999999999436e+02
1.036213999999999942e+03
1.270630000000000109e+03
1.526114000000000033e+03
1.869115999999999985e+03
2.255487999999999829e+03
2.747775999999999840e+03
3.325387999999999920e+03
3.961005999999999858e+03
4.804909999999999854e+03
5.829962000000000444e+03
6.874376000000000204e+03
8.392335999999999331e+03
1.013351900000000023e+04
