1.000000000000000000e+00
1.989999999999999991e+00
2.974000000000000199e+00
3.938000000000000167e+00
5.027999999999999581e+00
7.094000000000000306e+00
8.173999999999999488e+00
1.015600000000000058e+01
1.210999999999999943e+01
1.377899999999999991e+01
1.663200000000000145e+01
1.955199999999999960e+01
2.388599999999999923e+01
2.921199999999999974e+01
3.602400000000000091e+01
4.336800000000000210e+01
5.218299999999999983e+01
6.413800000000000523e+01
7.625400000000000489e+01
9.196999999999999886e+01
1.123700000000000045e+02
1.369199999999999875e+02
1.632290000000000134e+02
1.989879999999999995e+02
2.374720000000000084e+02
2.880699999999999932e+02
3.512839999999999918e+02
4.184479999999999791e+02
5.053509999999999991e+02
5.916230000000000473e+02
7.155670000000000073e+02
8.791879999999999882e+02
1.056890000000000100e+03
1.269862000000000080e+03
1.531980999999999995e+03
1.867536000000000058e+03
2.205478000000000065e+03
2.602869999999999891e+03
3.088135999999999967e+03
3.806280000000000200e+03
4.670810000000000400e+03
5.646038999999999760e+03
6.844904999999999745e+03
8.382010000000000218e+03
1.008620700000000033e+04
