1.000000000000000000e+00
1.971999999999999975e+00
2.799999999999999822e+00
3.724000000000000199e+00
4.567999999999999616e+00
6.503999999999999559e+00
7.519999999999999574e+00
9.391999999999999460e+00
1.149200000000000088e+01
1.361200000000000010e+01
1.674399999999999977e+01
1.963200000000000145e+01
2.357199999999999918e+01
2.700000000000000000e+01
3.274000000000000199e+01
4.000000000000000000e+01
4.830799999999999983e+01
5.952799999999999869e+01
7.022400000000000375e+01
8.611199999999999477e+01
1.093919999999999959e+02
1.326719999999999970e+02
1.561560000000000059e+02
1.834799999999999898e+02
2.254960000000000093e+02
2.635919999999999845e+02
3.231440000000000055e+02
3.843600000000000136e+02
4.760640000000000214e+02
5.919640000000000555e+02
7.274239999999999782e+02
8.538160000000000309e+02
1.008187999999999988e+03
1.198471999999999980e+03
1.457460000000000036e+03
1.779692000000000007e+03
2.125215999999999894e+03
2.563711999999999989e+03
3.228168000000000120e+03
3.709143999999999778e+03
4.558015999999999622e+03
5.704775999999999840e+03
6.823296000000000276e+03
8.217727999999999156e+03
9.989311999999999898e+03
