1.000000000000000000e+00
2.020000000000000018e+00
3.072000000000000064e+00
4.371999999999999886e+00
5.647999999999999687e+00
8.039999999999999147e+00
8.996000000000000441e+00
1.088000000000000078e+01
1.277200000000000024e+01
1.483999999999999986e+01
1.794399999999999906e+01
2.089999999999999858e+01
2.588400000000000034e+01
3.058399999999999963e+01
3.720400000000000063e+01
4.500000000000000000e+01
5.642399999999999949e+01
6.600799999999999557e+01
8.086400000000000432e+01
9.892799999999999727e+01
1.164360000000000070e+02
1.397760000000000105e+02
1.656119999999999948e+02
1.945039999999999907e+02
2.293600000000000136e+02
2.744879999999999995e+02
3.384080000000000155e+02
4.044719999999999800e+02
4.901200000000000045e+02
6.122319999999999709e+02
7.483239999999999554e+02
8.798319999999999936e+02
1.076291999999999916e+03
1.268632000000000062e+03
1.537496000000000095e+03
1.845539999999999964e+03
2.206503999999999905e+03
2.677543999999999869e+03
3.222047999999999774e+03
3.710416000000000167e+03
4.436863999999999578e+03
5.233783999999999651e+03
6.398304000000000087e+03
7.834876000000000204e+03
1.003583200000000033e+04
