1.000000000000000000e+00
2.000999999999999890e+00
3.093999999999999861e+00
4.110000000000000320e+00
5.161999999999999922e+00
7.064000000000000057e+00
8.079000000000000625e+00
1.004899999999999949e+01
1.235299999999999976e+01
1.459699999999999953e+01
1.732799999999999940e+01
2.036499999999999844e+01
2.472200000000000131e+01
2.956400000000000006e+01
3.613100000000000023e+01
4.305799999999999983e+01
5.240800000000000125e+01
6.379800000000000182e+01
7.593800000000000239e+01
9.269599999999999795e+01
1.113080000000000069e+02
1.343319999999999936e+02
1.603300000000000125e+02
1.954559999999999889e+02
2.341800000000000068e+02
2.806779999999999973e+02
3.349039999999999964e+02
4.054780000000000086e+02
4.912950000000000159e+02
6.059880000000000564e+02
7.332640000000000100e+02
8.787519999999999527e+02
1.048316000000000031e+03
1.267675999999999931e+03
1.521038999999999987e+03
1.861559999999999945e+03
2.232114000000000033e+03
2.717556000000000040e+03
3.294690000000000055e+03
3.891369999999999891e+03
4.716637999999999920e+03
5.760905999999999949e+03
6.811145000000000437e+03
8.480932000000000698e+03
1.026650499999999920e+04
