1.000000000000000000e+00
2.047000000000000153e+00
3.021999999999999797e+00
4.041000000000000369e+00
5.200000000000000178e+00
7.001999999999999780e+00
8.099000000000000199e+00
1.009900000000000020e+01
1.223799999999999955e+01
1.418999999999999950e+01
1.722200000000000131e+01
2.015500000000000114e+01
2.431599999999999895e+01
2.914199999999999946e+01
3.570400000000000063e+01
4.275999999999999801e+01
5.214999999999999858e+01
6.326400000000000290e+01
7.523799999999999955e+01
9.305800000000000693e+01
1.141269999999999953e+02
1.370080000000000098e+02
1.667760000000000105e+02
1.999939999999999998e+02
2.369459999999999980e+02
2.912579999999999814e+02
3.497620000000000005e+02
4.212679999999999723e+02
5.051990000000000123e+02
6.000449999999999591e+02
7.381559999999999491e+02
9.031359999999999673e+02
1.072373000000000047e+03
1.273241999999999962e+03
1.508432000000000016e+03
1.839993999999999915e+03
2.232250000000000000e+03
2.686628000000000156e+03
3.247652000000000044e+03
3.906521999999999935e+03
4.632770000000000437e+03
5.676407000000000153e+03
6.874666000000000167e+03
8.361771000000000640e+03
1.004736299999999937e+04
