1.000000000000000000e+00
2.013999999999999790e+00
3.052000000000000046e+00
4.057999999999999829e+00
5.064000000000000057e+00
7.024000000000000021e+00
7.998000000000000220e+00
9.773999999999999133e+00
1.161999999999999922e+01
1.364400000000000013e+01
1.694800000000000040e+01
2.012099999999999866e+01
2.404400000000000048e+01
2.894800000000000040e+01
3.586599999999999966e+01
4.269800000000000040e+01
5.099499999999999744e+01
6.015599999999999881e+01
7.313400000000000034e+01
9.039000000000000057e+01
1.084549999999999983e+02
1.334540000000000077e+02
1.595540000000000020e+02
1.940860000000000127e+02
2.362719999999999914e+02
2.883419999999999845e+02
3.450280000000000200e+02
4.122740000000000009e+02
5.026659999999999968e+02
6.067549999999999955e+02
7.259279999999999973e+02
8.790760000000000218e+02
1.045506000000000085e+03
1.270753999999999905e+03
1.540346999999999980e+03
1.845580999999999904e+03
2.168224000000000160e+03
2.639695999999999913e+03
3.203530000000000200e+03
3.840226000000000113e+03
4.617398000000000138e+03
5.586363999999999578e+03
6.904984999999999673e+03
8.409933000000000902e+03
1.024733599999999933e+04
