1.000000000000000000e+00
1.923999999999999932e+00
3.048000000000000043e+00
4.184000000000000163e+00
5.136000000000000121e+00
7.248000000000000220e+00
8.444000000000000838e+00
1.077200000000000024e+01
1.300399999999999956e+01
1.466399999999999970e+01
1.731200000000000117e+01
2.118799999999999883e+01
2.660000000000000142e+01
3.275999999999999801e+01
4.117600000000000193e+01
4.774399999999999977e+01
5.642000000000000171e+01
6.425600000000000023e+01
7.617600000000000193e+01
9.053600000000000136e+01
1.083319999999999936e+02
1.279200000000000017e+02
1.551320000000000050e+02
1.921839999999999975e+02
2.346639999999999873e+02
2.928000000000000114e+02
3.431680000000000064e+02
4.126159999999999854e+02
4.871999999999999886e+02
5.774160000000000537e+02
7.201119999999999663e+02
8.643999999999999773e+02
1.066991999999999962e+03
1.282319999999999936e+03
1.583791999999999916e+03
1.852451999999999998e+03
2.237119999999999891e+03
2.688231999999999971e+03
3.371255999999999858e+03
3.972503999999999905e+03
5.015775999999999840e+03
5.869431999999999789e+03
6.898536000000000058e+03
8.477131999999999607e+03
1.040871199999999953e+04
