1.000000000000000000e+00
1.919999999999999929e+00
3.112000000000000099e+00
4.128000000000000114e+00
5.280000000000000249e+00
7.919999999999999929e+00
9.108000000000000540e+00
1.110800000000000054e+01
1.357199999999999918e+01
1.598799999999999955e+01
1.959199999999999875e+01
2.323199999999999932e+01
2.814000000000000057e+01
3.228799999999999670e+01
4.130799999999999983e+01
4.747200000000000131e+01
5.832000000000000028e+01
6.595999999999999375e+01
7.634399999999999409e+01
9.153600000000000136e+01
1.069039999999999964e+02
1.274000000000000057e+02
1.517160000000000082e+02
1.701200000000000045e+02
2.098319999999999936e+02
2.433839999999999861e+02
3.025760000000000218e+02
3.709039999999999964e+02
4.733159999999999741e+02
5.570280000000000200e+02
6.613880000000000337e+02
7.685199999999999818e+02
9.431559999999999491e+02
1.185208000000000084e+03
1.480508000000000038e+03
1.884455999999999904e+03
2.169623999999999796e+03
2.598655999999999949e+03
3.133887999999999920e+03
3.804112000000000080e+03
4.569463999999999942e+03
5.673920000000000073e+03
6.989268000000000029e+03
8.222440000000000509e+03
9.706415999999999258e+03
