1.000000000000000000e+00
2.020000000000000018e+00
3.112000000000000099e+00
4.224000000000000199e+00
5.368000000000000327e+00
7.503999999999999559e+00
8.820000000000000284e+00
1.125999999999999979e+01
1.375200000000000067e+01
1.596799999999999997e+01
1.954400000000000048e+01
2.303200000000000003e+01
2.719600000000000151e+01
3.074399999999999977e+01
3.667600000000000193e+01
4.394400000000000261e+01
5.377199999999999847e+01
6.658400000000000318e+01
7.602400000000000091e+01
9.300000000000000000e+01
1.146919999999999931e+02
1.369039999999999964e+02
1.643160000000000025e+02
1.985440000000000111e+02
2.385279999999999916e+02
2.880319999999999823e+02
3.435919999999999845e+02
4.068480000000000132e+02
4.763759999999999764e+02
5.529679999999999609e+02
6.581839999999999691e+02
7.895040000000000191e+02
9.634039999999999964e+02
1.186824000000000069e+03
1.475008000000000038e+03
1.798576000000000022e+03
2.207487999999999829e+03
2.622311999999999898e+03
3.080704000000000178e+03
3.667887999999999920e+03
4.596783999999999651e+03
5.332520000000000437e+03
6.589828000000000429e+03
8.030699999999999818e+03
9.994940000000000509e+03
