1.000000000000000000e+00
2.013999999999999790e+00
3.084000000000000075e+00
4.123999999999999666e+00
5.211999999999999744e+00
7.282000000000000028e+00
8.314000000000000057e+00
1.037899999999999956e+01
1.237899999999999956e+01
1.435200000000000031e+01
1.755799999999999983e+01
2.014600000000000080e+01
2.384199999999999875e+01
2.840800000000000125e+01
3.496200000000000330e+01
4.196000000000000085e+01
5.044500000000000028e+01
6.200000000000000000e+01
7.537399999999999523e+01
9.313400000000000034e+01
1.090439999999999969e+02
1.345420000000000016e+02
1.618789999999999907e+02
1.938120000000000118e+02
2.314699999999999989e+02
2.848220000000000027e+02
3.436100000000000136e+02
4.089780000000000086e+02
4.887900000000000205e+02
6.077440000000000282e+02
7.210610000000000355e+02
8.496100000000000136e+02
1.024750999999999976e+03
1.216935999999999922e+03
1.493186999999999898e+03
1.798625999999999976e+03
2.178436000000000149e+03
2.640436000000000149e+03
3.157469999999999800e+03
3.825579999999999927e+03
4.598260000000000218e+03
5.449987000000000080e+03
6.666658999999999651e+03
7.906752000000000407e+03
9.653886000000000422e+03
