1.000000000000000000e+00
1.915000000000000036e+00
3.081999999999999851e+00
4.084999999999999964e+00
5.107999999999999652e+00
7.032000000000000028e+00
8.131999999999999673e+00
1.034900000000000020e+01
1.237800000000000011e+01
1.427899999999999991e+01
1.712600000000000122e+01
1.986100000000000065e+01
2.328099999999999881e+01
2.837800000000000011e+01
3.377000000000000313e+01
4.027400000000000091e+01
4.874099999999999966e+01
5.946800000000000352e+01
7.140399999999999636e+01
8.638400000000000034e+01
1.061670000000000016e+02
1.296320000000000050e+02
1.607199999999999989e+02
1.927599999999999909e+02
2.336779999999999973e+02
2.866460000000000150e+02
3.490120000000000005e+02
4.179159999999999968e+02
4.901850000000000023e+02
5.848089999999999691e+02
7.177530000000000427e+02
8.807060000000000173e+02
1.058564000000000078e+03
1.275334000000000060e+03
1.496898999999999887e+03
1.801708000000000084e+03
2.194016000000000076e+03
2.718130000000000109e+03
3.257306000000000040e+03
3.860675999999999931e+03
4.638746000000000095e+03
5.712702000000000226e+03
6.750747000000000298e+03
8.242020000000000437e+03
9.845264999999999418e+03
