1.000000000000000000e+00
2.068000000000000060e+00
3.232000000000000206e+00
4.147999999999999687e+00
5.096000000000000085e+00
7.024000000000000021e+00
8.295999999999999375e+00
1.073600000000000065e+01
1.320800000000000018e+01
1.537199999999999989e+01
1.877599999999999980e+01
2.252799999999999869e+01
2.669200000000000017e+01
3.091199999999999903e+01
3.921200000000000330e+01
4.670400000000000063e+01
5.856799999999999784e+01
6.684000000000000341e+01
7.943200000000000216e+01
9.942400000000000659e+01
1.179200000000000017e+02
1.410879999999999939e+02
1.722520000000000095e+02
2.048480000000000132e+02
2.485920000000000130e+02
2.932559999999999718e+02
3.509039999999999964e+02
4.109680000000000177e+02
4.956920000000000073e+02
6.019400000000000546e+02
7.203920000000000528e+02
8.817279999999999518e+02
1.053688000000000102e+03
1.263152000000000044e+03
1.545008000000000038e+03
1.859748000000000047e+03
2.171735999999999876e+03
2.577760000000000218e+03
3.167384000000000015e+03
3.821047999999999774e+03
4.784608000000000175e+03
5.833199999999999818e+03
6.938100000000000364e+03
8.478736000000000786e+03
1.053603600000000006e+04
