1.000000000000000000e+00
1.895999999999999908e+00
2.959999999999999964e+00
4.115999999999999659e+00
5.400000000000000355e+00
7.655999999999999694e+00
8.859999999999999432e+00
1.096400000000000041e+01
1.314799999999999969e+01
1.524399999999999977e+01
1.904799999999999827e+01
2.240399999999999991e+01
2.648000000000000043e+01
3.183999999999999986e+01
3.851599999999999824e+01
4.321600000000000108e+01
5.112800000000000011e+01
6.044800000000000040e+01
6.814400000000000546e+01
8.217600000000000193e+01
9.708799999999999386e+01
1.117120000000000033e+02
1.259680000000000035e+02
1.343439999999999941e+02
1.601200000000000045e+02
1.760159999999999911e+02
2.037520000000000095e+02
2.465759999999999934e+02
2.967280000000000086e+02
3.500640000000000214e+02
4.393879999999999768e+02
5.193519999999999754e+02
6.457880000000000109e+02
8.365040000000000191e+02
1.030019999999999982e+03
1.308036000000000058e+03
1.594903999999999996e+03
1.897215999999999894e+03
2.282327999999999975e+03
2.812552000000000135e+03
3.543039999999999964e+03
4.257891999999999825e+03
5.189880000000000109e+03
6.271036000000000058e+03
7.597756000000000313e+03
