1.000000000000000000e+00
1.995999999999999996e+00
3.076000000000000068e+00
4.142000000000000348e+00
5.238000000000000433e+00
7.312000000000000277e+00
8.374000000000000554e+00
1.041699999999999982e+01
1.215300000000000047e+01
1.399200000000000088e+01
1.704400000000000048e+01
1.994200000000000017e+01
2.352899999999999991e+01
2.819399999999999906e+01
3.568200000000000216e+01
4.207200000000000273e+01
5.071500000000000341e+01
6.052600000000000335e+01
7.250000000000000000e+01
8.668399999999999750e+01
1.071520000000000010e+02
1.312719999999999914e+02
1.543309999999999889e+02
1.909180000000000064e+02
2.330219999999999914e+02
2.865679999999999836e+02
3.457060000000000173e+02
4.191299999999999955e+02
5.064769999999999754e+02
6.166549999999999727e+02
7.525019999999999527e+02
9.074740000000000464e+02
1.083201000000000022e+03
1.305538000000000011e+03
1.574542999999999893e+03
1.873644999999999982e+03
2.212050000000000182e+03
2.699224000000000160e+03
3.345838000000000193e+03
3.958934000000000196e+03
4.693829999999999927e+03
5.622587999999999738e+03
6.787413999999999760e+03
7.982680999999999585e+03
9.795311999999999898e+03
