1.000000000000000000e+00
1.895999999999999908e+00
3.080000000000000071e+00
4.323999999999999844e+00
5.527999999999999581e+00
7.759999999999999787e+00
9.115999999999999659e+00
1.127200000000000024e+01
1.393599999999999994e+01
1.671199999999999974e+01
2.025600000000000023e+01
2.357600000000000051e+01
2.864399999999999835e+01
3.386399999999999721e+01
4.294400000000000261e+01
5.150399999999999778e+01
6.016799999999999926e+01
6.912800000000000011e+01
8.041599999999999682e+01
9.717600000000000193e+01
1.087639999999999958e+02
1.248479999999999990e+02
1.464600000000000080e+02
1.685360000000000014e+02
1.996639999999999873e+02
2.351999999999999886e+02
3.008960000000000150e+02
3.490960000000000036e+02
4.335160000000000196e+02
5.425639999999999645e+02
6.993600000000000136e+02
8.950080000000000382e+02
1.096976000000000113e+03
1.250839999999999918e+03
1.514092000000000098e+03
1.806127999999999929e+03
2.212288000000000011e+03
2.627552000000000135e+03
3.091672000000000025e+03
3.845847999999999956e+03
4.707448000000000320e+03
5.908328000000000429e+03
7.029920000000000073e+03
8.216051999999999680e+03
9.728927999999999884e+03
