1.000000000000000000e+00
1.975999999999999979e+00
2.958000000000000185e+00
3.971999999999999975e+00
5.067999999999999616e+00
6.980000000000000426e+00
7.932999999999999829e+00
1.005100000000000016e+01
1.181099999999999994e+01
1.385200000000000031e+01
1.663400000000000034e+01
1.974800000000000111e+01
2.368299999999999983e+01
2.837399999999999878e+01
3.521900000000000119e+01
4.232600000000000051e+01
5.176899999999999835e+01
6.310399999999999920e+01
7.396599999999999397e+01
8.907200000000000273e+01
1.082240000000000038e+02
1.313779999999999859e+02
1.585060000000000002e+02
1.926839999999999975e+02
2.340660000000000025e+02
2.841259999999999764e+02
3.395600000000000023e+02
4.094560000000000173e+02
4.988799999999999955e+02
6.050940000000000509e+02
7.273799999999999955e+02
8.883980000000000246e+02
1.070821999999999889e+03
1.293968000000000075e+03
1.544845000000000027e+03
1.853739000000000033e+03
2.260271999999999935e+03
2.670108000000000175e+03
3.222728000000000065e+03
3.915925999999999931e+03
4.647984000000000378e+03
5.567724000000000160e+03
6.807029999999999745e+03
8.263917999999999665e+03
9.886011000000000422e+03
