1.000000000000000000e+00
1.939999999999999947e+00
3.439999999999999947e+00
4.483999999999999986e+00
5.943999999999999950e+00
8.775999999999999801e+00
9.987999999999999545e+00
1.195599999999999952e+01
1.393599999999999994e+01
1.613599999999999923e+01
1.892800000000000082e+01
2.185999999999999943e+01
2.592399999999999949e+01
2.970400000000000063e+01
3.687199999999999989e+01
4.340800000000000125e+01
5.003600000000000136e+01
5.643999999999999773e+01
6.372800000000000153e+01
7.548000000000000398e+01
8.515999999999999659e+01
9.681600000000000250e+01
1.127159999999999940e+02
1.276959999999999980e+02
1.471279999999999859e+02
1.729279999999999973e+02
1.990159999999999911e+02
2.267119999999999891e+02
2.674839999999999804e+02
3.393159999999999741e+02
3.984239999999999782e+02
4.766399999999999864e+02
5.814120000000000346e+02
7.413120000000000118e+02
9.383920000000000528e+02
1.110124000000000024e+03
1.324135999999999967e+03
1.671200000000000045e+03
2.015655999999999949e+03
2.456728000000000065e+03
3.187911999999999807e+03
3.968563999999999851e+03
4.931627999999999702e+03
6.196279999999999745e+03
7.622671999999999571e+03
