1.000000000000000000e+00
1.993000000000000105e+00
2.974000000000000199e+00
3.926000000000000156e+00
5.051999999999999602e+00
6.950000000000000178e+00
7.889000000000000234e+00
9.932000000000000384e+00
1.200000000000000000e+01
1.394200000000000017e+01
1.675199999999999889e+01
1.948999999999999844e+01
2.347400000000000020e+01
2.854200000000000159e+01
3.532200000000000273e+01
4.285600000000000165e+01
5.197999999999999687e+01
6.193599999999999994e+01
7.439799999999999613e+01
9.002800000000000580e+01
1.061919999999999931e+02
1.279980000000000047e+02
1.575840000000000032e+02
1.923139999999999930e+02
2.277640000000000100e+02
2.721159999999999854e+02
3.221440000000000055e+02
3.887060000000000173e+02
4.634329999999999927e+02
5.766660000000000537e+02
7.135969999999999800e+02
8.615539999999999736e+02
1.031978000000000065e+03
1.249786000000000058e+03
1.506019999999999982e+03
1.834587999999999965e+03
2.246074000000000069e+03
2.725402000000000044e+03
3.260057999999999993e+03
3.870195999999999913e+03
4.601421999999999571e+03
5.592015999999999622e+03
6.706600999999999658e+03
8.268695999999999913e+03
1.017155500000000029e+04
