1.000000000000000000e+00
2.056999999999999940e+00
2.986000000000000210e+00
3.963000000000000078e+00
4.806000000000000050e+00
6.924000000000000377e+00
7.793999999999999595e+00
9.852000000000000313e+00
1.167600000000000016e+01
1.377200000000000024e+01
1.694000000000000128e+01
1.932199999999999918e+01
2.329599999999999937e+01
2.847400000000000020e+01
3.543900000000000006e+01
4.248400000000000176e+01
5.269599999999999795e+01
6.472400000000000375e+01
7.589600000000000080e+01
9.284000000000000341e+01
1.098259999999999934e+02
1.330399999999999920e+02
1.603220000000000027e+02
1.874120000000000061e+02
2.231620000000000061e+02
2.738319999999999936e+02
3.318899999999999864e+02
3.994879999999999995e+02
4.959340000000000259e+02
5.827609999999999673e+02
6.963540000000000418e+02
8.424700000000000273e+02
1.034494999999999891e+03
1.249263999999999896e+03
1.499406999999999925e+03
1.871611000000000104e+03
2.216838000000000193e+03
2.707735999999999876e+03
3.216880000000000109e+03
3.956708000000000084e+03
4.788315999999999804e+03
5.761832000000000335e+03
7.071306999999999789e+03
8.501058000000000902e+03
1.017907799999999952e+04
