1.000000000000000000e+00
2.007000000000000117e+00
3.028000000000000025e+00
4.032000000000000028e+00
4.998000000000000220e+00
7.322000000000000064e+00
8.387999999999999901e+00
1.032699999999999996e+01
1.239100000000000001e+01
1.434399999999999942e+01
1.697400000000000020e+01
2.025300000000000011e+01
2.382600000000000051e+01
2.860600000000000165e+01
3.554699999999999704e+01
4.199600000000000222e+01
5.051400000000000290e+01
6.064999999999999858e+01
7.326600000000000534e+01
9.007399999999999807e+01
1.092530000000000001e+02
1.320519999999999925e+02
1.584929999999999950e+02
1.947379999999999995e+02
2.351500000000000057e+02
2.837980000000000018e+02
3.446659999999999968e+02
4.180679999999999836e+02
5.035210000000000150e+02
6.048869999999999436e+02
7.162839999999999918e+02
8.674919999999999618e+02
1.036075000000000045e+03
1.265922000000000025e+03
1.549654999999999973e+03
1.885672000000000025e+03
2.218664000000000215e+03
2.703614000000000033e+03
3.270697999999999865e+03
3.905250000000000000e+03
4.774333999999999833e+03
5.827027000000000044e+03
7.014395999999999731e+03
8.550083000000000538e+03
1.028487000000000080e+04
