1.000000000000000000e+00
2.000000000000000000e+00
2.978000000000000203e+00
4.032000000000000028e+00
5.086000000000000298e+00
7.155999999999999694e+00
8.118999999999999773e+00
1.027800000000000047e+01
1.230599999999999916e+01
1.402200000000000024e+01
1.684600000000000009e+01
1.943100000000000094e+01
2.379100000000000037e+01
2.810399999999999920e+01
3.495900000000000318e+01
4.172599999999999909e+01
5.101599999999999824e+01
6.177199999999999847e+01
7.317400000000000659e+01
8.698000000000000398e+01
1.068259999999999934e+02
1.306119999999999948e+02
1.587980000000000018e+02
1.946659999999999968e+02
2.341740000000000066e+02
2.826340000000000146e+02
3.449279999999999973e+02
4.158740000000000236e+02
5.044700000000000273e+02
6.198139999999999645e+02
7.476230000000000473e+02
9.084759999999999991e+02
1.079116999999999962e+03
1.292480000000000018e+03
1.552696999999999889e+03
1.928558999999999969e+03
2.306536000000000058e+03
2.762047999999999774e+03
3.317106000000000222e+03
3.988202000000000226e+03
4.724341999999999643e+03
5.709864999999999782e+03
6.838257999999999811e+03
8.248661000000000058e+03
9.942302999999999884e+03
