1.000000000000000000e+00
1.903999999999999915e+00
2.791999999999999815e+00
3.720000000000000195e+00
4.823999999999999844e+00
6.839999999999999858e+00
7.964000000000000412e+00
9.896000000000000796e+00
1.170400000000000063e+01
1.390799999999999947e+01
1.653600000000000136e+01
1.966000000000000014e+01
2.311599999999999966e+01
2.812800000000000011e+01
3.638000000000000256e+01
4.420000000000000284e+01
5.697599999999999909e+01
7.104800000000000182e+01
8.097599999999999909e+01
9.587999999999999545e+01
1.153880000000000052e+02
1.405360000000000014e+02
1.662920000000000016e+02
2.055200000000000102e+02
2.410080000000000098e+02
2.925360000000000014e+02
3.459680000000000177e+02
4.099039999999999964e+02
4.943240000000000123e+02
6.091480000000000246e+02
7.197799999999999727e+02
8.591599999999999682e+02
1.054251999999999953e+03
1.276688000000000102e+03
1.528976000000000113e+03
1.816251999999999953e+03
2.298311999999999898e+03
2.715543999999999869e+03
3.277239999999999782e+03
3.971871999999999844e+03
4.728231999999999971e+03
5.771631999999999607e+03
6.884332000000000335e+03
8.563804000000000087e+03
1.013723199999999997e+04
