1.000000000000000000e+00
1.963999999999999968e+00
3.100000000000000089e+00
4.211000000000000298e+00
5.291999999999999815e+00
7.434000000000000163e+00
8.503000000000000114e+00
1.023099999999999987e+01
1.225999999999999979e+01
1.414400000000000013e+01
1.699399999999999977e+01
1.957700000000000173e+01
2.342399999999999949e+01
2.697800000000000153e+01
3.302199999999999847e+01
3.900399999999999778e+01
4.760499999999999687e+01
5.751400000000000290e+01
6.697599999999999909e+01
8.281600000000000250e+01
9.998399999999999466e+01
1.200840000000000032e+02
1.496670000000000016e+02
1.811179999999999950e+02
2.218240000000000123e+02
2.701059999999999945e+02
3.317160000000000082e+02
4.037479999999999905e+02
4.875609999999999786e+02
6.054550000000000409e+02
7.282279999999999518e+02
8.820739999999999554e+02
1.051288000000000011e+03
1.296294000000000096e+03
1.556628999999999905e+03
1.864950000000000045e+03
2.240541999999999916e+03
2.825123999999999796e+03
3.354442000000000007e+03
4.062266000000000076e+03
4.846989999999999782e+03
5.791578000000000429e+03
6.949527000000000044e+03
8.450958000000000538e+03
1.016497899999999936e+04
