1.000000000000000000e+00
2.064000000000000057e+00
3.120000000000000107e+00
4.184000000000000163e+00
5.424000000000000377e+00
7.951999999999999957e+00
9.204000000000000625e+00
1.111599999999999966e+01
1.331199999999999939e+01
1.585200000000000031e+01
1.878399999999999892e+01
2.146799999999999997e+01
2.579200000000000159e+01
3.189600000000000080e+01
3.926400000000000290e+01
4.679200000000000159e+01
5.698400000000000176e+01
6.629600000000000648e+01
7.468800000000000239e+01
9.143999999999999773e+01
1.115040000000000049e+02
1.330639999999999930e+02
1.627239999999999895e+02
1.954960000000000093e+02
2.345360000000000014e+02
2.839279999999999973e+02
3.297760000000000105e+02
3.896240000000000236e+02
4.788159999999999741e+02
5.711520000000000437e+02
6.960439999999999827e+02
8.666079999999999472e+02
1.038675999999999931e+03
1.313799999999999955e+03
1.587887999999999920e+03
1.894579999999999927e+03
2.253440000000000055e+03
2.763376000000000204e+03
3.360447999999999865e+03
3.885807999999999993e+03
4.636199999999999818e+03
5.687600000000000364e+03
6.695739999999999782e+03
7.822024000000000342e+03
9.630592000000000553e+03
