1.000000000000000000e+00
1.951999999999999957e+00
3.152000000000000135e+00
4.200000000000000178e+00
5.511999999999999567e+00
7.911999999999999922e+00
9.272000000000000242e+00
1.141200000000000081e+01
1.326800000000000068e+01
1.566000000000000014e+01
1.855999999999999872e+01
2.130399999999999849e+01
2.593599999999999994e+01
3.211200000000000188e+01
3.904800000000000182e+01
4.434400000000000119e+01
5.277600000000000335e+01
6.423999999999999488e+01
7.887199999999999989e+01
9.411199999999999477e+01
1.081280000000000001e+02
1.295600000000000023e+02
1.503319999999999936e+02
1.830560000000000116e+02
2.265120000000000005e+02
2.673840000000000146e+02
3.290640000000000214e+02
3.978720000000000141e+02
4.669200000000000159e+02
5.435639999999999645e+02
6.669560000000000173e+02
8.074400000000000546e+02
1.010652000000000044e+03
1.231248000000000047e+03
1.425304000000000087e+03
1.700963999999999942e+03
2.096056000000000040e+03
2.548143999999999778e+03
3.051447999999999865e+03
3.788728000000000065e+03
4.582271999999999935e+03
5.463823999999999614e+03
6.788079999999999927e+03
8.104140000000000327e+03
9.365840000000000146e+03
