1.000000000000000000e+00
1.947999999999999954e+00
3.013999999999999790e+00
3.983000000000000096e+00
5.032000000000000028e+00
7.097999999999999865e+00
8.214999999999999858e+00
1.018299999999999983e+01
1.194500000000000028e+01
1.385999999999999943e+01
1.674800000000000111e+01
1.974800000000000111e+01
2.358599999999999852e+01
2.832600000000000051e+01
3.553000000000000114e+01
4.256199999999999761e+01
5.223899999999999721e+01
6.125200000000000244e+01
7.273799999999999955e+01
8.796599999999999397e+01
1.071320000000000050e+02
1.315260000000000105e+02
1.601450000000000102e+02
1.931800000000000068e+02
2.316860000000000070e+02
2.770199999999999818e+02
3.310520000000000209e+02
4.047300000000000182e+02
4.910310000000000059e+02
5.995330000000000155e+02
7.403120000000000118e+02
8.947839999999999918e+02
1.076501999999999953e+03
1.312001999999999953e+03
1.572921000000000049e+03
1.873525000000000091e+03
2.229480000000000018e+03
2.648746000000000095e+03
3.241099999999999909e+03
3.871980000000000018e+03
4.813037999999999556e+03
5.878743000000000393e+03
7.094533000000000357e+03
8.504202999999999520e+03
1.027269700000000012e+04
