1.000000000000000000e+00
1.983999999999999986e+00
2.910000000000000142e+00
3.854000000000000092e+00
4.950000000000000178e+00
6.905999999999999694e+00
7.907000000000000028e+00
9.977000000000000313e+00
1.233799999999999919e+01
1.420899999999999963e+01
1.752599999999999980e+01
2.071999999999999886e+01
2.464999999999999858e+01
2.950199999999999889e+01
3.625200000000000244e+01
4.264200000000000301e+01
5.220100000000000051e+01
6.345600000000000307e+01
7.487000000000000455e+01
8.974200000000000443e+01
1.119530000000000030e+02
1.324459999999999980e+02
1.613859999999999957e+02
1.918739999999999952e+02
2.350800000000000125e+02
2.825640000000000214e+02
3.409379999999999882e+02
4.106680000000000064e+02
4.941129999999999995e+02
6.010779999999999745e+02
7.278429999999999609e+02
8.682720000000000482e+02
1.037638999999999896e+03
1.252807999999999993e+03
1.539932999999999993e+03
1.851044000000000096e+03
2.243320000000000164e+03
2.730264000000000124e+03
3.271219999999999800e+03
3.864744000000000142e+03
4.680684000000000196e+03
5.673048999999999978e+03
6.863805999999999585e+03
8.088012999999999920e+03
9.917236999999999171e+03
