1.000000000000000000e+00
2.072000000000000064e+00
3.200000000000000178e+00
4.208000000000000185e+00
5.344000000000000306e+00
7.280000000000000249e+00
8.211999999999999744e+00
9.768000000000000682e+00
1.187199999999999989e+01
1.383600000000000030e+01
1.612800000000000011e+01
1.885600000000000165e+01
2.347200000000000131e+01
2.918400000000000105e+01
3.694800000000000040e+01
4.319200000000000017e+01
5.139600000000000080e+01
6.419199999999999307e+01
7.498399999999999466e+01
9.289600000000000080e+01
1.115840000000000032e+02
1.404079999999999870e+02
1.654639999999999986e+02
1.942880000000000109e+02
2.450159999999999911e+02
2.711039999999999850e+02
3.138159999999999741e+02
3.875120000000000005e+02
4.616680000000000064e+02
5.718079999999999927e+02
7.115839999999999463e+02
8.521040000000000418e+02
1.027403999999999996e+03
1.214903999999999996e+03
1.494211999999999989e+03
1.795071999999999889e+03
2.301632000000000062e+03
2.780960000000000036e+03
3.426271999999999935e+03
4.232576000000000022e+03
5.179783999999999651e+03
6.117155999999999949e+03
7.124815999999999804e+03
8.411780000000000655e+03
1.028562000000000080e+04
