1.000000000000000000e+00
1.959999999999999964e+00
3.184000000000000163e+00
4.355999999999999872e+00
5.831999999999999851e+00
8.247999999999999332e+00
9.500000000000000000e+00
1.240399999999999991e+01
1.544800000000000040e+01
1.799599999999999866e+01
2.092800000000000082e+01
2.422800000000000153e+01
2.882400000000000162e+01
3.439200000000000301e+01
4.130799999999999983e+01
4.676800000000000068e+01
5.480799999999999983e+01
6.121600000000000108e+01
6.886400000000000432e+01
7.619199999999999307e+01
8.561199999999999477e+01
9.347199999999999420e+01
1.030280000000000058e+02
1.135759999999999934e+02
1.342160000000000082e+02
1.560320000000000107e+02
1.823760000000000048e+02
2.066080000000000041e+02
2.606519999999999868e+02
3.149119999999999777e+02
3.850520000000000209e+02
4.658960000000000150e+02
5.658239999999999554e+02
7.153440000000000509e+02
9.287839999999999918e+02
1.167211999999999989e+03
1.447943999999999960e+03
1.772503999999999905e+03
2.153407999999999902e+03
2.576967999999999847e+03
3.015456000000000131e+03
3.837480000000000018e+03
4.965984000000000378e+03
5.902511999999999716e+03
7.255916000000000167e+03
