1.000000000000000000e+00
1.971999999999999975e+00
3.255999999999999783e+00
4.232000000000000206e+00
5.360000000000000320e+00
7.575999999999999623e+00
8.640000000000000568e+00
1.133600000000000030e+01
1.306400000000000006e+01
1.479199999999999982e+01
1.872800000000000153e+01
2.167200000000000060e+01
2.700799999999999912e+01
3.269599999999999795e+01
4.105199999999999960e+01
4.772800000000000153e+01
5.838000000000000256e+01
6.834399999999999409e+01
7.837600000000000477e+01
9.440800000000000125e+01
1.130999999999999943e+02
1.323439999999999941e+02
1.621999999999999886e+02
1.946800000000000068e+02
2.339439999999999884e+02
2.804479999999999791e+02
3.501840000000000259e+02
4.144560000000000173e+02
4.996080000000000041e+02
6.214479999999999791e+02
7.599279999999999973e+02
9.089600000000000364e+02
1.075779999999999973e+03
1.284064000000000078e+03
1.545816000000000031e+03
1.939460000000000036e+03
2.279184000000000196e+03
2.807967999999999847e+03
3.411704000000000178e+03
3.998992000000000189e+03
4.636887999999999920e+03
5.362076000000000022e+03
6.670492000000000189e+03
7.752028000000000247e+03
9.475652000000000044e+03
