1.000000000000000000e+00
1.967999999999999972e+00
3.327999999999999847e+00
4.483999999999999986e+00
6.048000000000000043e+00
8.839999999999999858e+00
9.967999999999999972e+00
1.220400000000000063e+01
1.455599999999999916e+01
1.719600000000000151e+01
2.005600000000000094e+01
2.389600000000000080e+01
2.747599999999999909e+01
3.311999999999999744e+01
3.887599999999999767e+01
4.776800000000000068e+01
5.643200000000000216e+01
6.689600000000000080e+01
7.341599999999999682e+01
8.077599999999999625e+01
9.279600000000000648e+01
1.046479999999999961e+02
1.140639999999999930e+02
1.301599999999999966e+02
1.559360000000000070e+02
1.777439999999999998e+02
1.998559999999999945e+02
2.397359999999999900e+02
2.719639999999999986e+02
3.256600000000000250e+02
4.039560000000000173e+02
5.234160000000000537e+02
6.118319999999999936e+02
7.425199999999999818e+02
8.608600000000000136e+02
1.012927999999999997e+03
1.298912000000000035e+03
1.625231999999999971e+03
2.011359999999999900e+03
2.443168000000000120e+03
2.957735999999999876e+03
3.673148000000000138e+03
4.447555999999999585e+03
5.537948000000000320e+03
6.820323999999999614e+03
