1.000000000000000000e+00
1.971999999999999975e+00
3.180000000000000160e+00
4.211000000000000298e+00
5.330000000000000071e+00
7.397999999999999687e+00
8.445000000000000284e+00
1.019699999999999918e+01
1.185100000000000087e+01
1.330400000000000027e+01
1.530400000000000027e+01
1.733200000000000074e+01
1.995899999999999963e+01
2.286400000000000077e+01
2.628500000000000014e+01
3.030399999999999849e+01
3.391700000000000159e+01
4.072399999999999665e+01
4.752000000000000313e+01
5.510000000000000142e+01
6.553000000000000114e+01
7.676200000000000045e+01
9.112300000000000466e+01
1.134039999999999964e+02
1.353180000000000121e+02
1.654600000000000080e+02
2.017179999999999893e+02
2.517319999999999993e+02
3.140400000000000205e+02
3.779470000000000027e+02
4.700230000000000246e+02
5.657100000000000364e+02
7.111000000000000227e+02
8.707939999999999827e+02
1.097422000000000025e+03
1.379577999999999975e+03
1.699894000000000005e+03
2.199815999999999804e+03
2.711559999999999945e+03
3.433525999999999840e+03
4.158774000000000342e+03
5.096978000000000065e+03
6.092872999999999593e+03
7.415877000000000407e+03
9.000219999999999345e+03
