1.000000000000000000e+00
2.032000000000000028e+00
3.200000000000000178e+00
4.080000000000000071e+00
5.000000000000000000e+00
7.232000000000000206e+00
8.259999999999999787e+00
1.014400000000000013e+01
1.210399999999999920e+01
1.425600000000000023e+01
1.658399999999999963e+01
1.976399999999999935e+01
2.370799999999999841e+01
2.955199999999999960e+01
3.614000000000000057e+01
4.210399999999999920e+01
4.999600000000000222e+01
5.967999999999999972e+01
7.155200000000000671e+01
8.841599999999999682e+01
1.075240000000000009e+02
1.324559999999999889e+02
1.641359999999999957e+02
1.968000000000000114e+02
2.358799999999999955e+02
2.750319999999999823e+02
3.330640000000000214e+02
4.047520000000000095e+02
4.894639999999999986e+02
6.081599999999999682e+02
7.238160000000000309e+02
8.799679999999999609e+02
1.050163999999999987e+03
1.291839999999999918e+03
1.564003999999999905e+03
1.829763999999999896e+03
2.147487999999999829e+03
2.692288000000000011e+03
3.276496000000000095e+03
3.932072000000000116e+03
4.723127999999999702e+03
5.481479999999999563e+03
6.834648000000000138e+03
7.956463999999999942e+03
1.009405999999999949e+04
