1.000000000000000000e+00
2.024999999999999911e+00
3.092000000000000082e+00
4.113999999999999879e+00
5.150000000000000355e+00
7.014000000000000234e+00
8.108000000000000540e+00
9.862000000000000099e+00
1.178500000000000014e+01
1.366399999999999970e+01
1.641199999999999903e+01
1.941100000000000136e+01
2.273999999999999844e+01
2.812399999999999878e+01
3.508899999999999864e+01
4.141599999999999682e+01
4.980299999999999727e+01
6.154999999999999716e+01
7.485800000000000409e+01
9.067000000000000171e+01
1.081250000000000000e+02
1.275660000000000025e+02
1.528259999999999934e+02
1.860459999999999923e+02
2.254540000000000077e+02
2.707819999999999823e+02
3.239060000000000059e+02
3.915579999999999927e+02
4.767989999999999782e+02
5.787799999999999727e+02
6.874890000000000327e+02
8.155720000000000027e+02
9.731430000000000291e+02
1.195428000000000111e+03
1.451654999999999973e+03
1.777217000000000098e+03
2.119612000000000080e+03
2.632101999999999862e+03
3.248501999999999953e+03
3.867077999999999975e+03
4.625873999999999796e+03
5.654688000000000102e+03
6.903551999999999680e+03
8.271514999999999418e+03
1.014666899999999987e+04
