1.000000000000000000e+00
1.961999999999999966e+00
3.065999999999999837e+00
4.104000000000000092e+00
5.195999999999999730e+00
6.980000000000000426e+00
7.903999999999999915e+00
9.941000000000000725e+00
1.201500000000000057e+01
1.372100000000000009e+01
1.661599999999999966e+01
1.979500000000000171e+01
2.357000000000000028e+01
2.878999999999999915e+01
3.548199999999999932e+01
4.298400000000000176e+01
5.075500000000000256e+01
6.157800000000000296e+01
7.600799999999999557e+01
9.160800000000000409e+01
1.092099999999999937e+02
1.292340000000000089e+02
1.564600000000000080e+02
1.885879999999999939e+02
2.265720000000000027e+02
2.746759999999999877e+02
3.326600000000000250e+02
4.071519999999999868e+02
4.889030000000000200e+02
5.912780000000000200e+02
7.274610000000000127e+02
8.873719999999999573e+02
1.081117999999999938e+03
1.316509999999999991e+03
1.591635999999999967e+03
1.908215999999999894e+03
2.302114000000000033e+03
2.755036000000000058e+03
3.357547999999999774e+03
3.981213999999999942e+03
4.861010000000000218e+03
5.916481999999999971e+03
6.932247999999999593e+03
8.378021000000000640e+03
1.024906300000000010e+04
