1.000000000000000000e+00
1.945000000000000062e+00
3.137999999999999901e+00
4.174000000000000377e+00
5.333999999999999631e+00
7.298000000000000043e+00
8.295999999999999375e+00
1.040300000000000047e+01
1.191799999999999926e+01
1.342300000000000004e+01
1.580199999999999960e+01
1.811499999999999844e+01
2.063899999999999935e+01
2.378600000000000136e+01
2.788100000000000023e+01
3.200999999999999801e+01
3.628999999999999915e+01
4.269800000000000040e+01
4.900000000000000000e+01
5.875399999999999778e+01
6.892000000000000171e+01
8.189600000000000080e+01
9.951200000000000045e+01
1.200679999999999978e+02
1.440560000000000116e+02
1.755900000000000034e+02
2.113640000000000043e+02
2.639660000000000082e+02
3.289200000000000159e+02
3.981100000000000136e+02
4.859460000000000264e+02
5.802500000000000000e+02
7.133450000000000273e+02
8.730700000000000500e+02
1.161702999999999975e+03
1.432902000000000044e+03
1.787400000000000091e+03
2.174050000000000182e+03
2.716202000000000226e+03
3.362630000000000109e+03
4.226101999999999862e+03
5.269792999999999665e+03
6.529539999999999964e+03
7.983662000000000262e+03
9.434646000000000640e+03
