1.000000000000000000e+00
1.975999999999999979e+00
3.072000000000000064e+00
4.080000000000000071e+00
5.288000000000000256e+00
7.839999999999999858e+00
8.804000000000000270e+00
1.118399999999999928e+01
1.367999999999999972e+01
1.607199999999999918e+01
2.092000000000000171e+01
2.450000000000000000e+01
3.060399999999999920e+01
3.471999999999999886e+01
4.190800000000000125e+01
4.979200000000000159e+01
5.981600000000000250e+01
6.830400000000000205e+01
7.428799999999999670e+01
8.837600000000000477e+01
1.089920000000000044e+02
1.296160000000000139e+02
1.552439999999999998e+02
1.805200000000000102e+02
2.125600000000000023e+02
2.603600000000000136e+02
3.230240000000000009e+02
3.749599999999999795e+02
4.473279999999999745e+02
5.554360000000000355e+02
6.796000000000000227e+02
7.946319999999999482e+02
9.911440000000000055e+02
1.203407999999999902e+03
1.467720000000000027e+03
1.781096000000000004e+03
2.140376000000000204e+03
2.515784000000000106e+03
3.061735999999999876e+03
3.842400000000000091e+03
4.794695999999999913e+03
5.884068000000000211e+03
7.237608000000000175e+03
8.488468000000000757e+03
1.028886800000000039e+04
