1.000000000000000000e+00
1.991999999999999993e+00
3.295999999999999819e+00
4.780000000000000249e+00
6.112000000000000099e+00
8.759999999999999787e+00
1.046400000000000041e+01
1.341600000000000037e+01
1.596000000000000085e+01
1.858800000000000097e+01
2.296000000000000085e+01
2.675199999999999889e+01
2.994399999999999906e+01
3.424799999999999756e+01
4.042000000000000171e+01
4.548799999999999955e+01
5.328799999999999670e+01
6.144800000000000040e+01
6.584000000000000341e+01
7.613599999999999568e+01
8.415200000000000102e+01
9.205599999999999739e+01
1.043119999999999976e+02
1.211760000000000019e+02
1.350720000000000027e+02
1.557839999999999918e+02
1.800000000000000000e+02
2.190159999999999911e+02
2.630480000000000018e+02
3.137479999999999905e+02
3.978999999999999773e+02
4.949920000000000186e+02
5.845679999999999836e+02
7.101839999999999691e+02
9.030240000000000009e+02
1.103440000000000055e+03
1.353336000000000013e+03
1.583152000000000044e+03
2.037039999999999964e+03
2.375192000000000007e+03
2.922271999999999935e+03
3.619199999999999818e+03
4.668832000000000335e+03
5.736760000000000218e+03
7.607144000000000233e+03
