1.000000000000000000e+00
2.016999999999999904e+00
2.970000000000000195e+00
3.879000000000000004e+00
4.860000000000000320e+00
6.806000000000000050e+00
7.868000000000000327e+00
9.778000000000000469e+00
1.196400000000000041e+01
1.405100000000000016e+01
1.714199999999999946e+01
2.016499999999999915e+01
2.459400000000000119e+01
2.944800000000000040e+01
3.663100000000000023e+01
4.339800000000000324e+01
5.193500000000000227e+01
6.280599999999999739e+01
7.457800000000000296e+01
9.084799999999999898e+01
1.087409999999999997e+02
1.310519999999999925e+02
1.579029999999999916e+02
1.900819999999999936e+02
2.281579999999999870e+02
2.819300000000000068e+02
3.376979999999999791e+02
4.131539999999999964e+02
4.984940000000000282e+02
6.015779999999999745e+02
7.289160000000000537e+02
8.969519999999999982e+02
1.095134999999999991e+03
1.286903999999999996e+03
1.543644999999999982e+03
1.855405999999999949e+03
2.271800000000000182e+03
2.701916000000000167e+03
3.296918000000000120e+03
3.862882000000000062e+03
4.619783999999999651e+03
5.589259000000000015e+03
6.702362000000000080e+03
8.172510000000000218e+03
9.793458000000000538e+03
