1.000000000000000000e+00
2.021999999999999797e+00
3.137999999999999901e+00
4.115999999999999659e+00
5.137999999999999901e+00
7.198000000000000398e+00
8.323000000000000398e+00
1.045899999999999963e+01
1.241000000000000014e+01
1.419800000000000040e+01
1.687000000000000099e+01
1.986700000000000088e+01
2.403999999999999915e+01
2.852400000000000091e+01
3.524900000000000233e+01
4.249199999999999733e+01
5.181799999999999784e+01
6.370400000000000063e+01
7.531399999999999295e+01
9.118800000000000239e+01
1.112270000000000039e+02
1.350200000000000102e+02
1.621670000000000016e+02
1.936320000000000050e+02
2.311999999999999886e+02
2.820960000000000036e+02
3.420579999999999927e+02
4.121460000000000150e+02
4.856929999999999836e+02
5.834940000000000282e+02
7.240549999999999500e+02
8.690240000000000009e+02
1.046166999999999916e+03
1.275114000000000033e+03
1.542022999999999911e+03
1.875340999999999894e+03
2.310362000000000080e+03
2.752429999999999836e+03
3.316164000000000215e+03
4.010835999999999785e+03
4.806206000000000131e+03
5.907503999999999905e+03
7.061890999999999622e+03
8.481929000000000087e+03
1.021022799999999916e+04
