1.000000000000000000e+00
1.965000000000000080e+00
3.100000000000000089e+00
3.967000000000000082e+00
5.048000000000000043e+00
6.831999999999999851e+00
7.589000000000000412e+00
9.335000000000000853e+00
1.067999999999999972e+01
1.237199999999999989e+01
1.454599999999999937e+01
1.647400000000000020e+01
1.882400000000000162e+01
2.169000000000000128e+01
2.567099999999999937e+01
2.906599999999999895e+01
3.392099999999999937e+01
4.038400000000000034e+01
4.592999999999999972e+01
5.571999999999999886e+01
6.798999999999999488e+01
8.166200000000000614e+01
9.931799999999999784e+01
1.195660000000000025e+02
1.460140000000000100e+02
1.795440000000000111e+02
2.199099999999999966e+02
2.680020000000000095e+02
3.303480000000000132e+02
3.979660000000000082e+02
4.850409999999999968e+02
5.749859999999999900e+02
7.040339999999999918e+02
8.600579999999999927e+02
1.076313000000000102e+03
1.332424999999999955e+03
1.703885999999999967e+03
2.127121999999999844e+03
2.633322000000000116e+03
3.310148000000000138e+03
4.159891999999999825e+03
5.204779000000000451e+03
6.343090000000000146e+03
7.770793999999999869e+03
9.502640999999999622e+03
