1.000000000000000000e+00
1.923999999999999932e+00
3.216000000000000192e+00
4.416000000000000369e+00
5.743999999999999773e+00
8.343999999999999417e+00
9.272000000000000242e+00
1.148799999999999955e+01
1.426800000000000068e+01
1.735600000000000165e+01
2.120799999999999841e+01
2.475600000000000023e+01
2.972800000000000153e+01
3.638400000000000034e+01
4.273199999999999932e+01
5.056799999999999784e+01
5.911200000000000188e+01
7.047199999999999420e+01
8.442400000000000659e+01
1.033520000000000039e+02
1.213559999999999945e+02
1.443919999999999959e+02
1.767280000000000086e+02
2.086639999999999873e+02
2.506239999999999952e+02
3.014560000000000173e+02
3.495199999999999818e+02
4.209680000000000177e+02
4.943240000000000123e+02
5.971720000000000255e+02
7.502559999999999718e+02
9.266879999999999882e+02
1.133375999999999976e+03
1.317440000000000055e+03
1.534519999999999982e+03
1.823036000000000058e+03
2.091112000000000080e+03
2.522543999999999869e+03
2.999672000000000025e+03
3.876512000000000171e+03
4.729768000000000029e+03
5.793876000000000204e+03
7.106100000000000364e+03
8.433399999999999636e+03
1.009094399999999951e+04
