1.000000000000000000e+00
1.967000000000000082e+00
3.109999999999999876e+00
4.189000000000000057e+00
5.238000000000000433e+00
7.347999999999999865e+00
8.359999999999999432e+00
1.042399999999999949e+01
1.220700000000000074e+01
1.386599999999999966e+01
1.682600000000000051e+01
1.963299999999999912e+01
2.319000000000000128e+01
2.825199999999999889e+01
3.497800000000000153e+01
4.125600000000000023e+01
5.013100000000000023e+01
6.056199999999999761e+01
7.175799999999999557e+01
8.846800000000000352e+01
1.058640000000000043e+02
1.254320000000000022e+02
1.529110000000000014e+02
1.878160000000000025e+02
2.296779999999999973e+02
2.762420000000000186e+02
3.366700000000000159e+02
4.051200000000000045e+02
4.934540000000000077e+02
6.083500000000000227e+02
7.154039999999999964e+02
8.847920000000000300e+02
1.046348999999999933e+03
1.243705999999999904e+03
1.498164999999999964e+03
1.754309999999999945e+03
2.108856000000000222e+03
2.535360000000000127e+03
3.116271999999999935e+03
3.747994000000000142e+03
4.574659999999999854e+03
5.538065999999999804e+03
6.678146999999999935e+03
8.100744999999999891e+03
9.754986000000000786e+03
