1.000000000000000000e+00
2.044000000000000039e+00
3.287999999999999812e+00
4.299999999999999822e+00
5.432000000000000384e+00
7.751999999999999780e+00
9.119999999999999218e+00
1.184800000000000075e+01
1.425200000000000067e+01
1.706800000000000139e+01
2.048000000000000043e+01
2.272800000000000153e+01
2.654799999999999827e+01
3.103999999999999915e+01
3.731600000000000250e+01
4.624000000000000199e+01
5.365999999999999659e+01
6.121600000000000108e+01
7.064000000000000057e+01
7.672799999999999443e+01
8.550000000000000000e+01
9.871999999999999886e+01
1.130999999999999943e+02
1.341920000000000073e+02
1.529120000000000061e+02
1.833839999999999861e+02
2.091599999999999966e+02
2.591600000000000250e+02
3.029560000000000173e+02
3.728519999999999754e+02
4.262959999999999923e+02
5.293200000000000500e+02
6.205800000000000409e+02
7.295119999999999436e+02
8.609800000000000182e+02
1.038511999999999944e+03
1.311816000000000031e+03
1.512951999999999998e+03
1.830223999999999933e+03
2.281576000000000022e+03
2.823199999999999818e+03
3.434436000000000149e+03
4.121332000000000335e+03
5.489648000000000138e+03
6.793264000000000124e+03
