1.000000000000000000e+00
2.104000000000000092e+00
3.040000000000000036e+00
4.259999999999999787e+00
5.248000000000000220e+00
7.392000000000000348e+00
8.380000000000000782e+00
1.047600000000000087e+01
1.327200000000000024e+01
1.552800000000000047e+01
1.928800000000000026e+01
2.100799999999999912e+01
2.600000000000000000e+01
3.148000000000000043e+01
3.618800000000000239e+01
4.291199999999999903e+01
5.090400000000000347e+01
6.220799999999999841e+01
7.458400000000000318e+01
8.936799999999999500e+01
1.066560000000000059e+02
1.300560000000000116e+02
1.585159999999999911e+02
1.923760000000000048e+02
2.350800000000000125e+02
2.913120000000000118e+02
3.584879999999999995e+02
4.259200000000000159e+02
5.196319999999999482e+02
6.228920000000000528e+02
7.815199999999999818e+02
8.952240000000000464e+02
1.098084000000000060e+03
1.334759999999999991e+03
1.609672000000000025e+03
1.962948000000000093e+03
2.328503999999999905e+03
2.810543999999999869e+03
3.442431999999999789e+03
3.987063999999999851e+03
4.908895999999999731e+03
6.018319999999999709e+03
7.293612000000000080e+03
9.007435999999999694e+03
1.046202800000000025e+04
