1.00000000000000
2.00401000000000
3.10310000000000
4.09211000000000
5.09362000000000
6.93496000000000
7.77809000000000
9.43753000000000
10.99342000000000
12.43387000000000
14.47822000000000
16.38337999999999
18.79895000000000
21.64724000000001
25.40397000000000
29.02776000000001
33.60180999999999
39.09617999999998
45.05604000000000
53.26220000000004
63.46884999999998
76.60423999999996
92.85373000000000
113.29331999999995
138.72667999999996
170.06685999999993
209.53752000000003
256.56449999999984
315.52258999999992
386.75470999999982
475.51772999999991
586.36794000000020
724.55027999999982
904.64379999999971
1132.44086999999990
1424.46420000000012
1798.77141999999935
2251.72824000000037
2804.99762000000055
3486.41076000000066
4291.05730000000040
5272.66597000000093
6456.51195999999891
7884.28726999999708
9593.50576999999794
