1.000000000000000000e+00
2.057999999999999829e+00
3.033999999999999808e+00
4.133000000000000007e+00
5.193999999999999950e+00
7.144000000000000128e+00
7.955000000000000071e+00
9.778999999999999915e+00
1.165600000000000058e+01
1.368500000000000050e+01
1.682799999999999940e+01
1.975700000000000145e+01
2.399599999999999866e+01
2.893799999999999883e+01
3.586200000000000188e+01
4.383800000000000097e+01
5.268800000000000239e+01
6.437199999999999989e+01
7.703000000000000114e+01
9.439199999999999591e+01
1.137810000000000059e+02
1.387760000000000105e+02
1.669310000000000116e+02
1.970860000000000127e+02
2.330540000000000020e+02
2.828980000000000246e+02
3.415179999999999723e+02
4.090579999999999927e+02
4.960710000000000264e+02
5.874819999999999709e+02
7.131219999999999573e+02
8.580119999999999436e+02
1.036595000000000027e+03
1.241311999999999898e+03
1.462413999999999987e+03
1.802605000000000018e+03
2.163902000000000044e+03
2.685769999999999982e+03
3.292373999999999796e+03
3.950916000000000167e+03
4.744978000000000065e+03
5.800996000000000095e+03
7.039358000000000175e+03
8.417850000000000364e+03
1.019929500000000007e+04
