1.000000000000000000e+00
1.915999999999999925e+00
3.040000000000000036e+00
4.251999999999999780e+00
5.583999999999999631e+00
8.272000000000000242e+00
9.528000000000000469e+00
1.200799999999999912e+01
1.426399999999999935e+01
1.664000000000000057e+01
2.028800000000000026e+01
2.493199999999999861e+01
2.899200000000000088e+01
3.389600000000000080e+01
4.065599999999999881e+01
4.686399999999999721e+01
5.515200000000000102e+01
6.449599999999999511e+01
7.341599999999999682e+01
8.862399999999999523e+01
1.056400000000000006e+02
1.246560000000000059e+02
1.488959999999999866e+02
1.771359999999999957e+02
2.125840000000000032e+02
2.613600000000000136e+02
3.150000000000000000e+02
3.760640000000000214e+02
4.759399999999999977e+02
5.812200000000000273e+02
6.734719999999999800e+02
8.507039999999999509e+02
1.049811999999999898e+03
1.263200000000000045e+03
1.504316000000000031e+03
1.818488000000000056e+03
2.319351999999999862e+03
2.753400000000000091e+03
3.168983999999999924e+03
3.916416000000000167e+03
4.971072000000000116e+03
5.754391999999999825e+03
7.050083999999999833e+03
8.582567999999999302e+03
1.039024799999999959e+04
