1.000000000000000000e+00
2.012000000000000011e+00
3.016000000000000014e+00
4.019999999999999574e+00
5.072000000000000064e+00
7.416000000000000369e+00
8.471999999999999531e+00
1.070800000000000018e+01
1.288000000000000078e+01
1.516399999999999970e+01
1.892000000000000171e+01
2.278399999999999892e+01
2.739600000000000080e+01
3.448799999999999955e+01
4.194400000000000261e+01
5.013600000000000279e+01
5.792799999999999727e+01
6.815999999999999659e+01
8.044799999999999329e+01
9.435200000000000387e+01
1.106440000000000055e+02
1.305360000000000014e+02
1.565440000000000111e+02
1.900240000000000009e+02
2.325360000000000014e+02
2.799599999999999795e+02
3.505600000000000023e+02
4.254159999999999968e+02
4.987959999999999923e+02
6.082160000000000082e+02
7.032240000000000464e+02
8.485280000000000200e+02
1.012456000000000017e+03
1.266352000000000089e+03
1.566887999999999920e+03
1.857288000000000011e+03
2.275527999999999793e+03
2.745344000000000051e+03
3.407295999999999822e+03
4.128359999999999673e+03
5.019520000000000437e+03
5.843260000000000218e+03
6.865427999999999884e+03
8.297816000000000713e+03
9.654379999999999200e+03
