1.000000000000000000e+00
1.945999999999999952e+00
3.061999999999999833e+00
4.169999999999999929e+00
5.179999999999999716e+00
7.259999999999999787e+00
8.195999999999999730e+00
1.019800000000000040e+01
1.189199999999999946e+01
1.369899999999999984e+01
1.643599999999999994e+01
1.889600000000000080e+01
2.189499999999999957e+01
2.605999999999999872e+01
3.275699999999999790e+01
3.921600000000000108e+01
4.765800000000000125e+01
5.833400000000000318e+01
6.940600000000000591e+01
8.465600000000000591e+01
1.033990000000000009e+02
1.260040000000000049e+02
1.507839999999999918e+02
1.813679999999999950e+02
2.256140000000000043e+02
2.713740000000000236e+02
3.231200000000000045e+02
3.848020000000000209e+02
4.663430000000000177e+02
5.661259999999999764e+02
6.865389999999999873e+02
8.251079999999999472e+02
9.852160000000000082e+02
1.213571999999999889e+03
1.470979000000000042e+03
1.749005000000000109e+03
2.107614000000000033e+03
2.546809999999999945e+03
3.171943999999999960e+03
3.876065999999999804e+03
4.658412000000000262e+03
5.507784999999999854e+03
6.756416000000000167e+03
8.146351999999999862e+03
9.906470999999999549e+03
