1.000000000000000000e+00
1.915999999999999925e+00
3.080000000000000071e+00
3.923999999999999932e+00
4.943999999999999950e+00
7.400000000000000355e+00
8.603999999999999204e+00
1.106000000000000050e+01
1.298399999999999999e+01
1.525200000000000067e+01
1.895200000000000173e+01
2.276800000000000068e+01
2.731200000000000117e+01
3.275200000000000244e+01
3.982399999999999807e+01
4.892000000000000171e+01
5.761200000000000188e+01
6.912000000000000455e+01
8.074399999999999977e+01
9.700000000000000000e+01
1.184560000000000031e+02
1.327199999999999989e+02
1.576279999999999859e+02
1.843679999999999950e+02
2.256959999999999980e+02
2.725760000000000218e+02
3.136159999999999854e+02
3.724399999999999977e+02
4.493159999999999741e+02
5.624519999999999982e+02
7.064719999999999800e+02
8.439600000000000364e+02
1.055240000000000009e+03
1.300104000000000042e+03
1.524087999999999965e+03
1.867344000000000051e+03
2.322472000000000207e+03
2.713903999999999996e+03
3.326487999999999829e+03
4.068744000000000142e+03
4.920536000000000058e+03
5.780859999999999673e+03
7.146684000000000196e+03
8.494647999999999229e+03
1.014760000000000036e+04
