1.000000000000000000e+00
1.919999999999999929e+00
3.048000000000000043e+00
4.097999999999999865e+00
5.261999999999999567e+00
7.224000000000000199e+00
8.167999999999999261e+00
1.010999999999999943e+01
1.188899999999999935e+01
1.348300000000000054e+01
1.585200000000000031e+01
1.794000000000000128e+01
2.034199999999999875e+01
2.375400000000000134e+01
2.785900000000000176e+01
3.118599999999999994e+01
3.690899999999999892e+01
4.259400000000000119e+01
4.889800000000000324e+01
5.645000000000000284e+01
6.643000000000000682e+01
7.799800000000000466e+01
9.336199999999999477e+01
1.103160000000000025e+02
1.342460000000000093e+02
1.675980000000000132e+02
2.046080000000000041e+02
2.481320000000000050e+02
3.090230000000000246e+02
3.861070000000000277e+02
4.691789999999999736e+02
5.753460000000000036e+02
7.215040000000000191e+02
9.141599999999999682e+02
1.134717000000000098e+03
1.417035000000000082e+03
1.738079999999999927e+03
2.204237999999999829e+03
2.738000000000000000e+03
3.464846000000000004e+03
4.307488000000000284e+03
5.232470999999999549e+03
6.552645999999999731e+03
8.184146999999999935e+03
9.883755999999999403e+03
