1.000000000000000000e+00
1.919999999999999929e+00
2.983999999999999986e+00
4.027999999999999581e+00
4.983999999999999986e+00
7.112000000000000099e+00
8.435999999999999943e+00
1.087199999999999989e+01
1.347600000000000087e+01
1.636799999999999855e+01
1.968799999999999883e+01
2.298799999999999955e+01
2.680000000000000071e+01
3.167999999999999972e+01
3.709199999999999875e+01
4.505599999999999739e+01
5.446000000000000085e+01
6.712000000000000455e+01
8.113599999999999568e+01
9.363200000000000500e+01
1.061280000000000001e+02
1.290639999999999930e+02
1.512359999999999900e+02
1.735440000000000111e+02
2.112640000000000100e+02
2.586159999999999854e+02
3.052239999999999895e+02
3.651360000000000241e+02
4.354200000000000159e+02
5.267519999999999527e+02
6.492519999999999527e+02
8.288640000000000327e+02
1.032531999999999925e+03
1.287584000000000060e+03
1.524276000000000067e+03
1.871200000000000045e+03
2.247503999999999905e+03
2.678135999999999967e+03
3.322063999999999851e+03
3.880119999999999891e+03
4.784207999999999629e+03
5.832688000000000102e+03
6.753796000000000276e+03
8.455067999999999302e+03
1.012468800000000010e+04
