1.000000000000000000e+00
2.027000000000000135e+00
3.097999999999999865e+00
4.067000000000000171e+00
5.160000000000000142e+00
7.150000000000000355e+00
8.217999999999999972e+00
1.033200000000000074e+01
1.249099999999999966e+01
1.446899999999999942e+01
1.753800000000000026e+01
2.107100000000000151e+01
2.507499999999999929e+01
3.014999999999999858e+01
3.595900000000000318e+01
4.239999999999999858e+01
5.063499999999999801e+01
6.272800000000000153e+01
7.627599999999999625e+01
9.103000000000000114e+01
1.130229999999999961e+02
1.345600000000000023e+02
1.635850000000000080e+02
1.943919999999999959e+02
2.323820000000000050e+02
2.766879999999999882e+02
3.391100000000000136e+02
4.090380000000000109e+02
4.858500000000000227e+02
6.001240000000000236e+02
6.996449999999999818e+02
8.337960000000000491e+02
1.021794999999999959e+03
1.213412000000000035e+03
1.484750000000000000e+03
1.847740000000000009e+03
2.263192000000000007e+03
2.765193999999999960e+03
3.320047999999999774e+03
4.091835999999999785e+03
4.905583999999999833e+03
5.899143000000000029e+03
7.111702000000000226e+03
8.570560999999999694e+03
1.016601200000000063e+04
