1.000000000000000000e+00
2.076000000000000068e+00
3.303999999999999826e+00
4.828000000000000291e+00
6.296000000000000263e+00
8.656000000000000583e+00
9.859999999999999432e+00
1.191600000000000037e+01
1.405199999999999960e+01
1.575600000000000023e+01
1.884799999999999898e+01
2.135600000000000165e+01
2.536400000000000077e+01
3.002400000000000091e+01
3.599600000000000222e+01
4.239200000000000301e+01
5.095199999999999818e+01
6.188000000000000256e+01
7.215999999999999659e+01
8.419199999999999307e+01
9.291599999999999682e+01
1.037120000000000033e+02
1.150720000000000027e+02
1.331359999999999957e+02
1.517839999999999918e+02
1.703600000000000136e+02
1.994240000000000066e+02
2.284000000000000057e+02
2.797080000000000268e+02
3.511080000000000041e+02
4.413319999999999936e+02
5.344479999999999791e+02
6.826879999999999882e+02
8.423200000000000500e+02
1.042784000000000106e+03
1.266516000000000076e+03
1.431039999999999964e+03
1.825448000000000093e+03
2.189791999999999916e+03
2.563880000000000109e+03
3.169728000000000065e+03
3.982360000000000127e+03
4.926340000000000146e+03
6.501159999999999854e+03
8.186279999999999745e+03
