1.000000000000000000e+00
1.989000000000000101e+00
3.065999999999999837e+00
4.025000000000000355e+00
5.155999999999999694e+00
7.288000000000000256e+00
8.224000000000000199e+00
1.006499999999999950e+01
1.202299999999999969e+01
1.408999999999999986e+01
1.684600000000000009e+01
2.007700000000000173e+01
2.355300000000000082e+01
2.850199999999999889e+01
3.522200000000000131e+01
4.131000000000000227e+01
4.892300000000000182e+01
5.967799999999999727e+01
6.992400000000000659e+01
8.653400000000000603e+01
1.060799999999999983e+02
1.279459999999999980e+02
1.553009999999999877e+02
1.871080000000000041e+02
2.278259999999999934e+02
2.727880000000000109e+02
3.340179999999999723e+02
4.022300000000000182e+02
4.845649999999999977e+02
5.795380000000000109e+02
7.083239999999999554e+02
8.668200000000000500e+02
1.056259999999999991e+03
1.287069999999999936e+03
1.571386999999999944e+03
1.903180000000000064e+03
2.336233999999999924e+03
2.774639999999999873e+03
3.283487999999999829e+03
4.042083999999999833e+03
4.887466000000000349e+03
5.911930000000000291e+03
7.165118000000000393e+03
8.585900999999999840e+03
1.022514700000000084e+04
