1.000000000000000000e+00
1.995999999999999996e+00
3.056000000000000050e+00
4.094999999999999751e+00
5.315999999999999837e+00
7.379999999999999893e+00
8.337999999999999190e+00
1.004700000000000060e+01
1.188499999999999979e+01
1.363499999999999979e+01
1.646399999999999864e+01
1.903000000000000114e+01
2.261199999999999832e+01
2.717999999999999972e+01
3.348899999999999721e+01
4.024399999999999977e+01
4.991100000000000136e+01
6.121200000000000330e+01
7.210399999999999920e+01
8.795799999999999841e+01
1.082960000000000065e+02
1.359000000000000057e+02
1.651030000000000086e+02
1.972760000000000105e+02
2.310999999999999943e+02
2.817719999999999914e+02
3.447919999999999732e+02
4.133140000000000214e+02
4.928999999999999773e+02
6.015670000000000073e+02
7.291109999999999900e+02
8.552540000000000191e+02
1.063939000000000078e+03
1.279122000000000071e+03
1.536695999999999913e+03
1.811808999999999969e+03
2.162594000000000051e+03
2.691061999999999898e+03
3.193275999999999840e+03
3.910960000000000036e+03
4.630793999999999869e+03
5.531939999999999600e+03
6.795114999999999782e+03
8.340609000000000378e+03
9.801212999999999738e+03
