1.000000000000000000e+00
2.012999999999999901e+00
3.065999999999999837e+00
4.108999999999999986e+00
5.200000000000000178e+00
7.259999999999999787e+00
8.224000000000000199e+00
1.035999999999999943e+01
1.215399999999999991e+01
1.423099999999999987e+01
1.695599999999999952e+01
2.001399999999999935e+01
2.378600000000000136e+01
2.866199999999999903e+01
3.550200000000000244e+01
4.318200000000000216e+01
5.135799999999999699e+01
6.234400000000000119e+01
7.562199999999999989e+01
9.289400000000000546e+01
1.130259999999999962e+02
1.340860000000000127e+02
1.651059999999999945e+02
1.976020000000000039e+02
2.318660000000000139e+02
2.862239999999999895e+02
3.446460000000000150e+02
4.143419999999999845e+02
4.922400000000000091e+02
5.889470000000000027e+02
7.090819999999999936e+02
8.649619999999999891e+02
1.046506000000000085e+03
1.227698000000000093e+03
1.448212999999999965e+03
1.726420000000000073e+03
2.157262000000000171e+03
2.658436000000000149e+03
3.185929999999999836e+03
3.852148000000000138e+03
4.691136000000000422e+03
5.811987000000000080e+03
7.061287999999999556e+03
8.387155000000000655e+03
1.030277700000000004e+04
