1.000000000000000000e+00
1.995999999999999996e+00
3.000000000000000000e+00
3.987999999999999989e+00
4.863999999999999879e+00
6.863999999999999879e+00
7.988000000000000433e+00
9.795999999999999375e+00
1.105599999999999916e+01
1.304800000000000004e+01
1.592800000000000082e+01
1.961599999999999966e+01
2.310000000000000142e+01
2.895200000000000173e+01
3.552000000000000313e+01
4.227199999999999847e+01
5.156799999999999784e+01
6.153600000000000136e+01
7.351200000000000045e+01
9.056799999999999784e+01
1.102000000000000028e+02
1.313280000000000030e+02
1.566399999999999864e+02
1.875120000000000005e+02
2.278480000000000132e+02
2.770480000000000018e+02
3.384080000000000155e+02
4.013439999999999941e+02
4.745799999999999841e+02
5.761720000000000255e+02
6.927720000000000482e+02
8.466240000000000236e+02
1.021235999999999990e+03
1.162903999999999996e+03
1.437155999999999949e+03
1.734776000000000067e+03
2.109911999999999807e+03
2.471440000000000055e+03
2.963391999999999825e+03
3.729719999999999800e+03
4.430112000000000080e+03
5.573271999999999935e+03
6.644920000000000073e+03
7.981347999999999956e+03
9.678059999999999491e+03
