1.000000000000000000e+00
2.020000000000000018e+00
2.983999999999999986e+00
3.995999999999999996e+00
4.919999999999999929e+00
6.943999999999999950e+00
7.836000000000000298e+00
9.955999999999999517e+00
1.162800000000000011e+01
1.374000000000000021e+01
1.663200000000000145e+01
1.968400000000000105e+01
2.341199999999999903e+01
2.892000000000000171e+01
3.596000000000000085e+01
4.317600000000000193e+01
5.152799999999999869e+01
5.954399999999999693e+01
7.379999999999999716e+01
9.003199999999999648e+01
1.112680000000000007e+02
1.307359999999999900e+02
1.556399999999999864e+02
1.941759999999999877e+02
2.323520000000000039e+02
2.842320000000000277e+02
3.272559999999999718e+02
3.791200000000000045e+02
4.766279999999999859e+02
5.800040000000000191e+02
6.879439999999999600e+02
8.434800000000000182e+02
1.065352000000000089e+03
1.344415999999999940e+03
1.603859999999999900e+03
1.827551999999999907e+03
2.243648000000000138e+03
2.651384000000000015e+03
3.177623999999999796e+03
3.844039999999999964e+03
4.711823999999999614e+03
5.484015999999999622e+03
6.428768000000000029e+03
7.821787999999999556e+03
9.586824000000000524e+03
