1.000000000000000000e+00
2.032000000000000028e+00
3.129999999999999893e+00
4.107000000000000206e+00
5.185999999999999943e+00
7.163999999999999702e+00
8.064999999999999503e+00
1.008500000000000085e+01
1.211500000000000021e+01
1.391999999999999993e+01
1.656599999999999895e+01
1.923300000000000054e+01
2.282199999999999918e+01
2.715200000000000102e+01
3.444200000000000017e+01
4.113000000000000256e+01
4.939200000000000301e+01
5.939000000000000057e+01
6.999599999999999511e+01
8.529000000000000625e+01
1.033930000000000007e+02
1.280800000000000125e+02
1.540399999999999920e+02
1.843400000000000034e+02
2.259619999999999891e+02
2.789139999999999873e+02
3.427420000000000186e+02
4.100419999999999732e+02
4.926139999999999759e+02
5.970990000000000464e+02
7.255140000000000100e+02
8.761140000000000327e+02
1.073146999999999935e+03
1.298195999999999913e+03
1.594217000000000098e+03
1.874707000000000107e+03
2.259177999999999884e+03
2.694972000000000207e+03
3.220572000000000116e+03
3.929902000000000044e+03
4.801590000000000146e+03
5.706717999999999847e+03
6.798132999999999811e+03
8.047234000000000378e+03
9.693291999999999462e+03
