1.000000000000000000e+00
2.037999999999999812e+00
2.947999999999999954e+00
3.980999999999999872e+00
4.980000000000000426e+00
6.775999999999999801e+00
7.847999999999999865e+00
9.692000000000000171e+00
1.156000000000000050e+01
1.354199999999999982e+01
1.655000000000000071e+01
1.936799999999999855e+01
2.317599999999999838e+01
2.805600000000000094e+01
3.462700000000000244e+01
4.219200000000000017e+01
5.163100000000000023e+01
6.385600000000000165e+01
7.548399999999999466e+01
9.207999999999999829e+01
1.118550000000000040e+02
1.341719999999999970e+02
1.625109999999999957e+02
1.891920000000000073e+02
2.310420000000000016e+02
2.789519999999999982e+02
3.390339999999999918e+02
4.170539999999999736e+02
5.045559999999999832e+02
6.095829999999999700e+02
7.409880000000000564e+02
9.095900000000000318e+02
1.101656999999999925e+03
1.337652000000000044e+03
1.579855000000000018e+03
1.882318999999999960e+03
2.253679999999999836e+03
2.759864000000000033e+03
3.337188000000000102e+03
4.116764000000000124e+03
4.937899999999999636e+03
6.002787999999999556e+03
7.145505000000000109e+03
8.595968000000000757e+03
1.046401399999999921e+04
