1.000000000000000000e+00
1.971999999999999975e+00
3.056000000000000050e+00
4.168999999999999595e+00
5.240000000000000213e+00
7.285999999999999588e+00
8.327999999999999403e+00
1.070599999999999952e+01
1.290099999999999980e+01
1.483399999999999963e+01
1.756200000000000117e+01
2.052899999999999991e+01
2.462000000000000099e+01
2.967800000000000082e+01
3.627400000000000091e+01
4.276400000000000290e+01
5.257800000000000296e+01
6.377600000000000335e+01
7.431600000000000250e+01
9.217799999999999727e+01
1.107500000000000000e+02
1.324079999999999870e+02
1.610980000000000132e+02
1.951419999999999959e+02
2.397160000000000082e+02
2.856220000000000141e+02
3.468519999999999754e+02
4.193059999999999832e+02
5.063500000000000227e+02
6.069450000000000500e+02
7.438300000000000409e+02
9.044600000000000364e+02
1.095801999999999907e+03
1.303971999999999980e+03
1.566305000000000064e+03
1.888442999999999984e+03
2.269273999999999887e+03
2.776425999999999931e+03
3.347655999999999949e+03
4.014123999999999796e+03
4.885252000000000407e+03
5.837801000000000386e+03
6.898730999999999767e+03
8.417559999999999491e+03
1.019209000000000015e+04
