1.000000000000000000e+00
2.016999999999999904e+00
3.008000000000000007e+00
3.940999999999999837e+00
4.993999999999999773e+00
7.081999999999999851e+00
8.022000000000000242e+00
9.782000000000000028e+00
1.186200000000000010e+01
1.383799999999999919e+01
1.687399999999999878e+01
2.021000000000000085e+01
2.406700000000000017e+01
2.910399999999999920e+01
3.600999999999999801e+01
4.303399999999999892e+01
5.263000000000000256e+01
6.378199999999999648e+01
7.508400000000000318e+01
8.909399999999999409e+01
1.087620000000000005e+02
1.300219999999999914e+02
1.533259999999999934e+02
1.881179999999999950e+02
2.251620000000000061e+02
2.795260000000000105e+02
3.340459999999999923e+02
4.034820000000000277e+02
4.836909999999999741e+02
5.739070000000000391e+02
6.916839999999999691e+02
8.690019999999999527e+02
1.064451000000000022e+03
1.269592000000000098e+03
1.521170000000000073e+03
1.857376999999999953e+03
2.239277999999999793e+03
2.761943999999999960e+03
3.325304000000000087e+03
4.030521999999999935e+03
4.921438000000000102e+03
6.014270000000000437e+03
7.235800000000000182e+03
8.725487999999999374e+03
1.030249099999999999e+04
