1.000000000000000000e+00
1.979999999999999982e+00
3.008000000000000007e+00
4.043999999999999595e+00
5.016000000000000014e+00
7.104000000000000092e+00
7.903999999999999915e+00
1.009200000000000053e+01
1.255599999999999916e+01
1.518800000000000061e+01
1.694399999999999906e+01
1.980000000000000071e+01
2.397200000000000131e+01
2.944800000000000040e+01
3.840400000000000347e+01
4.543200000000000216e+01
5.150399999999999778e+01
6.068800000000000239e+01
7.125600000000000023e+01
8.878400000000000603e+01
1.085040000000000049e+02
1.316160000000000139e+02
1.576479999999999961e+02
1.888400000000000034e+02
2.317040000000000077e+02
2.861039999999999850e+02
3.442320000000000277e+02
4.188159999999999741e+02
4.969639999999999986e+02
6.054880000000000564e+02
7.209600000000000364e+02
8.969360000000000355e+02
1.101920000000000073e+03
1.321135999999999967e+03
1.633044000000000096e+03
1.995208000000000084e+03
2.461264000000000124e+03
2.887168000000000120e+03
3.495463999999999942e+03
4.370967999999999847e+03
5.586768000000000029e+03
6.455260000000000218e+03
7.726876000000000204e+03
9.129724000000000160e+03
1.062124400000000060e+04
