1.000000000000000000e+00
1.903999999999999915e+00
2.791999999999999815e+00
4.000000000000000000e+00
4.975999999999999979e+00
6.919999999999999929e+00
8.119999999999999218e+00
1.048799999999999955e+01
1.268399999999999928e+01
1.474799999999999933e+01
1.762399999999999878e+01
2.020400000000000063e+01
2.464399999999999835e+01
2.987199999999999989e+01
3.847200000000000131e+01
4.727199999999999847e+01
5.584000000000000341e+01
6.371999999999999886e+01
7.606399999999999295e+01
9.371200000000000330e+01
1.138799999999999955e+02
1.350320000000000107e+02
1.623720000000000141e+02
1.968720000000000141e+02
2.430639999999999930e+02
2.960720000000000027e+02
3.489680000000000177e+02
4.134479999999999791e+02
5.118120000000000118e+02
6.272039999999999509e+02
7.604719999999999800e+02
8.967680000000000291e+02
1.005043999999999983e+03
1.237432000000000016e+03
1.506228000000000065e+03
1.966599999999999909e+03
2.275543999999999869e+03
2.801880000000000109e+03
3.365032000000000153e+03
3.922327999999999975e+03
4.670640000000000327e+03
5.519659999999999854e+03
6.849844000000000051e+03
8.294827999999999520e+03
9.994443999999999505e+03
