1.000000000000000000e+00
2.029999999999999805e+00
3.061999999999999833e+00
4.100999999999999979e+00
5.096000000000000085e+00
7.083999999999999631e+00
8.106999999999999318e+00
1.014899999999999913e+01
1.219599999999999973e+01
1.415799999999999947e+01
1.705999999999999872e+01
2.058299999999999841e+01
2.411199999999999832e+01
2.947400000000000020e+01
3.575900000000000034e+01
4.284199999999999875e+01
5.189300000000000068e+01
6.281600000000000250e+01
7.392799999999999727e+01
9.039799999999999613e+01
1.091590000000000060e+02
1.302839999999999918e+02
1.556020000000000039e+02
1.930639999999999930e+02
2.393259999999999934e+02
2.913039999999999736e+02
3.442839999999999918e+02
4.153480000000000132e+02
5.003330000000000268e+02
5.957559999999999718e+02
7.033429999999999609e+02
8.636559999999999491e+02
1.043376999999999953e+03
1.270587999999999965e+03
1.531583000000000084e+03
1.822292999999999893e+03
2.229673999999999978e+03
2.700905999999999949e+03
3.233320000000000164e+03
3.885248000000000047e+03
4.674176000000000386e+03
5.756296999999999571e+03
7.142512999999999920e+03
8.702415000000000873e+03
1.043823400000000038e+04
