1.000000000000000000e+00
2.016000000000000014e+00
3.217999999999999972e+00
4.363000000000000433e+00
5.456000000000000405e+00
7.402000000000000135e+00
8.529999999999999361e+00
1.055700000000000038e+01
1.263000000000000078e+01
1.452100000000000080e+01
1.699399999999999977e+01
1.947200000000000131e+01
2.306500000000000128e+01
2.694999999999999929e+01
3.306199999999999761e+01
3.982200000000000273e+01
4.807999999999999829e+01
5.937400000000000233e+01
6.981799999999999784e+01
8.402599999999999625e+01
1.022030000000000030e+02
1.250340000000000060e+02
1.505579999999999927e+02
1.855800000000000125e+02
2.302040000000000077e+02
2.773179999999999836e+02
3.309879999999999995e+02
3.963840000000000146e+02
4.819569999999999936e+02
5.704809999999999945e+02
6.907119999999999891e+02
8.441399999999999864e+02
1.022235999999999990e+03
1.234773999999999887e+03
1.491768000000000029e+03
1.846276000000000067e+03
2.221148000000000138e+03
2.685152000000000044e+03
3.250635999999999967e+03
3.932353999999999814e+03
4.729695999999999913e+03
5.647363999999999578e+03
6.794421000000000276e+03
8.191237000000000080e+03
1.003166500000000087e+04
