1.000000000000000000e+00
1.965999999999999970e+00
2.967999999999999972e+00
3.927000000000000046e+00
4.879999999999999893e+00
6.823999999999999844e+00
7.794999999999999929e+00
9.721999999999999531e+00
1.150600000000000023e+01
1.313400000000000034e+01
1.630199999999999960e+01
1.935300000000000153e+01
2.387699999999999889e+01
2.892200000000000060e+01
3.653799999999999670e+01
4.448199999999999932e+01
5.243200000000000216e+01
6.311200000000000188e+01
7.582200000000000273e+01
9.047400000000000375e+01
1.098940000000000055e+02
1.316560000000000059e+02
1.596239999999999952e+02
1.936800000000000068e+02
2.277839999999999918e+02
2.702019999999999982e+02
3.263419999999999845e+02
3.995140000000000100e+02
4.806440000000000055e+02
5.775710000000000264e+02
6.926090000000000373e+02
8.531820000000000164e+02
1.037355999999999995e+03
1.253862000000000080e+03
1.533040999999999940e+03
1.844529999999999973e+03
2.242543999999999869e+03
2.679896000000000186e+03
3.239751999999999953e+03
3.943313999999999851e+03
4.825427999999999884e+03
5.737041000000000167e+03
6.939797999999999774e+03
8.394393000000000029e+03
1.020758100000000013e+04
