1.000000000000000000e+00
1.987999999999999989e+00
3.064000000000000057e+00
4.059999999999999609e+00
5.336000000000000298e+00
7.088000000000000078e+00
7.959999999999999964e+00
9.775999999999999801e+00
1.209600000000000009e+01
1.387199999999999989e+01
1.611199999999999832e+01
1.839600000000000080e+01
2.267200000000000060e+01
2.700000000000000000e+01
3.243999999999999773e+01
3.974399999999999977e+01
4.876400000000000290e+01
5.892000000000000171e+01
7.070399999999999352e+01
8.025600000000000023e+01
9.911599999999999966e+01
1.182720000000000056e+02
1.467880000000000109e+02
1.795999999999999943e+02
2.193600000000000136e+02
2.652320000000000277e+02
3.258559999999999945e+02
3.893120000000000118e+02
4.840840000000000032e+02
5.657680000000000291e+02
7.073079999999999927e+02
8.943360000000000127e+02
1.071067999999999984e+03
1.255175999999999931e+03
1.503915999999999940e+03
1.811263999999999896e+03
2.281023999999999887e+03
2.758311999999999898e+03
3.201735999999999876e+03
3.671583999999999833e+03
4.318167999999999665e+03
5.404171999999999571e+03
6.583068000000000211e+03
7.633431999999999789e+03
8.890827999999999520e+03
