1.000000000000000000e+00
2.036000000000000032e+00
3.040000000000000036e+00
4.075999999999999623e+00
5.248000000000000220e+00
8.000000000000000000e+00
8.932000000000000384e+00
1.113599999999999923e+01
1.328400000000000070e+01
1.595199999999999996e+01
1.863200000000000145e+01
2.192399999999999949e+01
2.789999999999999858e+01
3.347999999999999687e+01
4.020000000000000284e+01
4.689600000000000080e+01
5.679599999999999937e+01
6.789600000000000080e+01
7.756000000000000227e+01
9.323199999999999932e+01
1.150439999999999969e+02
1.369279999999999973e+02
1.643000000000000114e+02
2.062800000000000011e+02
2.475920000000000130e+02
2.897599999999999909e+02
3.405760000000000218e+02
4.053279999999999745e+02
4.825840000000000032e+02
5.753400000000000318e+02
6.661839999999999691e+02
8.056399999999999864e+02
9.724640000000000555e+02
1.176367999999999938e+03
1.394220000000000027e+03
1.700511999999999944e+03
2.154527999999999793e+03
2.560992000000000189e+03
3.060543999999999869e+03
3.762367999999999938e+03
4.501328000000000429e+03
5.546032000000000153e+03
6.632844000000000051e+03
8.005180000000000291e+03
1.018505999999999949e+04
