1.000000000000000000e+00
1.979999999999999982e+00
3.105999999999999872e+00
4.104000000000000092e+00
5.209999999999999964e+00
7.328000000000000291e+00
8.282999999999999474e+00
1.023000000000000043e+01
1.216900000000000048e+01
1.383600000000000030e+01
1.666400000000000148e+01
1.941799999999999926e+01
2.331899999999999906e+01
2.778600000000000136e+01
3.367699999999999960e+01
4.064399999999999835e+01
4.903600000000000136e+01
5.985600000000000165e+01
7.335999999999999943e+01
9.025600000000000023e+01
1.096560000000000059e+02
1.316759999999999877e+02
1.587270000000000039e+02
1.946599999999999966e+02
2.358660000000000139e+02
2.806440000000000055e+02
3.372060000000000173e+02
4.083159999999999741e+02
4.967350000000000136e+02
6.035209999999999582e+02
7.338360000000000127e+02
8.659679999999999609e+02
1.055686999999999898e+03
1.260375999999999976e+03
1.521196999999999889e+03
1.850670000000000073e+03
2.212684000000000196e+03
2.697461999999999989e+03
3.209456000000000131e+03
3.844731999999999971e+03
4.713666000000000167e+03
5.718434000000000196e+03
6.785913999999999760e+03
8.382870999999999185e+03
1.033394299999999930e+04
