1.000000000000000000e+00
1.832000000000000073e+00
2.807999999999999829e+00
4.024000000000000021e+00
5.160000000000000142e+00
7.128000000000000114e+00
8.151999999999999247e+00
1.015600000000000058e+01
1.244800000000000040e+01
1.482399999999999984e+01
1.837600000000000122e+01
2.147599999999999909e+01
2.685200000000000031e+01
3.202400000000000091e+01
4.057200000000000273e+01
4.761599999999999966e+01
5.841199999999999903e+01
6.741599999999999682e+01
7.825600000000000023e+01
8.983199999999999363e+01
1.073119999999999976e+02
1.357359999999999900e+02
1.610519999999999925e+02
1.973439999999999941e+02
2.310080000000000098e+02
2.978079999999999927e+02
3.429920000000000186e+02
3.864959999999999809e+02
4.762559999999999718e+02
5.819039999999999964e+02
6.954719999999999800e+02
8.224719999999999800e+02
1.005879999999999995e+03
1.228615999999999985e+03
1.469203999999999951e+03
1.826736000000000104e+03
2.227831999999999880e+03
2.746023999999999887e+03
3.300192000000000007e+03
3.816695999999999913e+03
4.638511999999999716e+03
5.538756000000000313e+03
6.453528000000000247e+03
7.784015999999999622e+03
9.751028000000000247e+03
