1.000000000000000000e+00
2.023000000000000131e+00
2.979999999999999982e+00
4.001999999999999780e+00
5.032000000000000028e+00
7.118000000000000327e+00
8.019999999999999574e+00
1.014499999999999957e+01
1.216900000000000048e+01
1.420800000000000018e+01
1.742999999999999972e+01
2.083699999999999974e+01
2.432499999999999929e+01
2.930999999999999872e+01
3.633400000000000318e+01
4.331400000000000006e+01
5.340699999999999648e+01
6.594400000000000261e+01
7.717400000000000659e+01
9.342600000000000193e+01
1.125190000000000055e+02
1.330380000000000109e+02
1.616779999999999973e+02
1.944079999999999870e+02
2.376980000000000075e+02
2.930419999999999732e+02
3.506739999999999782e+02
4.177860000000000014e+02
5.027370000000000232e+02
6.035049999999999955e+02
7.088909999999999627e+02
8.614980000000000473e+02
1.019933999999999969e+03
1.237731999999999971e+03
1.487057000000000016e+03
1.801451999999999998e+03
2.169307999999999993e+03
2.584507999999999811e+03
3.161827999999999975e+03
3.863976000000000113e+03
4.646484000000000378e+03
5.604739999999999782e+03
6.691757999999999811e+03
8.119720999999999549e+03
9.821218999999999141e+03
