1.000000000000000000e+00
2.144000000000000128e+00
3.168000000000000149e+00
3.959999999999999964e+00
5.136000000000000121e+00
6.991999999999999993e+00
8.032000000000000028e+00
1.003200000000000003e+01
1.217200000000000060e+01
1.437599999999999945e+01
1.815200000000000102e+01
2.156400000000000006e+01
2.541600000000000037e+01
3.104799999999999827e+01
3.934400000000000119e+01
4.688000000000000256e+01
5.529599999999999937e+01
6.458400000000000318e+01
7.635999999999999943e+01
9.307999999999999829e+01
1.133400000000000034e+02
1.334639999999999986e+02
1.562319999999999993e+02
1.968640000000000043e+02
2.392719999999999914e+02
2.921600000000000250e+02
3.629680000000000177e+02
4.416879999999999882e+02
5.376680000000000064e+02
6.389199999999999591e+02
7.896200000000000045e+02
9.350240000000000009e+02
1.101955999999999904e+03
1.372528000000000020e+03
1.579480000000000018e+03
1.876228000000000065e+03
2.259039999999999964e+03
2.727864000000000033e+03
3.295896000000000186e+03
4.046751999999999953e+03
4.715543999999999869e+03
5.613931999999999789e+03
6.911231999999999971e+03
8.202036000000000058e+03
1.030052399999999943e+04
