1.000000000000000000e+00
1.979000000000000092e+00
2.935999999999999943e+00
3.966000000000000192e+00
4.982000000000000206e+00
7.046000000000000263e+00
8.092000000000000526e+00
1.016200000000000081e+01
1.203800000000000026e+01
1.370400000000000063e+01
1.661400000000000077e+01
1.937300000000000111e+01
2.267000000000000171e+01
2.775400000000000134e+01
3.424900000000000233e+01
4.201599999999999824e+01
5.055100000000000193e+01
6.058599999999999852e+01
7.306399999999999295e+01
8.901999999999999602e+01
1.071610000000000014e+02
1.297580000000000098e+02
1.579459999999999980e+02
1.922700000000000102e+02
2.314579999999999984e+02
2.789279999999999973e+02
3.256560000000000059e+02
3.907780000000000200e+02
4.753279999999999745e+02
5.786319999999999482e+02
7.101910000000000309e+02
8.660839999999999463e+02
1.020830000000000041e+03
1.249804000000000087e+03
1.523858999999999924e+03
1.872923000000000002e+03
2.215112000000000080e+03
2.637561999999999898e+03
3.222324000000000069e+03
3.888186000000000149e+03
4.696079999999999927e+03
5.634529999999999745e+03
6.901903000000000247e+03
8.237247999999999593e+03
1.004934399999999914e+04
