1.000000000000000000e+00
1.971999999999999975e+00
3.343999999999999861e+00
4.304000000000000270e+00
5.647999999999999687e+00
7.943999999999999950e+00
9.199999999999999289e+00
1.207199999999999918e+01
1.443200000000000038e+01
1.712399999999999878e+01
2.067200000000000060e+01
2.355199999999999960e+01
2.728399999999999892e+01
3.213600000000000279e+01
3.792799999999999727e+01
4.487199999999999989e+01
5.232800000000000296e+01
5.983200000000000074e+01
6.838400000000000034e+01
7.690399999999999636e+01
8.692799999999999727e+01
9.980800000000000693e+01
1.095600000000000023e+02
1.275919999999999987e+02
1.437280000000000086e+02
1.666320000000000050e+02
1.912560000000000002e+02
2.178079999999999927e+02
2.688399999999999750e+02
3.244200000000000159e+02
3.941480000000000246e+02
4.743039999999999736e+02
6.043600000000000136e+02
7.392319999999999709e+02
8.498440000000000509e+02
1.019847999999999956e+03
1.249720000000000027e+03
1.604768000000000029e+03
1.860016000000000076e+03
2.313871999999999844e+03
2.953543999999999869e+03
3.747815999999999804e+03
4.474307999999999993e+03
5.662604000000000269e+03
7.035792000000000371e+03
