1.000000000000000000e+00
1.983999999999999986e+00
3.024000000000000021e+00
3.992999999999999883e+00
5.008000000000000007e+00
7.187999999999999723e+00
8.134000000000000341e+00
1.031300000000000061e+01
1.244500000000000028e+01
1.414700000000000024e+01
1.725000000000000000e+01
2.054299999999999926e+01
2.442099999999999937e+01
2.917599999999999838e+01
3.630899999999999750e+01
4.291199999999999903e+01
5.142699999999999960e+01
6.359000000000000341e+01
7.507599999999999341e+01
9.026399999999999579e+01
1.103490000000000038e+02
1.333580000000000041e+02
1.638710000000000093e+02
1.908919999999999959e+02
2.304379999999999882e+02
2.766940000000000168e+02
3.358480000000000132e+02
4.027959999999999923e+02
4.838600000000000136e+02
5.801630000000000109e+02
6.978319999999999936e+02
8.447240000000000464e+02
1.023115000000000009e+03
1.239362000000000080e+03
1.515240000000000009e+03
1.809703999999999951e+03
2.215110000000000127e+03
2.682684000000000196e+03
3.260079999999999927e+03
3.941800000000000182e+03
4.705654000000000451e+03
5.574350000000000364e+03
6.767568000000000211e+03
8.218157999999999447e+03
9.902703999999999724e+03
