1.000000000000000000e+00
2.000000000000000000e+00
3.073999999999999844e+00
4.089999999999999858e+00
5.171999999999999709e+00
7.203999999999999737e+00
8.359999999999999432e+00
1.034500000000000064e+01
1.219899999999999984e+01
1.425399999999999956e+01
1.686400000000000077e+01
1.999899999999999878e+01
2.391600000000000037e+01
2.883200000000000074e+01
3.532900000000000063e+01
4.244200000000000017e+01
5.203799999999999670e+01
6.203799999999999670e+01
7.387199999999999989e+01
8.992000000000000171e+01
1.111830000000000069e+02
1.377040000000000077e+02
1.669850000000000136e+02
1.995860000000000127e+02
2.383540000000000134e+02
2.830020000000000095e+02
3.487500000000000000e+02
4.128120000000000118e+02
4.996250000000000000e+02
5.981269999999999527e+02
7.194249999999999545e+02
8.627740000000000009e+02
1.039046000000000049e+03
1.261958000000000084e+03
1.462883000000000038e+03
1.702500999999999976e+03
2.059523999999999887e+03
2.494786000000000058e+03
3.031711999999999989e+03
3.666628000000000156e+03
4.534938000000000102e+03
5.575389000000000124e+03
6.680818000000000211e+03
8.020618000000000393e+03
9.948311999999999898e+03
