1.000000000000000000e+00
2.024000000000000021e+00
3.120000000000000107e+00
4.203999999999999737e+00
5.216000000000000192e+00
7.336000000000000298e+00
8.348000000000000753e+00
1.060800000000000054e+01
1.238400000000000034e+01
1.476399999999999935e+01
1.797599999999999909e+01
2.069600000000000151e+01
2.570799999999999841e+01
3.000799999999999912e+01
3.740400000000000347e+01
4.569599999999999795e+01
5.496399999999999864e+01
6.424800000000000466e+01
7.964799999999999613e+01
9.069599999999999795e+01
1.042079999999999984e+02
1.213679999999999950e+02
1.418559999999999945e+02
1.753360000000000127e+02
2.146639999999999873e+02
2.521119999999999948e+02
3.091759999999999877e+02
3.706000000000000227e+02
4.584359999999999786e+02
5.777000000000000455e+02
6.757559999999999718e+02
8.236799999999999500e+02
1.000360000000000014e+03
1.171511999999999944e+03
1.453508000000000038e+03
1.769028000000000020e+03
2.151208000000000084e+03
2.590039999999999964e+03
3.195527999999999793e+03
4.004344000000000051e+03
4.845655999999999949e+03
5.674368000000000393e+03
6.790796000000000276e+03
7.792636000000000422e+03
9.469672000000000480e+03
