1.000000000000000000e+00
1.941999999999999948e+00
3.076000000000000068e+00
4.092999999999999972e+00
5.266000000000000014e+00
7.557999999999999829e+00
8.752000000000000668e+00
1.073700000000000010e+01
1.268099999999999916e+01
1.454499999999999993e+01
1.723999999999999844e+01
1.962500000000000000e+01
2.345599999999999952e+01
2.755199999999999960e+01
3.396200000000000330e+01
4.046999999999999886e+01
4.923899999999999721e+01
5.939200000000000301e+01
7.047199999999999420e+01
8.793000000000000682e+01
1.062450000000000045e+02
1.306819999999999879e+02
1.595869999999999891e+02
1.913959999999999866e+02
2.345579999999999927e+02
2.730659999999999741e+02
3.292119999999999891e+02
3.953079999999999927e+02
4.728260000000000218e+02
5.790449999999999591e+02
6.975080000000000382e+02
8.489299999999999500e+02
1.050060999999999922e+03
1.243491999999999962e+03
1.542507000000000062e+03
1.858794000000000096e+03
2.302692000000000007e+03
2.761088000000000193e+03
3.354358000000000175e+03
4.022952000000000226e+03
4.837778000000000247e+03
5.900707000000000335e+03
7.058257999999999811e+03
8.562693999999999505e+03
1.023445299999999952e+04
