1.000000000000000000e+00
2.016999999999999904e+00
3.032000000000000028e+00
3.994000000000000217e+00
4.980000000000000426e+00
6.964000000000000412e+00
7.945999999999999730e+00
1.002699999999999925e+01
1.200000000000000000e+01
1.378800000000000026e+01
1.689399999999999835e+01
1.972800000000000153e+01
2.352100000000000080e+01
2.831800000000000139e+01
3.614200000000000301e+01
4.302199999999999847e+01
5.225800000000000267e+01
6.391599999999999682e+01
7.611400000000000432e+01
9.207399999999999807e+01
1.104459999999999980e+02
1.318899999999999864e+02
1.592779999999999916e+02
1.916020000000000039e+02
2.333979999999999961e+02
2.844139999999999873e+02
3.356039999999999850e+02
4.045480000000000018e+02
4.809630000000000223e+02
5.696520000000000437e+02
6.904160000000000537e+02
8.324940000000000282e+02
1.002448999999999955e+03
1.235104000000000042e+03
1.507816000000000031e+03
1.802381000000000085e+03
2.179367999999999938e+03
2.623219999999999800e+03
3.194364000000000033e+03
3.857840000000000146e+03
4.716636000000000422e+03
5.559512999999999920e+03
6.772140999999999622e+03
8.091704999999999927e+03
9.699976000000000568e+03
