1.000000000000000000e+00
1.979999999999999982e+00
3.176000000000000156e+00
4.067999999999999616e+00
5.168000000000000149e+00
7.519999999999999574e+00
8.439999999999999503e+00
1.001999999999999957e+01
1.229599999999999937e+01
1.452800000000000047e+01
1.791199999999999903e+01
2.132000000000000028e+01
2.523199999999999932e+01
3.080799999999999983e+01
3.896399999999999864e+01
4.705599999999999739e+01
5.647599999999999909e+01
6.650400000000000489e+01
7.856799999999999784e+01
9.110399999999999920e+01
1.110879999999999939e+02
1.349679999999999893e+02
1.596879999999999882e+02
1.880879999999999939e+02
2.377439999999999998e+02
2.743999999999999773e+02
3.264719999999999800e+02
4.038480000000000132e+02
4.956399999999999864e+02
5.803360000000000127e+02
7.256480000000000246e+02
8.863440000000000509e+02
1.015991999999999962e+03
1.250079999999999927e+03
1.455740000000000009e+03
1.747531999999999925e+03
2.177391999999999825e+03
2.646679999999999836e+03
3.293239999999999782e+03
3.905463999999999942e+03
4.651591999999999643e+03
5.508420000000000073e+03
6.706180000000000291e+03
7.894912000000000262e+03
9.827879999999999200e+03
