1.000000000000000000e+00
1.983999999999999986e+00
2.983999999999999986e+00
3.971999999999999975e+00
5.152000000000000135e+00
6.951999999999999957e+00
7.951999999999999957e+00
9.896000000000000796e+00
1.186800000000000033e+01
1.416000000000000014e+01
1.762399999999999878e+01
2.049200000000000088e+01
2.470400000000000063e+01
2.933599999999999852e+01
3.587599999999999767e+01
4.224000000000000199e+01
4.914000000000000057e+01
6.122399999999999665e+01
7.353600000000000136e+01
8.680800000000000693e+01
1.020999999999999943e+02
1.280399999999999920e+02
1.644600000000000080e+02
1.968480000000000132e+02
2.375200000000000102e+02
2.891920000000000073e+02
3.633919999999999959e+02
4.361600000000000250e+02
5.330040000000000191e+02
6.442599999999999909e+02
7.761960000000000264e+02
9.006480000000000246e+02
1.054124000000000024e+03
1.262711999999999989e+03
1.486291999999999916e+03
1.750559999999999945e+03
2.123231999999999971e+03
2.512103999999999814e+03
3.005768000000000029e+03
3.578271999999999935e+03
4.564847999999999956e+03
5.387475999999999658e+03
6.583351999999999862e+03
8.193512000000000626e+03
1.021170399999999972e+04
