1.000000000000000000e+00
1.939999999999999947e+00
2.847999999999999865e+00
3.684000000000000163e+00
4.927999999999999936e+00
6.791999999999999815e+00
7.687999999999999723e+00
9.724000000000000199e+00
1.189600000000000080e+01
1.397199999999999953e+01
1.739199999999999946e+01
2.019200000000000017e+01
2.383999999999999986e+01
2.909600000000000009e+01
3.539200000000000301e+01
4.343999999999999773e+01
5.203600000000000136e+01
6.377600000000000335e+01
7.370399999999999352e+01
8.725600000000000023e+01
1.065559999999999974e+02
1.306719999999999970e+02
1.556160000000000139e+02
1.970399999999999920e+02
2.405600000000000023e+02
2.789920000000000186e+02
3.434159999999999968e+02
4.116720000000000255e+02
4.914359999999999786e+02
5.997279999999999518e+02
7.394360000000000355e+02
9.180720000000000027e+02
1.087955999999999904e+03
1.306983999999999924e+03
1.603864000000000033e+03
1.905819999999999936e+03
2.295760000000000218e+03
2.673695999999999913e+03
3.324344000000000051e+03
3.985128000000000156e+03
4.693551999999999680e+03
5.477372000000000298e+03
6.665380000000000109e+03
7.687307999999999993e+03
9.075415999999999258e+03
