1.000000000000000000e+00
2.016000000000000014e+00
3.096000000000000085e+00
4.256000000000000227e+00
5.631999999999999673e+00
7.799999999999999822e+00
8.763999999999999346e+00
1.093999999999999950e+01
1.243599999999999994e+01
1.482399999999999984e+01
1.770400000000000063e+01
2.005999999999999872e+01
2.324800000000000111e+01
2.832799999999999940e+01
3.404800000000000182e+01
4.058400000000000318e+01
4.775200000000000244e+01
5.465599999999999881e+01
6.221600000000000108e+01
7.297599999999999909e+01
8.751200000000000045e+01
9.833599999999999852e+01
1.112240000000000038e+02
1.308240000000000123e+02
1.461040000000000134e+02
1.733919999999999959e+02
2.120720000000000027e+02
2.541519999999999868e+02
3.244639999999999986e+02
3.829440000000000168e+02
4.553600000000000136e+02
5.186879999999999882e+02
6.458039999999999736e+02
7.608959999999999582e+02
9.145000000000000000e+02
1.101839999999999918e+03
1.285839999999999918e+03
1.540736000000000104e+03
1.910031999999999925e+03
2.470335999999999785e+03
3.085735999999999876e+03
3.536215999999999894e+03
4.408731999999999971e+03
5.684115999999999985e+03
7.095435999999999694e+03
