1.000000000000000000e+00
2.016000000000000014e+00
2.983999999999999986e+00
3.947999999999999954e+00
4.911999999999999922e+00
6.983999999999999986e+00
8.140000000000000568e+00
1.022400000000000020e+01
1.226800000000000068e+01
1.444400000000000084e+01
1.733599999999999852e+01
2.057600000000000051e+01
2.464399999999999835e+01
2.987199999999999989e+01
3.643200000000000216e+01
4.215200000000000102e+01
5.215200000000000102e+01
6.060799999999999699e+01
7.383199999999999363e+01
8.933599999999999852e+01
1.054680000000000035e+02
1.302400000000000091e+02
1.646519999999999868e+02
1.932640000000000100e+02
2.271119999999999948e+02
2.715919999999999845e+02
3.252640000000000100e+02
3.832559999999999718e+02
4.589080000000000155e+02
5.513400000000000318e+02
6.624120000000000346e+02
7.851119999999999663e+02
9.235359999999999445e+02
1.125112000000000080e+03
1.438104000000000042e+03
1.746011999999999944e+03
2.126824000000000069e+03
2.602351999999999862e+03
3.317536000000000058e+03
3.945936000000000149e+03
4.906351999999999862e+03
5.816340000000000146e+03
6.758579999999999927e+03
7.900615999999999985e+03
9.757420000000000073e+03
