1.000000000000000000e+00
2.036000000000000032e+00
2.983999999999999986e+00
3.767999999999999794e+00
4.639999999999999680e+00
6.392000000000000348e+00
7.339999999999999858e+00
9.243999999999999773e+00
1.164400000000000013e+01
1.356000000000000050e+01
1.629599999999999937e+01
1.971600000000000108e+01
2.507600000000000051e+01
3.158399999999999963e+01
4.003199999999999648e+01
4.543200000000000216e+01
5.313199999999999790e+01
6.217600000000000193e+01
7.305599999999999739e+01
8.423999999999999488e+01
1.063640000000000043e+02
1.278479999999999990e+02
1.566800000000000068e+02
1.898319999999999936e+02
2.342560000000000002e+02
2.899440000000000168e+02
3.642160000000000082e+02
4.433519999999999754e+02
5.425720000000000027e+02
6.379039999999999964e+02
7.345359999999999445e+02
8.882240000000000464e+02
1.083155999999999949e+03
1.297119999999999891e+03
1.581531999999999925e+03
1.882387999999999920e+03
2.249360000000000127e+03
2.698871999999999844e+03
3.243824000000000069e+03
3.897896000000000186e+03
4.654231999999999971e+03
5.435460000000000036e+03
6.367136000000000422e+03
7.965192000000000007e+03
9.915448000000000320e+03
