1.000000000000000000e+00
1.991999999999999993e+00
3.216000000000000192e+00
4.280000000000000249e+00
5.767999999999999794e+00
8.096000000000000085e+00
9.327999999999999403e+00
1.201600000000000001e+01
1.383200000000000074e+01
1.670400000000000063e+01
2.047200000000000131e+01
2.296799999999999997e+01
2.700000000000000000e+01
3.160800000000000054e+01
3.815599999999999881e+01
4.279200000000000159e+01
4.792799999999999727e+01
5.645600000000000307e+01
6.469599999999999795e+01
7.382399999999999807e+01
8.724800000000000466e+01
1.018239999999999981e+02
1.184159999999999968e+02
1.365279999999999916e+02
1.556639999999999873e+02
1.822719999999999914e+02
2.097040000000000077e+02
2.470240000000000009e+02
2.935240000000000009e+02
3.516680000000000064e+02
4.246399999999999864e+02
5.217680000000000291e+02
6.415879999999999654e+02
7.844160000000000537e+02
9.181760000000000446e+02
1.154827999999999975e+03
1.426976000000000113e+03
1.749615999999999985e+03
1.989784000000000106e+03
2.460000000000000000e+03
3.035831999999999880e+03
3.760360000000000127e+03
4.824055999999999585e+03
6.071239999999999782e+03
7.433011999999999716e+03
