1.000000000000000000e+00
2.120000000000000107e+00
3.008000000000000007e+00
4.168000000000000149e+00
5.320000000000000284e+00
7.448000000000000398e+00
8.448000000000000398e+00
1.031600000000000072e+01
1.276800000000000068e+01
1.537199999999999989e+01
1.881599999999999895e+01
2.198799999999999955e+01
2.776399999999999935e+01
3.128000000000000114e+01
3.920400000000000063e+01
4.778399999999999892e+01
5.670000000000000284e+01
6.800000000000000000e+01
7.893600000000000705e+01
9.530400000000000205e+01
1.157159999999999940e+02
1.382880000000000109e+02
1.661200000000000045e+02
2.016479999999999961e+02
2.450560000000000116e+02
2.936000000000000227e+02
3.382479999999999905e+02
4.088480000000000132e+02
4.752239999999999895e+02
5.678479999999999563e+02
6.977119999999999891e+02
8.432960000000000491e+02
1.009139999999999986e+03
1.202064000000000078e+03
1.456147999999999911e+03
1.799571999999999889e+03
2.220175999999999931e+03
2.664367999999999938e+03
3.222711999999999989e+03
3.918360000000000127e+03
4.790167999999999665e+03
5.553275999999999840e+03
6.645615999999999985e+03
8.447956000000000131e+03
9.963500000000000000e+03
