1.000000000000000000e+00
2.044000000000000039e+00
3.168000000000000149e+00
4.091999999999999638e+00
5.360000000000000320e+00
7.903999999999999915e+00
8.852000000000000313e+00
1.190000000000000036e+01
1.418800000000000061e+01
1.675600000000000023e+01
1.996799999999999997e+01
2.283200000000000074e+01
2.678800000000000026e+01
3.019200000000000017e+01
3.674000000000000199e+01
4.100000000000000000e+01
4.733599999999999852e+01
5.384000000000000341e+01
6.333599999999999852e+01
7.180800000000000693e+01
8.358400000000000318e+01
9.296800000000000352e+01
1.021880000000000024e+02
1.128080000000000069e+02
1.275679999999999978e+02
1.477599999999999909e+02
1.720560000000000116e+02
2.123760000000000048e+02
2.612719999999999914e+02
3.023879999999999768e+02
3.731000000000000227e+02
4.448399999999999750e+02
5.318519999999999754e+02
6.263680000000000518e+02
7.966000000000000227e+02
1.026928000000000111e+03
1.272448000000000093e+03
1.484551999999999907e+03
1.847319999999999936e+03
2.317952000000000226e+03
2.820391999999999825e+03
3.296623999999999796e+03
4.219884000000000015e+03
5.309927999999999884e+03
6.940771999999999935e+03
