1.000000000000000000e+00
2.076000000000000068e+00
3.216000000000000192e+00
4.304000000000000270e+00
5.623999999999999666e+00
7.895999999999999908e+00
9.115999999999999659e+00
1.076399999999999935e+01
1.285200000000000031e+01
1.496799999999999997e+01
1.871999999999999886e+01
2.189999999999999858e+01
2.630399999999999849e+01
3.152799999999999869e+01
4.083200000000000074e+01
4.924799999999999756e+01
5.697599999999999909e+01
6.990399999999999636e+01
8.274399999999999977e+01
9.581600000000000250e+01
1.151959999999999980e+02
1.361519999999999868e+02
1.672400000000000091e+02
1.958720000000000141e+02
2.392319999999999993e+02
2.899839999999999804e+02
3.414800000000000182e+02
4.240240000000000009e+02
5.022679999999999723e+02
5.649519999999999982e+02
6.851440000000000055e+02
8.396559999999999491e+02
1.080400000000000091e+03
1.311152000000000044e+03
1.592435999999999922e+03
1.862907999999999902e+03
2.348543999999999869e+03
2.748248000000000047e+03
3.445527999999999793e+03
3.987887999999999920e+03
4.801783999999999651e+03
5.693720000000000255e+03
7.037631999999999607e+03
8.631688000000000102e+03
1.035143599999999969e+04
