1.000000000000000000e+00
1.945999999999999952e+00
2.978000000000000203e+00
4.016000000000000014e+00
5.024000000000000021e+00
7.003999999999999559e+00
7.948000000000000398e+00
9.792999999999999261e+00
1.181700000000000017e+01
1.347199999999999953e+01
1.641199999999999903e+01
1.956800000000000139e+01
2.354899999999999949e+01
2.870799999999999841e+01
3.648299999999999699e+01
4.350200000000000244e+01
5.231400000000000006e+01
6.191799999999999926e+01
7.363599999999999568e+01
9.076800000000000068e+01
1.108289999999999935e+02
1.347100000000000080e+02
1.625049999999999955e+02
1.972359999999999900e+02
2.365540000000000020e+02
2.816859999999999786e+02
3.397500000000000000e+02
4.085840000000000032e+02
4.947529999999999859e+02
5.956420000000000528e+02
7.119439999999999600e+02
8.656440000000000055e+02
1.028457000000000107e+03
1.239003999999999905e+03
1.512247000000000071e+03
1.850731999999999971e+03
2.203804000000000087e+03
2.716094000000000051e+03
3.232945999999999913e+03
3.876838000000000193e+03
4.641264000000000124e+03
5.644331000000000131e+03
6.838889000000000124e+03
8.405581000000000131e+03
1.028270600000000013e+04
