1.000000000000000000e+00
1.925000000000000044e+00
3.033999999999999808e+00
4.195000000000000284e+00
5.264000000000000234e+00
7.182000000000000384e+00
8.182999999999999829e+00
9.994999999999999218e+00
1.172499999999999964e+01
1.374300000000000033e+01
1.639000000000000057e+01
1.919600000000000151e+01
2.303000000000000114e+01
2.836199999999999832e+01
3.469400000000000261e+01
4.209599999999999653e+01
5.138300000000000267e+01
6.226599999999999824e+01
7.390999999999999659e+01
9.048999999999999488e+01
1.105450000000000017e+02
1.356179999999999950e+02
1.658120000000000118e+02
1.987860000000000014e+02
2.402880000000000109e+02
2.880260000000000105e+02
3.487080000000000268e+02
4.187060000000000173e+02
4.974320000000000164e+02
5.971539999999999964e+02
7.034629999999999654e+02
8.646459999999999582e+02
1.016933999999999969e+03
1.243155999999999949e+03
1.503113000000000056e+03
1.832064000000000078e+03
2.241922000000000025e+03
2.696581999999999880e+03
3.290393999999999778e+03
3.966530000000000200e+03
4.721800000000000182e+03
5.662824999999999818e+03
6.759753999999999905e+03
8.157055000000000291e+03
1.000837700000000041e+04
