1.000000000000000000e+00
2.029999999999999805e+00
3.069999999999999840e+00
4.089000000000000412e+00
5.136000000000000121e+00
7.347999999999999865e+00
8.461000000000000298e+00
1.050200000000000067e+01
1.244800000000000040e+01
1.444200000000000017e+01
1.721600000000000108e+01
2.027599999999999980e+01
2.462099999999999866e+01
2.944999999999999929e+01
3.632399999999999807e+01
4.334400000000000119e+01
5.190500000000000114e+01
6.190800000000000125e+01
7.282200000000000273e+01
8.723199999999999932e+01
1.041989999999999981e+02
1.261020000000000039e+02
1.494470000000000027e+02
1.822880000000000109e+02
2.244219999999999970e+02
2.695559999999999832e+02
3.278620000000000232e+02
3.982440000000000282e+02
4.720059999999999718e+02
5.808319999999999936e+02
7.025140000000000100e+02
8.445259999999999536e+02
1.016794999999999959e+03
1.237922000000000025e+03
1.512172000000000025e+03
1.836079999999999927e+03
2.250940000000000055e+03
2.660726000000000113e+03
3.209340000000000146e+03
3.892282000000000153e+03
4.647423999999999978e+03
5.612186999999999898e+03
6.956426999999999680e+03
8.432092000000000553e+03
1.018074099999999999e+04
