1.000000000000000000e+00
1.977000000000000091e+00
3.068000000000000060e+00
4.072000000000000064e+00
5.147999999999999687e+00
7.065999999999999837e+00
8.137000000000000455e+00
1.009800000000000075e+01
1.188199999999999967e+01
1.342800000000000082e+01
1.619399999999999906e+01
1.871699999999999875e+01
2.222800000000000153e+01
2.660600000000000165e+01
3.254500000000000171e+01
3.825200000000000244e+01
4.719899999999999807e+01
5.772800000000000153e+01
6.923000000000000398e+01
8.400400000000000489e+01
1.024980000000000047e+02
1.262920000000000016e+02
1.580240000000000009e+02
1.880240000000000009e+02
2.270339999999999918e+02
2.745299999999999727e+02
3.316080000000000041e+02
4.032660000000000196e+02
4.840910000000000082e+02
5.889610000000000127e+02
7.147240000000000464e+02
8.560480000000000018e+02
1.053424999999999955e+03
1.271473999999999933e+03
1.520653999999999996e+03
1.839700000000000045e+03
2.216400000000000091e+03
2.644786000000000058e+03
3.193713999999999942e+03
3.864416000000000167e+03
4.685387999999999920e+03
5.660506999999999607e+03
6.722636999999999716e+03
8.121721999999999753e+03
9.690988999999999578e+03
