1.000000000000000000e+00
1.981000000000000094e+00
3.144000000000000128e+00
4.301999999999999602e+00
5.450000000000000178e+00
7.612000000000000099e+00
8.393000000000000682e+00
1.005199999999999960e+01
1.155700000000000038e+01
1.317099999999999937e+01
1.534200000000000053e+01
1.717000000000000171e+01
1.969900000000000162e+01
2.237000000000000099e+01
2.580000000000000071e+01
2.920400000000000063e+01
3.365500000000000114e+01
3.900600000000000023e+01
4.471999999999999886e+01
5.239200000000000301e+01
6.228799999999999670e+01
7.639799999999999613e+01
9.257399999999999807e+01
1.122120000000000033e+02
1.364420000000000073e+02
1.669499999999999886e+02
2.085080000000000098e+02
2.615400000000000205e+02
3.220450000000000159e+02
3.927730000000000246e+02
4.796510000000000105e+02
5.911559999999999491e+02
7.361939999999999600e+02
9.024139999999999873e+02
1.164789999999999964e+03
1.453314000000000078e+03
1.838026000000000067e+03
2.343380000000000109e+03
2.834483999999999924e+03
3.447302000000000135e+03
4.138485999999999876e+03
5.111110999999999876e+03
6.149588999999999942e+03
7.523838999999999942e+03
9.304613999999999578e+03
