1.000000000000000000e+00
2.028000000000000025e+00
3.024000000000000021e+00
4.235999999999999766e+00
5.599999999999999645e+00
8.176000000000000156e+00
9.355999999999999872e+00
1.114000000000000057e+01
1.359200000000000053e+01
1.596799999999999997e+01
1.899200000000000088e+01
2.235999999999999943e+01
2.654400000000000048e+01
3.203199999999999648e+01
3.928000000000000114e+01
4.560000000000000142e+01
5.691599999999999682e+01
6.319200000000000017e+01
7.458400000000000318e+01
8.181600000000000250e+01
9.193999999999999773e+01
1.011919999999999931e+02
1.150520000000000067e+02
1.337359999999999900e+02
1.418480000000000132e+02
1.646959999999999980e+02
1.841359999999999957e+02
2.285600000000000023e+02
2.681080000000000041e+02
3.421720000000000255e+02
4.122640000000000100e+02
5.078799999999999955e+02
6.168360000000000127e+02
7.231760000000000446e+02
8.543920000000000528e+02
1.043872000000000071e+03
1.282160000000000082e+03
1.635847999999999956e+03
1.912135999999999967e+03
2.320672000000000025e+03
2.969320000000000164e+03
3.714063999999999851e+03
4.327671999999999571e+03
5.288460000000000036e+03
6.674644000000000233e+03
