1.000000000000000000e+00
2.016000000000000014e+00
2.951999999999999957e+00
4.003999999999999559e+00
5.064000000000000057e+00
7.008000000000000007e+00
8.103999999999999204e+00
1.027999999999999936e+01
1.239199999999999946e+01
1.477200000000000024e+01
1.792000000000000171e+01
2.066400000000000148e+01
2.483200000000000074e+01
2.853600000000000136e+01
3.428399999999999892e+01
4.199199999999999733e+01
5.027199999999999847e+01
6.046399999999999864e+01
7.393600000000000705e+01
9.032800000000000296e+01
1.131640000000000015e+02
1.347680000000000007e+02
1.650840000000000032e+02
1.999679999999999893e+02
2.407280000000000086e+02
2.833439999999999941e+02
3.202559999999999718e+02
3.986879999999999882e+02
4.974159999999999968e+02
6.014039999999999964e+02
7.514239999999999782e+02
8.948959999999999582e+02
1.060859999999999900e+03
1.325832000000000107e+03
1.601503999999999905e+03
1.935163999999999987e+03
2.410295999999999822e+03
2.900807999999999993e+03
3.341463999999999942e+03
4.174112000000000080e+03
4.887456000000000131e+03
5.860231999999999971e+03
6.986475999999999658e+03
8.320211999999999534e+03
1.038057200000000012e+04
