1.000000000000000000e+00
1.951999999999999957e+00
3.000000000000000000e+00
4.051999999999999602e+00
4.991999999999999993e+00
7.488000000000000433e+00
8.195999999999999730e+00
1.082799999999999940e+01
1.282399999999999984e+01
1.514000000000000057e+01
1.800000000000000000e+01
2.066799999999999926e+01
2.517599999999999838e+01
2.989600000000000080e+01
3.654399999999999693e+01
4.294400000000000261e+01
5.200000000000000000e+01
6.412800000000000011e+01
7.663200000000000500e+01
9.512000000000000455e+01
1.141520000000000010e+02
1.339840000000000089e+02
1.627079999999999984e+02
1.951759999999999877e+02
2.325519999999999925e+02
2.871200000000000045e+02
3.426480000000000246e+02
3.987839999999999918e+02
4.915960000000000036e+02
5.677359999999999900e+02
7.107839999999999918e+02
8.684320000000000164e+02
1.035768000000000029e+03
1.233135999999999967e+03
1.541751999999999953e+03
1.830819999999999936e+03
2.123648000000000138e+03
2.642695999999999913e+03
3.107887999999999920e+03
3.763503999999999905e+03
4.528920000000000073e+03
5.479507999999999811e+03
6.767163999999999760e+03
8.404504000000000815e+03
9.993700000000000728e+03
