1.000000000000000000e+00
1.995000000000000107e+00
3.009999999999999787e+00
4.070000000000000284e+00
5.120000000000000107e+00
7.155999999999999694e+00
8.227999999999999758e+00
1.026399999999999935e+01
1.233900000000000041e+01
1.439000000000000057e+01
1.744200000000000017e+01
2.024699999999999989e+01
2.467399999999999949e+01
2.968199999999999861e+01
3.596200000000000330e+01
4.284799999999999898e+01
5.220499999999999829e+01
6.368200000000000216e+01
7.559199999999999875e+01
9.177800000000000580e+01
1.104000000000000057e+02
1.346440000000000055e+02
1.591889999999999930e+02
1.886560000000000059e+02
2.376479999999999961e+02
2.811200000000000045e+02
3.374320000000000164e+02
4.061159999999999854e+02
4.818890000000000100e+02
5.773709999999999809e+02
6.951050000000000182e+02
8.384600000000000364e+02
1.002495000000000005e+03
1.235364000000000033e+03
1.507271999999999935e+03
1.842644999999999982e+03
2.206878000000000156e+03
2.671076000000000022e+03
3.252039999999999964e+03
3.942675999999999931e+03
4.763287999999999556e+03
5.627037999999999556e+03
6.746208999999999833e+03
8.131895999999999731e+03
9.810808000000000902e+03
