1.000000000000000000e+00
2.004000000000000004e+00
3.173999999999999932e+00
4.291999999999999815e+00
5.331999999999999851e+00
7.434000000000000163e+00
8.465999999999999304e+00
1.049099999999999966e+01
1.228899999999999970e+01
1.431600000000000072e+01
1.683200000000000074e+01
1.933999999999999986e+01
2.251200000000000045e+01
2.697599999999999909e+01
3.411299999999999955e+01
3.977400000000000091e+01
4.874799999999999756e+01
5.957800000000000296e+01
6.943200000000000216e+01
8.677200000000000557e+01
1.032590000000000003e+02
1.262800000000000011e+02
1.527980000000000018e+02
1.880219999999999914e+02
2.266399999999999864e+02
2.773879999999999768e+02
3.411840000000000259e+02
4.040160000000000196e+02
5.022210000000000036e+02
6.112140000000000555e+02
7.235249999999999773e+02
8.874560000000000173e+02
1.071491999999999962e+03
1.292819999999999936e+03
1.567405999999999949e+03
1.881363000000000056e+03
2.307820000000000164e+03
2.788429999999999836e+03
3.383106000000000222e+03
4.056304000000000087e+03
4.866640000000000327e+03
5.900389000000000124e+03
7.060220999999999549e+03
8.501601000000000568e+03
1.009255400000000009e+04
