1.000000000000000000e+00
2.092000000000000082e+00
3.064000000000000057e+00
4.251999999999999780e+00
5.543999999999999595e+00
7.496000000000000441e+00
8.483999999999999986e+00
1.071599999999999930e+01
1.247199999999999953e+01
1.469200000000000017e+01
1.790399999999999991e+01
2.167599999999999838e+01
2.567999999999999972e+01
3.059199999999999875e+01
3.886800000000000210e+01
4.512800000000000011e+01
5.344800000000000040e+01
6.615999999999999659e+01
7.916800000000000637e+01
9.843999999999999773e+01
1.162199999999999989e+02
1.442640000000000100e+02
1.791160000000000139e+02
2.136239999999999952e+02
2.550000000000000000e+02
3.020880000000000223e+02
3.585360000000000014e+02
4.241039999999999850e+02
5.109920000000000186e+02
6.398519999999999754e+02
7.579679999999999609e+02
9.153840000000000146e+02
1.105380000000000109e+03
1.298872000000000071e+03
1.529432000000000016e+03
1.856071999999999889e+03
2.196327999999999975e+03
2.838903999999999996e+03
3.229143999999999778e+03
3.887768000000000029e+03
4.788479999999999563e+03
5.779076000000000022e+03
6.833511999999999716e+03
8.321451999999999316e+03
1.002264799999999923e+04
