1.000000000000000000e+00
1.959999999999999964e+00
3.056000000000000050e+00
4.160000000000000142e+00
5.216000000000000192e+00
7.104000000000000092e+00
8.279999999999999361e+00
1.082799999999999940e+01
1.322799999999999976e+01
1.588799999999999990e+01
1.866400000000000148e+01
2.289999999999999858e+01
2.701599999999999824e+01
3.228799999999999670e+01
4.004399999999999693e+01
4.750399999999999778e+01
5.938799999999999812e+01
6.936799999999999500e+01
8.156000000000000227e+01
9.912800000000000011e+01
1.162600000000000051e+02
1.425360000000000014e+02
1.626759999999999877e+02
1.982400000000000091e+02
2.309759999999999991e+02
2.746240000000000236e+02
3.258159999999999741e+02
3.833039999999999736e+02
4.717400000000000091e+02
5.730879999999999654e+02
6.753799999999999955e+02
7.879120000000000346e+02
9.425000000000000000e+02
1.175855999999999995e+03
1.425892000000000053e+03
1.767192000000000007e+03
2.137623999999999796e+03
2.639487999999999829e+03
3.193039999999999964e+03
3.854159999999999854e+03
4.577520000000000437e+03
5.672536000000000058e+03
6.646956000000000131e+03
8.003960000000000036e+03
9.571639999999999418e+03
