1.000000000000000000e+00
1.985999999999999988e+00
3.128000000000000114e+00
4.060999999999999943e+00
5.153999999999999915e+00
7.378000000000000114e+00
8.422000000000000597e+00
1.051399999999999935e+01
1.256600000000000072e+01
1.448300000000000054e+01
1.705600000000000094e+01
1.998900000000000077e+01
2.379899999999999949e+01
2.805199999999999960e+01
3.433899999999999864e+01
4.105599999999999739e+01
4.936599999999999966e+01
5.943599999999999994e+01
7.008599999999999852e+01
8.627200000000000557e+01
1.042690000000000055e+02
1.251479999999999961e+02
1.518689999999999998e+02
1.796920000000000073e+02
2.244180000000000064e+02
2.708220000000000027e+02
3.326960000000000264e+02
3.952219999999999800e+02
4.716419999999999959e+02
5.689310000000000400e+02
6.792309999999999945e+02
7.924120000000000346e+02
9.380119999999999436e+02
1.155281999999999925e+03
1.403362000000000080e+03
1.729291999999999916e+03
2.092442000000000007e+03
2.535557999999999993e+03
3.106523999999999887e+03
3.799050000000000182e+03
4.602547999999999774e+03
5.610608000000000175e+03
6.915688000000000102e+03
8.316742000000000189e+03
9.856718000000000757e+03
