1.000000000000000000e+00
2.008000000000000007e+00
3.128000000000000114e+00
4.331999999999999851e+00
5.400000000000000355e+00
7.607999999999999652e+00
8.439999999999999503e+00
1.067200000000000060e+01
1.271599999999999930e+01
1.490399999999999991e+01
1.754400000000000048e+01
2.055999999999999872e+01
2.550400000000000134e+01
2.999200000000000088e+01
3.688000000000000256e+01
4.464800000000000324e+01
5.560000000000000142e+01
6.496800000000000352e+01
7.867199999999999704e+01
9.237600000000000477e+01
1.127999999999999972e+02
1.320159999999999911e+02
1.578360000000000127e+02
1.875600000000000023e+02
2.231440000000000055e+02
2.671920000000000073e+02
3.185040000000000191e+02
3.881279999999999859e+02
4.703639999999999759e+02
5.498920000000000528e+02
6.792480000000000473e+02
8.026720000000000255e+02
9.678039999999999736e+02
1.140415999999999940e+03
1.453799999999999955e+03
1.719960000000000036e+03
2.095311999999999898e+03
2.651695999999999913e+03
3.241159999999999854e+03
4.034791999999999916e+03
4.666199999999999818e+03
5.901927999999999884e+03
7.169496000000000095e+03
8.744479999999999563e+03
1.042948400000000038e+04
