1.000000000000000000e+00
1.899000000000000021e+00
2.926000000000000156e+00
3.943000000000000060e+00
4.983999999999999986e+00
7.091999999999999638e+00
8.215999999999999304e+00
1.016900000000000048e+01
1.251800000000000068e+01
1.475799999999999912e+01
1.788200000000000145e+01
2.098100000000000165e+01
2.490800000000000125e+01
2.970599999999999952e+01
3.661099999999999710e+01
4.361800000000000210e+01
5.152000000000000313e+01
6.308800000000000097e+01
7.468999999999999773e+01
9.116400000000000148e+01
1.085739999999999981e+02
1.326100000000000136e+02
1.589120000000000061e+02
1.896999999999999886e+02
2.281579999999999870e+02
2.770740000000000123e+02
3.336879999999999882e+02
4.055539999999999736e+02
4.916209999999999809e+02
6.014320000000000164e+02
7.260240000000000009e+02
8.658519999999999754e+02
1.045249000000000024e+03
1.283788000000000011e+03
1.547190000000000055e+03
1.846888999999999896e+03
2.203143999999999778e+03
2.685346000000000004e+03
3.246784000000000106e+03
3.896726000000000113e+03
4.727420000000000073e+03
5.688172999999999774e+03
6.922948999999999614e+03
8.407807000000000698e+03
1.004929000000000087e+04
