1.000000000000000000e+00
2.000000000000000000e+00
3.061999999999999833e+00
4.094999999999999751e+00
5.176000000000000156e+00
7.214000000000000412e+00
8.180999999999999162e+00
1.019800000000000040e+01
1.227599999999999980e+01
1.440000000000000036e+01
1.711400000000000077e+01
1.978699999999999903e+01
2.346300000000000097e+01
2.772599999999999909e+01
3.390599999999999881e+01
3.974000000000000199e+01
4.708700000000000330e+01
5.658200000000000074e+01
6.815800000000000125e+01
8.357800000000000296e+01
1.047680000000000007e+02
1.289219999999999970e+02
1.560200000000000102e+02
1.887400000000000091e+02
2.285800000000000125e+02
2.756000000000000227e+02
3.312579999999999814e+02
4.028140000000000214e+02
4.901709999999999923e+02
5.936440000000000055e+02
7.188339999999999463e+02
8.649539999999999509e+02
1.034259999999999991e+03
1.250359999999999900e+03
1.546136999999999944e+03
1.851446999999999889e+03
2.202963999999999942e+03
2.686755999999999858e+03
3.265000000000000000e+03
4.017295999999999822e+03
4.798460000000000036e+03
5.729126000000000204e+03
6.823439999999999600e+03
8.142868999999999687e+03
1.006432899999999972e+04
