1.000000000000000000e+00
1.967999999999999972e+00
3.045999999999999819e+00
4.057000000000000384e+00
5.293999999999999595e+00
7.312000000000000277e+00
8.321999999999999176e+00
1.024499999999999922e+01
1.209999999999999964e+01
1.389700000000000024e+01
1.627400000000000091e+01
1.903300000000000125e+01
2.229899999999999949e+01
2.635399999999999920e+01
3.255799999999999983e+01
3.864800000000000324e+01
4.710499999999999687e+01
5.705400000000000205e+01
6.931999999999999318e+01
8.492600000000000193e+01
1.008229999999999933e+02
1.207999999999999972e+02
1.465209999999999866e+02
1.765000000000000000e+02
2.180039999999999907e+02
2.649220000000000255e+02
3.202339999999999804e+02
3.854159999999999968e+02
4.745120000000000005e+02
5.821480000000000246e+02
7.042269999999999754e+02
8.356739999999999782e+02
1.016000999999999976e+03
1.246652000000000044e+03
1.482268000000000029e+03
1.787170000000000073e+03
2.169224000000000160e+03
2.612666000000000167e+03
3.091507999999999811e+03
3.761474000000000160e+03
4.631699999999999818e+03
5.690930000000000291e+03
6.990467999999999847e+03
8.226842000000000553e+03
1.014138999999999942e+04
