1.000000000000000000e+00
2.043000000000000149e+00
3.072000000000000064e+00
4.097000000000000419e+00
5.304000000000000270e+00
7.434000000000000163e+00
8.244999999999999218e+00
1.015600000000000058e+01
1.193200000000000038e+01
1.385699999999999932e+01
1.644800000000000040e+01
1.899299999999999855e+01
2.278600000000000136e+01
2.772599999999999909e+01
3.431600000000000250e+01
4.098799999999999955e+01
4.801899999999999835e+01
5.837199999999999989e+01
7.065800000000000125e+01
8.546200000000000330e+01
1.032879999999999967e+02
1.256880000000000024e+02
1.516920000000000073e+02
1.843240000000000123e+02
2.248420000000000130e+02
2.723820000000000050e+02
3.339580000000000268e+02
4.019399999999999977e+02
4.815860000000000127e+02
5.808070000000000164e+02
7.224349999999999454e+02
8.744500000000000455e+02
1.045509000000000015e+03
1.255364000000000033e+03
1.498096000000000004e+03
1.810359999999999900e+03
2.213929999999999836e+03
2.647458000000000084e+03
3.179706000000000131e+03
3.823501999999999953e+03
4.490921999999999571e+03
5.453938000000000102e+03
6.592498999999999796e+03
7.996342999999999847e+03
9.735390999999999622e+03
