1.000000000000000000e+00
2.040000000000000036e+00
3.112000000000000099e+00
4.368000000000000327e+00
5.535999999999999588e+00
7.855999999999999872e+00
9.423999999999999488e+00
1.246000000000000085e+01
1.462800000000000011e+01
1.710399999999999920e+01
2.089600000000000080e+01
2.406400000000000006e+01
2.892800000000000082e+01
3.411999999999999744e+01
3.996399999999999864e+01
4.637599999999999767e+01
5.126400000000000290e+01
5.964800000000000324e+01
6.717600000000000193e+01
7.348000000000000398e+01
8.673600000000000421e+01
1.000079999999999956e+02
1.145720000000000027e+02
1.397439999999999998e+02
1.684159999999999968e+02
1.960720000000000027e+02
2.386800000000000068e+02
2.781360000000000241e+02
3.365640000000000214e+02
4.068439999999999941e+02
4.809680000000000177e+02
5.773120000000000118e+02
7.014279999999999973e+02
8.052160000000000082e+02
9.184239999999999782e+02
1.086180000000000064e+03
1.312680000000000064e+03
1.802864000000000033e+03
2.159983999999999924e+03
2.601856000000000222e+03
3.492184000000000196e+03
4.169887999999999920e+03
4.934555999999999585e+03
6.303311999999999898e+03
7.644623999999999796e+03
