1.000000000000000000e+00
1.987999999999999989e+00
3.088000000000000078e+00
4.027999999999999581e+00
5.032000000000000028e+00
7.272000000000000242e+00
8.359999999999999432e+00
1.022799999999999976e+01
1.202800000000000047e+01
1.474799999999999933e+01
1.812800000000000011e+01
2.136400000000000077e+01
2.620400000000000063e+01
3.272800000000000153e+01
4.100399999999999778e+01
4.831199999999999761e+01
5.628399999999999892e+01
6.657599999999999341e+01
7.884000000000000341e+01
9.700000000000000000e+01
1.153640000000000043e+02
1.319919999999999902e+02
1.608040000000000020e+02
1.959039999999999964e+02
2.531599999999999966e+02
2.947200000000000273e+02
3.531759999999999877e+02
4.294639999999999986e+02
5.065160000000000196e+02
6.137039999999999509e+02
7.530320000000000391e+02
8.901440000000000055e+02
1.070172000000000025e+03
1.289127999999999929e+03
1.532112000000000080e+03
1.861943999999999960e+03
2.261231999999999971e+03
2.858400000000000091e+03
3.379639999999999873e+03
4.108615999999999985e+03
5.092047999999999774e+03
6.092608000000000175e+03
7.122636000000000422e+03
8.767191999999999098e+03
1.088297600000000057e+04
