1.000000000000000000e+00
2.007000000000000117e+00
3.053999999999999826e+00
4.102000000000000313e+00
5.147999999999999687e+00
7.094000000000000306e+00
8.064999999999999503e+00
1.006499999999999950e+01
1.200600000000000023e+01
1.416999999999999993e+01
1.688400000000000034e+01
1.941100000000000136e+01
2.310399999999999920e+01
2.786799999999999855e+01
3.508100000000000307e+01
4.179599999999999937e+01
5.034599999999999653e+01
5.990999999999999659e+01
7.164600000000000080e+01
8.738599999999999568e+01
1.064770000000000039e+02
1.276719999999999970e+02
1.520509999999999877e+02
1.834679999999999893e+02
2.258640000000000043e+02
2.723020000000000209e+02
3.315160000000000196e+02
3.994119999999999777e+02
4.885910000000000082e+02
6.073690000000000282e+02
7.302970000000000255e+02
8.747839999999999918e+02
1.074396999999999935e+03
1.308289999999999964e+03
1.564666999999999916e+03
1.896830999999999904e+03
2.283724000000000160e+03
2.730860000000000127e+03
3.342322000000000116e+03
3.972795999999999822e+03
4.819199999999999818e+03
5.798341999999999643e+03
6.933264000000000124e+03
8.274245999999999185e+03
1.017471199999999953e+04
