1.000000000000000000e+00
2.032000000000000028e+00
2.959999999999999964e+00
3.911999999999999922e+00
4.847999999999999865e+00
6.567999999999999616e+00
7.567999999999999616e+00
9.880000000000000782e+00
1.208000000000000007e+01
1.444400000000000084e+01
1.707999999999999829e+01
1.968799999999999883e+01
2.405199999999999960e+01
2.938400000000000034e+01
3.711200000000000188e+01
4.412800000000000011e+01
5.287199999999999989e+01
6.348799999999999955e+01
7.505599999999999739e+01
9.220000000000000284e+01
1.144519999999999982e+02
1.341279999999999859e+02
1.644399999999999977e+02
2.004559999999999889e+02
2.229679999999999893e+02
2.699359999999999786e+02
3.321600000000000250e+02
4.015600000000000023e+02
4.966000000000000227e+02
6.205399999999999636e+02
7.564959999999999809e+02
9.177359999999999900e+02
1.072615999999999985e+03
1.290256000000000085e+03
1.543311999999999898e+03
1.877099999999999909e+03
2.310864000000000033e+03
2.655480000000000018e+03
3.264704000000000178e+03
3.845704000000000178e+03
4.620543999999999869e+03
5.543184000000000196e+03
6.776703999999999724e+03
7.943680000000000291e+03
9.244683999999999287e+03
