1.000000000000000000e+00
2.008000000000000007e+00
3.471999999999999975e+00
4.559999999999999609e+00
5.607999999999999652e+00
7.775999999999999801e+00
9.140000000000000568e+00
1.177999999999999936e+01
1.457600000000000051e+01
1.706400000000000006e+01
1.994399999999999906e+01
2.304799999999999827e+01
2.772800000000000153e+01
3.149599999999999866e+01
3.771999999999999886e+01
4.466400000000000148e+01
5.339999999999999858e+01
6.310399999999999920e+01
7.095199999999999818e+01
8.089600000000000080e+01
8.952400000000000091e+01
1.039519999999999982e+02
1.176919999999999931e+02
1.318160000000000025e+02
1.544879999999999995e+02
1.719279999999999973e+02
1.998079999999999927e+02
2.201119999999999948e+02
2.663999999999999773e+02
3.266999999999999886e+02
4.284560000000000173e+02
5.199039999999999964e+02
6.304519999999999982e+02
7.782240000000000464e+02
9.551639999999999873e+02
1.124311999999999898e+03
1.448087999999999965e+03
1.784096000000000004e+03
2.113960000000000036e+03
2.492911999999999807e+03
3.114288000000000011e+03
3.726487999999999829e+03
4.847712000000000444e+03
6.587184000000000196e+03
8.042435999999999694e+03
