1.000000000000000000e+00
1.993000000000000105e+00
2.986000000000000210e+00
4.004999999999999893e+00
4.895999999999999908e+00
6.926000000000000156e+00
7.902000000000000135e+00
9.932999999999999829e+00
1.178599999999999959e+01
1.379400000000000048e+01
1.648400000000000176e+01
1.969900000000000162e+01
2.407300000000000040e+01
2.916199999999999903e+01
3.593599999999999994e+01
4.203199999999999648e+01
5.108599999999999852e+01
6.277600000000000335e+01
7.381199999999999761e+01
9.182999999999999829e+01
1.113349999999999937e+02
1.334840000000000089e+02
1.577290000000000134e+02
1.913340000000000032e+02
2.285699999999999932e+02
2.759100000000000250e+02
3.282819999999999823e+02
3.955380000000000109e+02
4.812799999999999727e+02
5.814750000000000227e+02
7.178210000000000264e+02
8.578880000000000337e+02
1.031029999999999973e+03
1.259413999999999987e+03
1.533325000000000045e+03
1.802007000000000062e+03
2.170173999999999978e+03
2.633019999999999982e+03
3.229911999999999807e+03
3.949114000000000033e+03
4.686942000000000007e+03
5.728564000000000306e+03
6.902296999999999571e+03
8.248069999999999709e+03
1.004979299999999967e+04
