10984.84399999999914
9990.68200000000070
9990.42400000000089
9981.31799999999930
9993.52600000000166
9984.20399999999790
9993.52600000000166
9981.31799999999930
9990.42400000000089
9990.68200000000070
9993.84600000000137
9990.54200000000128
9993.42000000000189
10001.73400000000038
9992.41800000000330
9995.67799999999988
9988.20200000000114
9986.60800000000199
9999.26200000000063
9993.32000000000335
9989.58200000000215
9992.42000000000371
9997.22000000000116
9985.08200000000033
9986.50000000000000
9990.16799999999967
9990.64400000000205
9986.87800000000061
9983.70399999999972
9987.62199999999757
9990.34799999999996
9991.60200000000259
9989.84599999999773
9982.14800000000105
9989.27599999999984
9987.00400000000263
9983.89000000000306
9988.56599999999889
9992.41799999999967
9988.23200000000361
9986.92000000000007
9992.91999999999825
9998.61799999999857
10000.35000000000036
9990.86199999999917
9984.19800000000032
9988.12599999999657
9982.02400000000125
9997.54200000000492
9985.97999999999774
9994.27999999999702
9985.70199999999750
9989.41000000000349
9984.89000000000306
9998.38600000000042
9976.55599999999868
9998.38600000000042
9984.89000000000306
9989.41000000000349
9985.70199999999750
9986.92000000000007
9985.97999999999774
9997.54200000000492
9982.02400000000125
9988.12599999999657
9984.19800000000032
9990.86199999999917
10000.35000000000036
9998.61799999999857
9992.91999999999825
9990.34799999999996
9988.23200000000361
9992.41799999999967
9988.56599999999889
9983.89000000000306
9987.00400000000263
9989.27599999999984
9982.14800000000105
9989.84599999999773
9991.60200000000259
9989.58200000000215
9987.62199999999757
9983.70399999999972
9986.87800000000061
9990.64400000000205
9990.16799999999967
9986.50000000000000
9985.08200000000033
9997.22000000000116
9992.42000000000371
9993.84600000000137
9993.32000000000335
9999.26200000000063
9986.60800000000199
9988.20200000000114
9995.67799999999988
9992.41800000000330
10001.73400000000038
9993.42000000000189
9990.54200000000128
10988.94800000000032
9992.57000000000153
9988.31800000000112
9984.64200000000164
9992.30599999999686
9984.79199999999946
9992.30599999999686
9984.64200000000164
9988.31800000000112
9992.57000000000153
9992.51200000000063
9991.27400000000307
9991.63599999999860
9997.21200000000135
9994.26800000000185
9992.40999999999804
9989.84799999999996
9987.96800000000076
9997.48999999999796
9993.31000000000313
9992.98199999999997
9995.30199999999604
9996.32200000000012
9987.17400000000089
9986.54199999999946
9988.87000000000080
9988.10400000000300
9988.00200000000041
9981.01599999999962
9989.65600000000268
9990.43200000000252
9992.44600000000173
9992.74399999999878
9985.63000000000284
9987.51600000000144
9987.69799999999850
9986.52000000000044
9982.92200000000048
9996.76000000000022
9989.22400000000198
9985.36599999999999
9989.61399999999958
9999.18999999999869
9992.66799999999967
9992.01200000000063
9981.61800000000039
9990.77599999999984
9985.61600000000180
9993.51200000000063
9988.41599999999926
9991.23999999999978
9985.95799999999872
9984.81999999999971
9989.58399999999892
9995.45399999999972
9982.55999999999949
9995.45399999999972
9989.58399999999892
9984.81999999999971
9985.95799999999872
9985.36599999999999
9988.41599999999926
9993.51200000000063
9985.61600000000180
9990.77599999999984
9981.61800000000039
9992.01200000000063
9992.66799999999967
9999.18999999999869
9989.61399999999958
9990.43200000000252
9989.22400000000198
9996.76000000000022
9982.92200000000048
9986.52000000000044
9987.69799999999850
9987.51600000000144
9985.63000000000284
9992.74399999999878
9992.44600000000173
9992.98199999999997
9989.65600000000268
9981.01599999999962
9988.00200000000041
9988.10400000000300
9988.87000000000080
9986.54199999999946
9987.17400000000089
9996.32200000000012
9995.30199999999604
9992.51200000000063
9993.31000000000313
9997.48999999999796
9987.96800000000076
9989.84799999999996
9992.40999999999804
9994.26800000000185
9997.21200000000135
9991.63599999999860
9991.27400000000307
10990.17199999999866
9987.97800000000097
9991.00599999999940
9984.87600000000020
9989.29999999999927
9990.18799999999828
9989.29999999999927
9984.87600000000020
9991.00599999999940
9987.97800000000097
9989.53999999999905
9994.82799999999770
9992.55399999999827
9997.63400000000183
9992.11399999999776
9994.27200000000266
9992.74200000000019
9982.56000000000131
9997.34999999999854
9993.26600000000144
9996.51999999999862
9993.82600000000093
9994.34000000000015
9983.10199999999895
9987.04399999999805
9987.22199999999975
9989.85400000000118
9988.91199999999844
9981.95200000000114
9990.60000000000036
9988.87400000000162
9991.64799999999923
9994.05400000000191
9987.71399999999994
9983.61399999999958
9989.60600000000159
9983.17599999999948
9984.80800000000272
9992.18999999999869
9987.65999999999985
9986.50799999999799
9996.11000000000058
9995.04199999999946
9992.48999999999978
9992.70600000000195
9982.34599999999955
9987.15000000000146
9985.75599999999940
9996.52600000000348
9988.55599999999868
9989.71600000000035
9988.43999999999687
9985.70400000000336
9991.20799999999872
9999.83400000000074
9979.69999999999709
9999.83400000000074
9991.20799999999872
9985.70400000000336
9988.43999999999687
9986.50799999999799
9988.55599999999868
9996.52600000000348
9985.75599999999940
9987.15000000000146
9982.34599999999955
9992.70600000000195
9992.48999999999978
9995.04199999999946
9996.11000000000058
9988.87400000000162
9987.65999999999985
9992.18999999999869
9984.80800000000272
9983.17599999999948
9989.60600000000159
9983.61399999999958
9987.71399999999994
9994.05400000000191
9991.64799999999923
9996.51999999999862
9990.60000000000036
9981.95200000000114
9988.91199999999844
9989.85400000000118
9987.22199999999975
9987.04399999999805
9983.10199999999895
9994.34000000000015
9993.82600000000093
9989.53999999999905
9993.26600000000144
9997.34999999999854
9982.56000000000131
9992.74200000000019
9994.27200000000266
9992.11399999999776
9997.63400000000183
9992.55399999999827
9994.82799999999770
10997.88399999999820
9988.59200000000055
9989.61000000000240
9982.76400000000285
9990.16400000000067
9992.64800000000105
9990.16400000000067
9982.76400000000285
9989.61000000000240
9988.59200000000055
9988.17000000000189
9996.56399999999849
9991.54399999999987
9998.52600000000348
9991.16000000000167
9991.77200000000084
9991.29399999999987
9986.24000000000160
9994.53800000000228
9993.56399999999849
9993.98000000000320
9991.32399999999870
9994.73400000000220
9986.22999999999956
9986.58599999999933
9990.20599999999831
9988.62200000000121
9990.47999999999956
9982.42000000000189
9987.19200000000274
9990.82000000000153
9996.29200000000128
9993.89399999999841
9986.51200000000063
9988.12000000000080
9985.70400000000154
9984.51800000000367
9983.86600000000362
9991.54000000000087
9988.72399999999470
9979.88200000000143
9990.47799999999734
9999.19400000000132
9988.97600000000057
9990.35199999999895
9982.22999999999956
9989.67400000000089
9986.16799999999785
9996.92000000000189
9987.68800000000010
9995.33199999999670
9990.92399999999725
9987.74400000000242
9990.61999999999898
9995.99199999999837
9987.91999999999825
9995.99199999999837
9990.61999999999898
9987.74400000000242
9990.92399999999725
9979.88200000000143
9987.68800000000010
9996.92000000000189
9986.16799999999785
9989.67400000000089
9982.22999999999956
9990.35199999999895
9988.97600000000057
9999.19400000000132
9990.47799999999734
9990.82000000000153
9988.72399999999470
9991.54000000000087
9983.86600000000362
9984.51800000000367
9985.70400000000154
9988.12000000000080
9986.51200000000063
9993.89399999999841
9996.29200000000128
9993.98000000000320
9987.19200000000274
9982.42000000000189
9990.47999999999956
9988.62200000000121
9990.20599999999831
9986.58599999999933
9986.22999999999956
9994.73400000000220
9991.32399999999870
9988.17000000000189
9993.56399999999849
9994.53800000000228
9986.24000000000160
9991.29399999999987
9991.77200000000084
9991.16000000000167
9998.52600000000348
9991.54399999999987
9996.56399999999849
11000.01600000000144
9982.67000000000189
9991.20999999999913
9987.13199999999961
9986.78399999999965
9992.84000000000196
9986.78399999999965
9987.13199999999961
9991.20999999999913
9982.67000000000189
9988.51599999999780
10000.82599999999911
9990.18800000000010
9997.64799999999741
9991.34399999999732
9990.19799999999668
9994.21600000000035
9986.81600000000253
9993.97200000000157
9995.03400000000147
9992.87799999999879
9995.41200000000208
9990.74599999999919
9989.23799999999937
9982.99799999999777
9990.84999999999854
9988.97199999999975
9987.57800000000134
9985.95400000000336
9986.14799999999741
9991.56399999999849
9995.90800000000309
9993.64799999999923
9988.26400000000103
9986.57200000000012
9986.09800000000359
9984.11199999999917
9984.70800000000236
9987.43399999999929
9989.32200000000012
9977.03800000000047
9999.53599999999824
9997.49600000000100
9991.86800000000039
9989.37399999999980
9982.84200000000237
9988.11999999999898
9988.37999999999920
10000.27999999999702
9987.71200000000135
9990.16399999999703
9988.90800000000127
9985.54000000000087
9987.92400000000089
9999.68200000000070
9977.66399999999885
9999.68200000000070
9987.92400000000089
9985.54000000000087
9988.90800000000127
9977.03800000000047
9987.71200000000135
10000.27999999999702
9988.37999999999920
9988.11999999999898
9982.84200000000237
9989.37399999999980
9991.86800000000039
9997.49600000000100
9999.53599999999824
9991.56399999999849
9989.32200000000012
9987.43399999999929
9984.70800000000236
9984.11199999999917
9986.09800000000359
9986.57200000000012
9988.26400000000103
9993.64799999999923
9995.90800000000309
9992.87799999999879
9986.14799999999741
9985.95400000000336
9987.57800000000134
9988.97199999999975
9990.84999999999854
9982.99799999999777
9989.23799999999937
9990.74599999999919
9995.41200000000208
9988.51599999999780
9995.03400000000147
9993.97200000000157
9986.81600000000253
9994.21600000000035
9990.19799999999668
9991.34399999999732
9997.64799999999741
9990.18800000000010
10000.82599999999911
11017.40799999999763
9982.21399999999812
9986.80999999999949
9987.70000000000073
9985.20000000000073
9991.54000000000087
9985.20000000000073
9987.70000000000073
9986.80999999999949
9982.21399999999812
9983.62399999999980
10002.30599999999686
9992.31399999999849
9994.06999999999971
9991.82200000000194
9991.08200000000033
9990.08799999999610
9987.53200000000470
9994.86399999999776
9991.19799999999850
9993.49200000000019
9986.94200000000092
9995.74200000000019
9987.43399999999747
9989.59000000000015
9990.84400000000096
9991.05999999999949
9985.91000000000167
9983.62800000000061
9990.43200000000252
9994.37200000000121
9995.57200000000194
9995.43400000000111
9986.18400000000111
9984.76799999999821
9989.02599999999984
9984.50800000000163
9982.82599999999911
9988.45400000000154
9993.70399999999972
9979.82799999999770
9996.89600000000064
9998.95599999999831
9990.12599999999657
9992.72400000000198
9982.20799999999872
9986.55399999999827
9992.09800000000359
9998.54799999999886
9986.45199999999750
9986.28800000000228
9990.85200000000259
9980.37799999999879
9987.11600000000180
9998.70400000000154
9980.39199999999983
9998.70400000000154
9987.11600000000180
9980.37799999999879
9990.85200000000259
9979.82799999999770
9986.45199999999750
9998.54799999999886
9992.09800000000359
9986.55399999999827
9982.20799999999872
9992.72400000000198
9990.12599999999657
9998.95599999999831
9996.89600000000064
9994.37200000000121
9993.70399999999972
9988.45400000000154
9982.82599999999911
9984.50800000000163
9989.02599999999984
9984.76799999999821
9986.18400000000111
9995.43400000000111
9995.57200000000194
9993.49200000000019
9990.43200000000252
9983.62800000000061
9985.91000000000167
9991.05999999999949
9990.84400000000096
9989.59000000000015
9987.43399999999747
9995.74200000000019
9986.94200000000092
9983.62399999999980
9991.19799999999850
9994.86399999999776
9987.53200000000470
9990.08799999999610
9991.08200000000033
9991.82200000000194
9994.06999999999971
9992.31399999999849
10002.30599999999686
11020.26399999999921
9986.50200000000041
9986.78199999999561
9986.84799999999632
9986.63400000000365
9995.92799999999806
9986.63400000000365
9986.84799999999632
9986.78199999999561
9986.50200000000041
9981.67199999999866
9999.26399999999740
9990.47999999999956
9996.35000000000400
9991.04999999999927
9986.77399999999943
9991.95800000000054
9987.43200000000070
9994.18399999999929
9989.44999999999709
9995.33799999999792
9991.69999999999891
9991.37600000000020
9993.57799999999952
9987.46600000000035
9995.04399999999987
9984.55400000000191
9987.13799999999901
9983.82399999999870
9988.29800000000250
9994.52199999999903
9997.37800000000243
9993.50800000000163
9986.81399999999849
9986.21199999999772
9988.24800000000141
9990.47200000000157
9980.57399999999870
9986.10800000000017
9989.81200000000354
9980.19600000000173
9996.81200000000172
9999.93800000000010
9984.82399999999870
9993.07599999999911
9978.51199999999881
9987.82199999999830
9994.42599999999948
9996.11599999999453
9986.87600000000202
9987.52800000000025
9990.68200000000252
9986.00000000000000
9985.91800000000330
9995.45800000000236
9988.27999999999884
9995.45800000000236
9985.91800000000330
9986.00000000000000
9990.68200000000252
9980.19600000000173
9986.87600000000202
9996.11599999999453
9994.42599999999948
9987.82199999999830
9978.51199999999881
9993.07599999999911
9984.82399999999870
9999.93800000000010
9996.81200000000172
9994.52199999999903
9989.81200000000354
9986.10800000000017
9980.57399999999870
9990.47200000000157
9988.24800000000141
9986.21199999999772
9986.81399999999849
9993.50800000000163
9997.37800000000243
9995.33799999999792
9988.29800000000250
9983.82399999999870
9987.13799999999901
9984.55400000000191
9995.04399999999987
9987.46600000000035
9993.57799999999952
9991.37600000000020
9991.69999999999891
9981.67199999999866
9989.44999999999709
9994.18399999999929
9987.43200000000070
9991.95800000000054
9986.77399999999943
9991.04999999999927
9996.35000000000400
9990.47999999999956
9999.26399999999740
11045.11600000000362
9973.70799999999872
9986.72999999999956
9986.26199999999699
9985.62400000000343
9995.02399999999943
9985.62400000000343
9986.26199999999699
9986.72999999999956
9973.70799999999872
9969.73599999999533
10007.26399999999740
9992.27800000000207
9995.19599999999991
9991.66600000000108
9988.66200000000026
9991.84600000000137
9989.58400000000256
9993.73999999999796
9991.63399999999820
9997.72999999999956
9988.89999999999964
9996.05600000000049
9991.66799999999967
9985.14199999999801
9994.16799999999785
9987.89600000000064
9988.58600000000115
9982.15800000000127
9989.43199999999706
9996.56999999999971
9993.98000000000138
9991.67799999999988
9987.83799999999974
9985.68600000000333
9987.55600000000231
9992.79799999999886
9980.55199999999786
9984.42599999999948
9994.16599999999926
9980.64399999999841
9997.14999999999782
9999.17999999999847
9983.82600000000275
9987.50199999999677
9983.08599999999933
9982.00999999999840
9993.36399999999958
9997.18199999999888
9984.89000000000306
9984.48799999999937
9992.30999999999949
9985.45399999999972
9982.46399999999994
10002.31399999999849
9990.78800000000228
10002.31399999999849
9982.46399999999994
9985.45399999999972
9992.30999999999949
9980.64399999999841
9984.89000000000306
9997.18199999999888
9993.36399999999958
9982.00999999999840
9983.08599999999933
9987.50199999999677
9983.82600000000275
9999.17999999999847
9997.14999999999782
9996.56999999999971
9994.16599999999926
9984.42599999999948
9980.55199999999786
9992.79799999999886
9987.55600000000231
9985.68600000000333
9987.83799999999974
9991.67799999999988
9993.98000000000138
9997.72999999999956
9989.43199999999706
9982.15800000000127
9988.58600000000115
9987.89600000000064
9994.16799999999785
9985.14199999999801
9991.66799999999967
9996.05600000000049
9988.89999999999964
9969.73599999999533
9991.63399999999820
9993.73999999999796
9989.58400000000256
9991.84600000000137
9988.66200000000026
9991.66600000000108
9995.19599999999991
9992.27800000000207
10007.26399999999740
11072.98400000000220
9966.81000000000131
9986.04800000000068
9990.74200000000201
9981.75799999999981
9999.60800000000199
9981.75799999999981
9990.74200000000201
9986.04800000000068
9966.81000000000131
9963.01599999999962
10006.78399999999601
9992.00799999999981
9999.46199999999772
9990.59000000000196
9989.85800000000017
9990.97199999999793
9989.06999999999971
9992.45400000000336
9986.41200000000026
10001.00800000000345
9988.96999999999935
9993.41600000000108
9991.61200000000099
9988.84599999999773
9992.42799999999806
9985.74200000000019
9994.57400000000052
9982.79199999999764
9987.19199999999910
9990.80799999999726
9997.96200000000135
9993.67199999999866
9984.73000000000138
9986.39400000000023
9988.27399999999943
9989.76800000000003
9977.90400000000045
9987.31800000000112
9994.16000000000349
9987.33400000000256
9993.36399999999958
9998.91399999999703
9982.83400000000074
9987.51000000000022
9985.96799999999894
9979.92199999999866
9992.93199999999888
9997.34400000000096
9985.47200000000157
9987.04800000000250
9989.09600000000137
9987.43000000000029
9981.43999999999687
10006.20199999999750
9981.72799999999916
10006.20199999999750
9981.43999999999687
9987.43000000000029
9989.09600000000137
9987.33400000000256
9985.47200000000157
9997.34400000000096
9992.93199999999888
9979.92199999999866
9985.96799999999894
9987.51000000000022
9982.83400000000074
9998.91399999999703
9993.36399999999958
9990.80799999999726
9994.16000000000349
9987.31800000000112
9977.90400000000045
9989.76800000000003
9988.27399999999943
9986.39400000000023
9984.73000000000138
9993.67199999999866
9997.96200000000135
10001.00800000000345
9987.19199999999910
9982.79199999999764
9994.57400000000052
9985.74200000000019
9992.42799999999806
9988.84599999999773
9991.61200000000099
9993.41600000000108
9988.96999999999935
9963.01599999999962
9986.41200000000026
9992.45400000000336
9989.06999999999971
9990.97199999999793
9989.85800000000017
9990.59000000000196
9999.46199999999772
9992.00799999999981
10006.78399999999601
11094.88400000000183
9960.73000000000320
9987.33799999999974
9993.21199999999772
9983.31799999999566
9997.25599999999940
9983.31799999999566
9993.21199999999772
9987.33799999999974
9960.73000000000320
9954.93199999999524
10010.27000000000226
9990.85999999999694
9999.00399999999900
9994.34799999999996
9991.48999999999796
9982.08799999999974
9987.04599999999664
9994.39199999999801
9986.55000000000109
9996.65200000000004
9988.48800000000119
9994.30799999999908
9989.26399999999740
9984.87200000000121
9989.94599999999991
9989.74400000000060
9993.86199999999917
9988.25400000000081
9985.89199999999983
9993.84799999999632
9999.67999999999847
9992.32600000000093
9983.73999999999796
9987.56199999999990
9986.92600000000130
9991.43000000000029
9976.78999999999724
9988.19599999999809
9992.61199999999735
9989.43199999999888
9992.36599999999999
9997.92400000000271
9987.59400000000096
9990.13799999999901
9982.14400000000023
9982.50799999999981
9990.39999999999964
9998.19199999999910
9984.79200000000128
9988.64800000000105
9987.49600000000282
9986.30200000000150
9983.67000000000189
10003.73600000000079
9985.88399999999820
10003.73600000000079
9983.67000000000189
9986.30200000000150
9987.49600000000282
9989.43199999999888
9984.79200000000128
9998.19199999999910
9990.39999999999964
9982.50799999999981
9982.14400000000023
9990.13799999999901
9987.59400000000096
9997.92400000000271
9992.36599999999999
9993.84799999999632
9992.61199999999735
9988.19599999999809
9976.78999999999724
9991.43000000000029
9986.92600000000130
9987.56199999999990
9983.73999999999796
9992.32600000000093
9999.67999999999847
9996.65200000000004
9985.89199999999983
9988.25400000000081
9993.86199999999917
9989.74400000000060
9989.94599999999991
9984.87200000000121
9989.26399999999740
9994.30799999999908
9988.48800000000119
9954.93199999999524
9986.55000000000109
9994.39199999999801
9987.04599999999664
9982.08799999999974
9991.48999999999796
9994.34799999999996
9999.00399999999900
9990.85999999999694
10010.27000000000226
11135.55600000000049
9944.01600000000144
9987.75200000000223
9990.74999999999818
9984.73400000000220
9995.93600000000151
9984.73400000000220
9990.74999999999818
9987.75200000000223
9944.01600000000144
9937.64400000000023
10016.57400000000052
9992.54000000000087
9999.56000000000131
9995.21000000000095
9992.89199999999983
9984.01599999999598
9991.38600000000406
9991.26000000000022
9991.88600000000224
10000.65000000000146
9983.83800000000156
10000.90000000000146
9987.38999999999760
9984.29199999999764
9989.91600000000108
9991.26000000000204
9992.19599999999809
9987.55999999999585
9986.53200000000106
9991.70799999999872
10000.91800000000330
9990.50399999999718
9985.28200000000106
9986.11400000000322
9989.15400000000227
9985.41999999999825
9984.05800000000454
9978.61000000000058
9996.47200000000157
9987.44000000000051
9994.68000000000029
9996.13999999999942
9982.88200000000143
9986.83000000000175
9992.07800000000134
9989.12800000000243
9986.89399999999841
9995.30999999999949
9985.18599999999969
9981.27200000000084
9990.82399999999870
9986.91199999999844
9991.28399999999965
10000.75999999999658
9968.55200000000150
10000.75999999999658
9991.28399999999965
9986.91199999999844
9990.82399999999870
9987.44000000000051
9985.18599999999969
9995.30999999999949
9986.89399999999841
9989.12800000000243
9992.07800000000134
9986.83000000000175
9982.88200000000143
9996.13999999999942
9994.68000000000029
9991.70799999999872
9996.47200000000157
9978.61000000000058
9984.05800000000454
9985.41999999999825
9989.15400000000227
9986.11400000000322
9985.28200000000106
9990.50399999999718
10000.91800000000330
10000.65000000000146
9986.53200000000106
9987.55999999999585
9992.19599999999809
9991.26000000000204
9989.91600000000108
9984.29199999999764
9987.38999999999760
10000.90000000000146
9983.83800000000156
9937.64400000000023
9991.88600000000224
9991.26000000000022
9991.38600000000406
9984.01599999999598
9992.89199999999983
9995.21000000000095
9999.56000000000131
9992.54000000000087
10016.57400000000052
11167.42000000000189
9935.75800000000163
9988.19399999999769
9994.76800000000003
9981.68800000000010
9997.04799999999886
9981.68800000000010
9994.76800000000003
9988.19399999999769
9935.75800000000163
9930.27200000000084
10007.70999999999913
9995.89999999999964
9991.11200000000099
9997.61199999999553
9996.68800000000010
9985.57799999999770
9983.56799999999748
9992.37399999999980
9991.07199999999648
9996.48199999999997
9995.53000000000065
9993.60600000000159
9987.34800000000178
9988.63799999999901
9988.52600000000166
9986.53800000000228
9999.20200000000114
9988.40999999999804
9986.86799999999857
9990.08400000000256
9996.56999999999971
9995.17000000000189
9985.60200000000077
9989.23800000000119
9989.28399999999783
9988.56799999999930
9982.86400000000140
9977.64399999999841
9995.45800000000054
9989.01199999999881
9993.52400000000307
9994.26199999999881
9986.66399999999885
9986.79599999999846
9985.28200000000106
9987.08199999999670
9988.31199999999990
9994.04000000000087
9985.90799999999763
9981.90800000000127
9991.45200000000114
9990.77599999999984
9989.62399999999980
9999.79200000000128
9980.72399999999834
9999.79200000000128
9989.62399999999980
9990.77599999999984
9991.45200000000114
9989.01199999999881
9985.90799999999763
9994.04000000000087
9988.31199999999990
9987.08199999999670
9985.28200000000106
9986.79599999999846
9986.66399999999885
9994.26199999999881
9993.52400000000307
9990.08400000000256
9995.45800000000054
9977.64399999999841
9982.86400000000140
9988.56799999999930
9989.28399999999783
9989.23800000000119
9985.60200000000077
9995.17000000000189
9996.56999999999971
9996.48199999999997
9986.86799999999857
9988.40999999999804
9999.20200000000114
9986.53800000000228
9988.52600000000166
9988.63799999999901
9987.34800000000178
9993.60600000000159
9995.53000000000065
9930.27200000000084
9991.07199999999648
9992.37399999999980
9983.56799999999748
9985.57799999999770
9996.68800000000010
9997.61199999999553
9991.11200000000099
9995.89999999999964
10007.70999999999913
11211.28799999999501
9924.69199999999910
9986.90400000000045
9994.98399999999674
9980.32200000000194
10005.25200000000223
9980.32200000000194
9994.98399999999674
9986.90400000000045
9924.69199999999910
9921.25599999999940
10016.42999999999847
9992.19999999999891
9996.39200000000346
9999.67000000000007
9992.71999999999935
9982.90600000000086
9987.72400000000198
9994.10599999999795
9985.72400000000198
9995.58200000000033
9996.65999999999985
9989.82599999999911
9992.58200000000033
9979.08599999999933
9992.13000000000102
9984.54000000000087
9997.43000000000029
9985.18599999999788
9989.51000000000204
9983.71200000000135
10001.91200000000026
9994.93600000000151
9984.76399999999921
9988.67600000000130
9986.16799999999785
9988.97799999999734
9977.51400000000285
9981.36200000000281
9991.83599999999933
9983.62799999999879
9996.70000000000073
9991.45000000000073
9991.28200000000106
9988.71600000000035
9989.01599999999780
9985.33200000000033
9992.18400000000111
9997.07399999999870
9987.08000000000175
9984.05999999999949
9992.79800000000068
9992.24800000000141
9982.94600000000173
9997.12399999999798
9987.40399999999863
9997.12399999999798
9982.94600000000173
9992.24800000000141
9992.79800000000068
9983.62799999999879
9987.08000000000175
9997.07399999999870
9992.18400000000111
9985.33200000000033
9989.01599999999780
9988.71600000000035
9991.28200000000106
9991.45000000000073
9996.70000000000073
9983.71200000000135
9991.83599999999933
9981.36200000000281
9977.51400000000285
9988.97799999999734
9986.16799999999785
9988.67600000000130
9984.76399999999921
9994.93600000000151
10001.91200000000026
9995.58200000000033
9989.51000000000204
9985.18599999999788
9997.43000000000029
9984.54000000000087
9992.13000000000102
9979.08599999999933
9992.58200000000033
9989.82599999999911
9996.65999999999985
9921.25599999999940
9985.72400000000198
9994.10599999999795
9987.72400000000198
9982.90600000000086
9992.71999999999935
9999.67000000000007
9996.39200000000346
9992.19999999999891
10016.42999999999847
11276.53199999999924
9908.24399999999878
9992.16600000000290
9997.92799999999625
9980.52600000000166
10002.30800000000090
9980.52600000000166
9997.92799999999625
9992.16600000000290
9908.24399999999878
9904.97400000000198
10013.70199999999932
9987.95000000000073
9989.24200000000019
10001.85999999999876
9993.70999999999731
9979.47400000000016
9980.78800000000228
9994.00400000000081
9981.53199999999742
9996.98199999999997
9992.06199999999990
9996.71800000000258
9997.86799999999857
9976.79799999999886
9994.12800000000243
9991.60800000000199
10004.47000000000116
9985.78000000000065
9991.91200000000026
9984.90999999999985
10008.29200000000128
9987.63999999999942
9993.00999999999840
9982.38999999999942
9987.33999999999651
9983.86200000000099
9983.26800000000003
9975.18400000000292
9995.55399999999827
9984.51599999999780
9986.25999999999840
9993.26599999999598
9993.57000000000153
9987.78799999999865
9987.61400000000140
9987.31600000000071
9985.31199999999990
9999.06999999999607
9986.85800000000017
9989.38799999999901
9991.79599999999664
9988.69000000000051
9988.58599999999933
9996.12599999999838
9986.48400000000038
9996.12599999999838
9988.58599999999933
9988.69000000000051
9991.79599999999664
9984.51599999999780
9986.85800000000017
9999.06999999999607
9985.31199999999990
9987.31600000000071
9987.61400000000140
9987.78799999999865
9993.57000000000153
9993.26599999999598
9986.25999999999840
9984.90999999999985
9995.55399999999827
9975.18400000000292
9983.26800000000003
9983.86200000000099
9987.33999999999651
9982.38999999999942
9993.00999999999840
9987.63999999999942
10008.29200000000128
9996.98199999999997
9991.91200000000026
9985.78000000000065
10004.47000000000116
9991.60800000000199
9994.12800000000243
9976.79799999999886
9997.86799999999857
9996.71800000000258
9992.06199999999990
9904.97400000000198
9981.53199999999742
9994.00400000000081
9980.78800000000228
9979.47400000000016
9993.70999999999731
10001.85999999999876
9989.24200000000019
9987.95000000000073
10013.70199999999932
11355.84399999999914
9890.48799999999937
9989.35999999999694
9995.98400000000402
9980.87600000000020
9996.05999999999767
9980.87600000000020
9995.98400000000402
9989.35999999999694
9890.48799999999937
9882.88199999999779
10015.09200000000237
9985.23599999999897
9996.39599999999882
9999.51600000000144
9995.44199999999910
9980.31000000000131
9986.41200000000026
9992.91799999999967
9978.69399999999951
9998.19200000000092
10000.01200000000063
9995.94599999999809
9991.27800000000025
9975.27400000000125
9999.59600000000137
9982.04000000000087
10003.14600000000246
9987.08999999999651
9996.77600000000166
9985.47600000000239
10007.29799999999886
9985.66199999999662
10000.22799999999734
9983.43000000000029
9987.37999999999920
9984.05599999999868
9982.91800000000148
9979.75400000000081
9987.68400000000111
9986.57599999999911
9990.00599999999940
9990.36000000000058
9992.74799999999777
9982.11800000000039
9990.96800000000258
9990.15999999999622
9983.03000000000247
9998.07999999999993
9981.70799999999872
9983.32800000000134
9994.75400000000081
9992.82999999999811
9986.92400000000089
9998.12599999999657
9982.30800000000090
9998.12599999999657
9986.92400000000089
9992.82999999999811
9994.75400000000081
9986.57599999999911
9981.70799999999872
9998.07999999999993
9983.03000000000247
9990.15999999999622
9990.96800000000258
9982.11800000000039
9992.74799999999777
9990.36000000000058
9990.00599999999940
9985.47600000000239
9987.68400000000111
9979.75400000000081
9982.91800000000148
9984.05599999999868
9987.37999999999920
9983.43000000000029
10000.22799999999734
9985.66199999999662
10007.29799999999886
9998.19200000000092
9996.77600000000166
9987.08999999999651
10003.14600000000246
9982.04000000000087
9999.59600000000137
9975.27400000000125
9991.27800000000025
9995.94599999999809
10000.01200000000063
9882.88199999999779
9978.69399999999951
9992.91799999999967
9986.41200000000026
9980.31000000000131
9995.44199999999910
9999.51600000000144
9996.39599999999882
9985.23599999999897
10015.09200000000237
11413.90799999999763
9882.41600000000290
9990.60599999999795
9996.03800000000228
9980.14400000000205
10002.49599999999919
9980.14400000000205
9996.03800000000228
9990.60599999999795
9882.41600000000290
9863.79999999999927
10008.40800000000127
9991.98199999999997
9991.83400000000074
9996.62799999999879
9994.18600000000151
9984.14999999999964
9981.23999999999978
9985.04600000000028
9976.95600000000013
10001.15999999999985
10002.69799999999850
9993.77999999999702
9989.46000000000276
9983.53600000000006
9992.63199999999779
9981.42599999999948
10008.21799999999894
9992.53000000000065
9994.92600000000311
9984.38000000000102
10002.33799999999792
9990.04000000000087
9994.65000000000327
9982.72200000000157
9987.74200000000201
9985.81600000000253
9980.84999999999854
9973.05999999999767
9994.31200000000172
9992.03199999999924
9987.92399999999907
9987.50000000000182
9996.74399999999878
9982.33999999999833
9999.05600000000049
9990.18400000000111
9991.59800000000178
9997.16600000000108
9982.27000000000044
9991.20399999999972
9993.95400000000336
9991.85399999999936
9981.17199999999866
9996.49199999999837
9972.39999999999964
9996.49199999999837
9981.17199999999866
9991.85399999999936
9993.95400000000336
9992.03199999999924
9982.27000000000044
9997.16600000000108
9991.59800000000178
9990.18400000000111
9999.05600000000049
9982.33999999999833
9996.74399999999878
9987.50000000000182
9987.92399999999907
9984.38000000000102
9994.31200000000172
9973.05999999999767
9980.84999999999854
9985.81600000000253
9987.74200000000201
9982.72200000000157
9994.65000000000327
9990.04000000000087
10002.33799999999792
10001.15999999999985
9994.92600000000311
9992.53000000000065
10008.21799999999894
9981.42599999999948
9992.63199999999779
9983.53600000000006
9989.46000000000276
9993.77999999999702
10002.69799999999850
9863.79999999999927
9976.95600000000013
9985.04600000000028
9981.23999999999978
9984.14999999999964
9994.18600000000151
9996.62799999999879
9991.83400000000074
9991.98199999999997
10008.40800000000127
11487.21200000000135
9870.08599999999569
9991.13800000000083
10001.11000000000058
9986.95399999999972
9994.44800000000032
9986.95399999999972
10001.11000000000058
9991.13800000000083
9870.08599999999569
9847.74199999999655
9999.48599999999715
9996.30800000000090
9987.59599999999773
9995.19799999999668
9996.97199999999975
9980.75000000000000
9972.27200000000084
9987.53399999999965
9969.88399999999820
10011.13200000000143
10002.09599999999773
9990.76599999999780
9990.34600000000137
9978.68199999999888
9989.85400000000300
9985.23800000000119
10010.84000000000196
9988.74200000000019
9992.33599999999933
9986.45999999999731
10004.18200000000070
9995.95999999999913
9990.85800000000017
9988.57999999999811
9987.35599999999795
9990.18399999999747
9975.44000000000051
9976.19600000000173
9989.04200000000128
9996.86800000000221
9991.27799999999843
9984.20400000000154
10000.36600000000180
9988.33199999999852
9992.37600000000202
9990.40000000000146
9995.75600000000122
9995.16199999999844
9979.92199999999866
9982.97999999999956
9989.15799999999763
9995.05600000000049
9977.34199999999691
9996.03399999999965
9976.21200000000317
9996.03399999999965
9977.34199999999691
9995.05600000000049
9989.15799999999763
9996.86800000000221
9979.92199999999866
9995.16199999999844
9995.75600000000122
9990.40000000000146
9992.37600000000202
9988.33199999999852
10000.36600000000180
9984.20400000000154
9991.27799999999843
9986.45999999999731
9989.04200000000128
9976.19600000000173
9975.44000000000051
9990.18399999999747
9987.35599999999795
9988.57999999999811
9990.85800000000017
9995.95999999999913
10004.18200000000070
10011.13200000000143
9992.33599999999933
9988.74200000000019
10010.84000000000196
9985.23800000000119
9989.85400000000300
9978.68199999999888
9990.34600000000137
9990.76599999999780
10002.09599999999773
9847.74199999999655
9969.88399999999820
9987.53399999999965
9972.27200000000084
9980.75000000000000
9996.97199999999975
9995.19799999999668
9987.59599999999773
9996.30800000000090
9999.48599999999715
11556.27599999999802
9860.39400000000023
9990.68800000000010
9994.57799999999952
9991.14399999999841
9989.04799999999886
9991.14399999999841
9994.57799999999952
9990.68800000000010
9860.39400000000023
9843.69000000000233
9991.25000000000000
9993.65999999999985
9995.65600000000086
9991.83999999999833
9994.54600000000210
9986.36800000000039
9969.10800000000017
9989.98400000000220
9960.46799999999894
10000.92799999999988
10010.58200000000215
9990.91000000000167
9994.35999999999876
9978.92399999999725
9990.17400000000271
9986.59000000000196
9998.14600000000064
9988.35599999999613
9993.73399999999856
9989.51999999999862
10004.49199999999837
9995.37599999999838
9987.62000000000080
9982.07200000000375
9985.42199999999866
9992.28599999999824
9985.63399999999638
9979.43599999999788
9987.54800000000068
9991.46799999999894
9982.88200000000143
9982.02200000000084
10004.61799999999857
9988.70400000000154
9996.47999999999774
9988.58799999999974
9990.56399999999849
9991.05400000000009
9985.63800000000083
9997.92399999999907
9991.75200000000223
9995.14799999999923
9981.81399999999849
9997.11599999999999
9970.08800000000156
9997.11599999999999
9981.81399999999849
9995.14799999999923
9991.75200000000223
9991.46799999999894
9985.63800000000083
9991.05400000000009
9990.56399999999849
9988.58799999999974
9996.47999999999774
9988.70400000000154
10004.61799999999857
9982.02200000000084
9982.88200000000143
9989.51999999999862
9987.54800000000068
9979.43599999999788
9985.63399999999638
9992.28599999999824
9985.42199999999866
9982.07200000000375
9987.62000000000080
9995.37599999999838
10004.49199999999837
10000.92799999999988
9993.73399999999856
9988.35599999999613
9998.14600000000064
9986.59000000000196
9990.17400000000271
9978.92399999999725
9994.35999999999876
9990.91000000000167
10010.58200000000215
9843.69000000000233
9960.46799999999894
9989.98400000000220
9969.10800000000017
9986.36800000000039
9994.54600000000210
9991.83999999999833
9995.65600000000086
9993.65999999999985
9991.25000000000000
11627.32799999999588
9841.91799999999785
9995.78400000000147
9997.44399999999587
9991.97200000000157
9985.33599999999933
9991.97200000000157
9997.44399999999587
9995.78400000000147
9841.91799999999785
9827.86000000000058
9993.22200000000157
9993.49800000000141
9988.62799999999879
9993.35599999999795
9992.94399999999951
9975.37799999999697
9973.19400000000132
9981.86800000000221
9956.37600000000020
9995.09199999999873
10015.55999999999949
9996.05399999999827
9988.68599999999788
9983.85800000000017
9992.95999999999913
9983.02200000000266
10006.43199999999888
9983.58799999999974
10000.03799999999865
9994.79399999999987
10002.96600000000035
9989.54800000000068
9988.54999999999745
9981.81599999999708
9983.98999999999978
9992.70000000000073
9986.01599999999780
9989.17799999999806
9980.91400000000067
9986.45600000000377
9984.69000000000051
9990.77400000000125
10005.48999999999796
9991.80999999999949
9993.05199999999968
9987.27400000000125
9988.43800000000010
9984.80999999999585
9983.75800000000163
9998.60799999999836
9989.96200000000135
9998.74199999999837
9980.85399999999936
9997.60399999999936
9982.89199999999983
9997.60399999999936
9980.85399999999936
9998.74199999999837
9989.96200000000135
9986.45600000000377
9983.75800000000163
9984.80999999999585
9988.43800000000010
9987.27400000000125
9993.05199999999968
9991.80999999999949
10005.48999999999796
9990.77400000000125
9984.69000000000051
9994.79399999999987
9980.91400000000067
9989.17799999999806
9986.01599999999780
9992.70000000000073
9983.98999999999978
9981.81599999999708
9988.54999999999745
9989.54800000000068
10002.96600000000035
9995.09199999999873
10000.03799999999865
9983.58799999999974
10006.43199999999888
9983.02200000000266
9992.95999999999913
9983.85800000000017
9988.68599999999788
9996.05399999999827
10015.55999999999949
9827.86000000000058
9956.37600000000020
9981.86800000000221
9973.19400000000132
9975.37799999999697
9992.94399999999951
9993.35599999999795
9988.62799999999879
9993.49800000000141
9993.22200000000157
11708.07600000000093
9823.85800000000199
9995.43000000000029
9990.84399999999914
9995.87800000000243
9987.62400000000162
9995.87800000000243
9990.84399999999914
9995.43000000000029
9823.85800000000199
9820.72199999999793
9992.77799999999661
9988.29599999999664
9989.51800000000003
9986.71199999999953
9987.34799999999996
9978.77999999999702
9979.96000000000095
9980.82000000000153
9957.12399999999980
9992.68200000000070
10008.67400000000089
9999.05199999999604
9990.06000000000313
9993.77199999999903
9993.76800000000003
9989.03799999999865
9993.33000000000175
9989.20399999999972
9984.88199999999415
10001.67599999999948
9997.79199999999764
9991.02200000000266
9993.52399999999761
9978.87600000000020
9988.52800000000389
9984.35199999999895
9989.88600000000224
9980.08599999999751
9983.87400000000162
9992.35199999999895
9984.97600000000239
9989.57600000000275
9998.79600000000210
9992.31999999999971
9992.04000000000087
9994.34000000000015
9984.27799999999843
9985.87399999999980
9987.05800000000090
9989.89599999999882
9996.07000000000335
10001.07199999999830
9976.39199999999983
9992.84799999999996
9994.12799999999879
9992.84799999999996
9976.39199999999983
10001.07199999999830
9996.07000000000335
9992.35199999999895
9987.05800000000090
9985.87399999999980
9984.27799999999843
9994.34000000000015
9992.04000000000087
9992.31999999999971
9998.79600000000210
9989.57600000000275
9984.97600000000239
10001.67599999999948
9983.87400000000162
9980.08599999999751
9989.88600000000224
9984.35199999999895
9988.52800000000389
9978.87600000000020
9993.52399999999761
9991.02200000000266
9997.79199999999764
9992.68200000000070
9984.88199999999415
9989.20399999999972
9993.33000000000175
9989.03799999999865
9993.76800000000003
9993.77199999999903
9990.06000000000313
9999.05199999999604
10008.67400000000089
9820.72199999999793
9957.12399999999980
9980.82000000000153
9979.96000000000095
9978.77999999999702
9987.34799999999996
9986.71199999999953
9989.51800000000003
9988.29599999999664
9992.77799999999661
11778.62799999999515
9820.54600000000028
9985.69000000000051
9986.19799999999850
10000.40999999999804
9973.87199999999757
10000.40999999999804
9986.19799999999850
9985.69000000000051
9820.54600000000028
9796.24599999999919
9988.71399999999994
10002.45000000000073
9990.59200000000237
9981.71399999999994
9989.72399999999834
9979.43399999999929
9980.19599999999991
9983.87000000000080
9945.59199999999691
9987.92199999999866
10005.84599999999955
10004.55000000000109
9989.92999999999847
9996.16799999999967
9992.06000000000313
9994.92199999999866
9997.31999999999971
9986.94399999999951
9983.75400000000081
10002.12399999999798
9996.18400000000111
9993.81400000000394
9985.17600000000130
9983.41799999999785
9988.64600000000064
9984.71200000000135
9982.74599999999919
9987.30600000000049
9988.58200000000033
9990.74600000000100
9988.30600000000231
9993.03199999999924
10004.45399999999609
9983.79999999999927
9987.41200000000026
9991.53399999999965
9991.47600000000057
9987.81600000000071
9982.00400000000263
9996.57200000000012
9992.86399999999958
9996.27800000000025
9975.59799999999996
9999.05200000000150
9995.18400000000111
9999.05200000000150
9975.59799999999996
9996.27800000000025
9992.86399999999958
9990.74600000000100
9982.00400000000263
9987.81600000000071
9991.47600000000057
9991.53399999999965
9987.41200000000026
9983.79999999999927
10004.45399999999609
9993.03199999999924
9988.30600000000231
10002.12399999999798
9988.58200000000033
9987.30600000000049
9982.74599999999919
9984.71200000000135
9988.64600000000064
9983.41799999999785
9985.17600000000130
9993.81400000000394
9996.18400000000111
9987.92199999999866
9983.75400000000081
9986.94399999999951
9997.31999999999971
9994.92199999999866
9992.06000000000313
9996.16799999999967
9989.92999999999847
10004.55000000000109
10005.84599999999955
9796.24599999999919
9945.59199999999691
9983.87000000000080
9980.19599999999991
9979.43399999999929
9989.72399999999834
9981.71399999999994
9990.59200000000237
10002.45000000000073
9988.71399999999994
11863.14399999999659
9816.28999999999905
9972.47599999999693
9996.19599999999809
9989.66599999999926
9986.71999999999935
9989.66599999999926
9996.19599999999809
9972.47599999999693
9816.28999999999905
9799.25200000000041
9979.54800000000250
9996.03799999999865
9980.40600000000086
9994.06600000000071
9987.58599999999933
9987.96600000000035
9989.64400000000205
9985.17199999999866
9933.77000000000226
9978.16799999999967
10008.89400000000205
10020.45399999999972
9977.96600000000035
9992.83999999999651
9986.78999999999724
9998.68199999999888
9987.04000000000087
9993.19399999999951
9976.94000000000233
9999.77000000000044
9987.23399999999856
10001.97000000000116
9994.93400000000111
9983.64999999999964
9987.25799999999981
9981.88999999999942
9987.23400000000038
9983.80800000000090
9976.00799999999981
9993.42200000000230
9991.62199999999757
9979.18400000000111
9991.17799999999988
9991.78800000000410
9992.70000000000073
9990.42000000000189
9992.45999999999913
9993.95600000000013
9987.68000000000029
9980.34799999999814
10000.94200000000092
9995.47200000000157
9982.36199999999735
9993.87600000000384
9990.06400000000212
9993.87600000000384
9982.36199999999735
9995.47200000000157
10000.94200000000092
9993.42200000000230
9987.68000000000029
9993.95600000000013
9992.45999999999913
9990.42000000000189
9992.70000000000073
9991.78800000000410
9991.17799999999988
9979.18400000000111
9991.62199999999757
9999.77000000000044
9976.00799999999981
9983.80800000000090
9987.23400000000038
9981.88999999999942
9987.25799999999981
9983.64999999999964
9994.93400000000111
10001.97000000000116
9987.23399999999856
9978.16799999999967
9976.94000000000233
9993.19399999999951
9987.04000000000087
9998.68199999999888
9986.78999999999724
9992.83999999999651
9977.96600000000035
10020.45399999999972
10008.89400000000205
9799.25200000000041
9933.77000000000226
9985.17199999999866
9989.64400000000205
9987.96600000000035
9987.58599999999933
9994.06600000000071
9980.40600000000086
9996.03799999999865
9979.54800000000250
11934.48000000000320
9804.95600000000377
9976.22200000000157
9997.46400000000176
9992.59400000000278
9974.48399999999856
9992.59400000000278
9997.46400000000176
9976.22200000000157
9804.95600000000377
9794.27199999999903
9992.51999999999862
9979.11399999999958
9983.54399999999987
9995.67599999999948
9987.85399999999936
9986.63400000000183
9992.11199999999735
9981.47199999999793
9916.06600000000071
9973.75599999999940
10000.60999999999876
10022.50599999999940
9975.27999999999702
9985.20999999999913
9989.07999999999993
9994.51000000000022
9981.97600000000239
10003.48600000000079
9971.95600000000013
9992.53200000000106
9991.26000000000204
10014.35799999999654
9986.12399999999798
10002.38799999999901
9985.27199999999903
9979.03399999999965
9989.89400000000205
9979.08200000000033
9987.41200000000026
9999.85199999999713
9997.68400000000111
9970.09999999999854
9990.93199999999706
9978.13599999999860
9993.25800000000163
9994.68200000000252
9994.01599999999780
10000.95799999999872
9980.19600000000173
9969.99200000000201
9995.27800000000207
9992.51400000000103
9992.63199999999779
10008.93200000000070
9970.25200000000223
10008.93200000000070
9992.63199999999779
9992.51400000000103
9995.27800000000207
9999.85199999999713
9980.19600000000173
10000.95799999999872
9994.01599999999780
9994.68200000000252
9993.25800000000163
9978.13599999999860
9990.93199999999706
9970.09999999999854
9997.68400000000111
9992.53200000000106
9987.41200000000026
9979.08200000000033
9989.89400000000205
9979.03399999999965
9985.27199999999903
10002.38799999999901
9986.12399999999798
10014.35799999999654
9991.26000000000204
9973.75599999999940
9971.95600000000013
10003.48600000000079
9981.97600000000239
9994.51000000000022
9989.07999999999993
9985.20999999999913
9975.27999999999702
10022.50599999999940
10000.60999999999876
9794.27199999999903
9916.06600000000071
9981.47199999999793
9992.11199999999735
9986.63400000000183
9987.85399999999936
9995.67599999999948
9983.54399999999987
9979.11399999999958
9992.51999999999862
12017.37200000000121
9787.20399999999972
9966.25000000000000
9997.25199999999859
9986.22400000000016
9976.92000000000371
9986.22400000000016
9997.25199999999859
9966.25000000000000
9787.20399999999972
9784.72600000000057
10027.64800000000105
9970.15399999999863
9980.00600000000122
9993.93400000000111
9986.52199999999903
9991.38199999999961
9992.74600000000282
9990.91600000000290
9910.57000000000335
9956.94200000000274
9984.88600000000224
10020.82600000000275
9983.13999999999942
10002.41399999999703
9976.37599999999657
9995.08799999999974
9972.12600000000020
10000.00599999999940
9976.13600000000042
9991.75800000000163
9989.34400000000096
10005.27999999999884
9987.67199999999684
9998.45999999999913
9986.71800000000076
9981.80000000000291
9994.63799999999719
9974.37799999999879
9994.52799999999661
9982.41200000000026
9995.61200000000099
9975.13999999999942
9993.71600000000035
9978.69800000000214
9990.22599999999875
9992.88199999999779
9990.96399999999994
10010.98599999999897
9994.01599999999780
9986.92400000000089
9994.53399999999965
9981.41200000000026
9997.85199999999895
10002.69000000000051
9980.40400000000045
10002.69000000000051
9997.85199999999895
9981.41200000000026
9994.53399999999965
9982.41200000000026
9994.01599999999780
10010.98599999999897
9990.96399999999994
9992.88199999999779
9990.22599999999875
9978.69800000000214
9993.71600000000035
9975.13999999999942
9995.61200000000099
9991.75800000000163
9994.52799999999661
9974.37799999999879
9994.63799999999719
9981.80000000000291
9986.71800000000076
9998.45999999999913
9987.67199999999684
10005.27999999999884
9989.34400000000096
9956.94200000000274
9976.13600000000042
10000.00599999999940
9972.12600000000020
9995.08799999999974
9976.37599999999657
10002.41399999999703
9983.13999999999942
10020.82600000000275
9984.88600000000224
9784.72600000000057
9910.57000000000335
9990.91600000000290
9992.74600000000282
9991.38199999999961
9986.52199999999903
9993.93400000000111
9980.00600000000122
9970.15399999999863
10027.64800000000105
12091.87599999999838
9775.89999999999964
9951.57799999999952
10001.86599999999817
9971.03000000000065
9976.25600000000122
9971.03000000000065
10001.86599999999817
9951.57799999999952
9775.89999999999964
9793.26800000000185
10057.84399999999732
9958.84000000000196
9979.87799999999879
9997.37600000000020
9994.45399999999972
9990.36199999999917
9981.66599999999926
9985.63999999999942
9896.57999999999993
9943.01200000000244
9986.88800000000083
10009.30999999999949
10005.13800000000083
9991.99599999999919
9980.83199999999488
9991.70800000000054
9977.98199999999633
10006.63000000000284
9974.93800000000010
9984.85399999999936
9981.62399999999980
10008.08000000000175
9995.41399999999703
9994.27000000000407
9987.69800000000032
9987.92400000000089
9997.86200000000099
9990.58599999999933
9982.35799999999654
9992.49399999999878
9990.37399999999980
9972.68200000000070
9985.12000000000080
9987.50799999999799
9981.61000000000422
9991.94799999999850
9994.43399999999929
10005.19000000000051
9984.79000000000087
9983.92800000000352
9996.35199999999895
9980.19399999999951
10001.25200000000041
9998.52799999999843
9992.21600000000217
9998.52799999999843
10001.25200000000041
9980.19399999999951
9996.35199999999895
9992.49399999999878
9984.79000000000087
10005.19000000000051
9994.43399999999929
9991.94799999999850
9981.61000000000422
9987.50799999999799
9985.12000000000080
9972.68200000000070
9990.37399999999980
9984.85399999999936
9982.35799999999654
9990.58599999999933
9997.86200000000099
9987.92400000000089
9987.69800000000032
9994.27000000000407
9995.41399999999703
10008.08000000000175
9981.62399999999980
9943.01200000000244
9974.93800000000010
10006.63000000000284
9977.98199999999633
9991.70800000000054
9980.83199999999488
9991.99599999999919
10005.13800000000083
10009.30999999999949
9986.88800000000083
9793.26800000000185
9896.57999999999993
9985.63999999999942
9981.66599999999926
9990.36199999999917
9994.45399999999972
9997.37600000000020
9979.87799999999879
9958.84000000000196
10057.84399999999732
12136.84799999999996
9807.54400000000169
9925.12199999999939
10001.52599999999984
9975.00799999999981
9972.98800000000119
9975.00799999999981
10001.52599999999984
9925.12199999999939
9807.54400000000169
9800.60000000000036
10097.26199999999881
9966.00799999999981
9978.67799999999988
9991.65799999999763
9993.34400000000096
9983.53000000000247
9977.35000000000036
9984.69200000000092
9867.29600000000391
9902.59799999999814
9978.35999999999694
10016.86199999999917
10000.39999999999964
9984.61800000000221
9991.53600000000006
9981.29200000000128
9983.52800000000025
10002.55000000000109
9971.65600000000086
9987.52199999999903
9977.72400000000198
10012.87799999999879
10005.27599999999802
9981.33799999999792
9999.73600000000079
9984.42999999999847
10004.05599999999868
9999.49799999999959
9980.48599999999715
9984.67400000000089
9996.78200000000106
9982.96399999999630
9986.75200000000223
9985.40999999999985
9960.93000000000029
9997.60400000000118
9995.53600000000006
9996.55599999999868
9986.36800000000221
9966.61600000000180
9992.96599999999489
9997.30400000000009
9987.80999999999949
10009.24799999999959
10009.81599999999889
10009.24799999999959
9987.80999999999949
9997.30400000000009
9992.96599999999489
9984.67400000000089
9986.36800000000221
9996.55599999999868
9995.53600000000006
9997.60400000000118
9960.93000000000029
9985.40999999999985
9986.75200000000223
9982.96399999999630
9996.78200000000106
9987.52199999999903
9980.48599999999715
9999.49799999999959
10004.05599999999868
9984.42999999999847
9999.73600000000079
9981.33799999999792
10005.27599999999802
10012.87799999999879
9977.72400000000198
9902.59799999999814
9971.65600000000086
10002.55000000000109
9983.52800000000025
9981.29200000000128
9991.53600000000006
9984.61800000000221
10000.39999999999964
10016.86199999999917
9978.35999999999694
9800.60000000000036
9867.29600000000391
9984.69200000000092
9977.35000000000036
9983.53000000000247
9993.34400000000096
9991.65799999999763
9978.67799999999988
9966.00799999999981
10097.26199999999881
12176.80399999999827
9820.65600000000268
9901.56599999999889
9998.82399999999870
9982.03399999999965
9985.39200000000346
9982.03399999999965
9998.82399999999870
9901.56599999999889
9820.65600000000268
9811.87399999999798
10165.43199999999888
9961.11799999999494
9962.41399999999703
9997.01400000000285
9987.76200000000063
9985.92999999999483
9969.10399999999754
9981.98600000000079
9841.61200000000099
9897.40400000000409
9957.99599999999919
10025.32200000000012
9997.65600000000086
9977.70799999999872
9998.64800000000105
9971.40799999999763
9992.45199999999932
9995.53600000000006
9975.86800000000221
9972.51200000000063
9966.95199999999932
10000.62599999999838
10012.34600000000137
9985.79400000000169
9985.45000000000073
9983.98599999999897
9999.57400000000052
9987.62400000000162
9979.81400000000212
9983.07599999999911
9996.91599999999926
9991.29800000000250
10008.35800000000199
9994.88199999999779
9974.97800000000097
9993.38799999999901
9988.19199999999910
10004.02399999999943
9993.16200000000390
9949.84000000000015
10000.22000000000116
9992.80000000000109
9992.14000000000306
9995.49399999999878
10006.10399999999754
9995.49399999999878
9992.14000000000306
9992.80000000000109
10000.22000000000116
9983.07599999999911
9993.16200000000390
10004.02399999999943
9988.19199999999910
9993.38799999999901
9974.97800000000097
9994.88199999999779
10008.35800000000199
9991.29800000000250
9996.91599999999926
9972.51200000000063
9979.81400000000212
9987.62400000000162
9999.57400000000052
9983.98599999999897
9985.45000000000073
9985.79400000000169
10012.34600000000137
10000.62599999999838
9966.95199999999932
9897.40400000000409
9975.86800000000221
9995.53600000000006
9992.45199999999932
9971.40799999999763
9998.64800000000105
9977.70799999999872
9997.65600000000086
10025.32200000000012
9957.99599999999919
9811.87399999999798
9841.61200000000099
9981.98600000000079
9969.10399999999754
9985.92999999999483
9987.76200000000063
9997.01400000000285
9962.41399999999703
9961.11799999999494
10165.43199999999888
12209.50799999999981
9829.40200000000186
9894.77199999999903
9982.11200000000099
9985.02999999999702
9976.80799999999726
9985.02999999999702
9982.11200000000099
9894.77199999999903
9829.40200000000186
9827.66599999999926
10238.37599999999838
9952.95400000000154
9962.16200000000026
9999.74200000000019
9983.52000000000044
9983.63399999999820
9994.19199999999910
9957.43200000000070
9829.18400000000111
9877.46199999999772
9967.71600000000399
10049.86399999999958
9989.31599999999708
9990.78800000000228
9976.94599999999809
9981.02999999999702
9980.51399999999740
9987.76800000000185
9950.11000000000240
9967.94399999999587
9950.05600000000049
9986.91999999999825
10005.30199999999968
9996.59399999999732
9988.24599999999919
9974.80199999999786
9989.22199999999975
9990.94399999999951
9978.44600000000173
9982.69399999999951
9988.23999999999614
9995.02200000000084
9999.56399999999849
9994.01000000000204
10000.48799999999756
9982.36000000000422
10003.62400000000162
10002.73800000000119
10000.61399999999958
9988.51200000000063
9987.68399999999747
9985.01200000000063
9998.24999999999818
9996.90999999999804
9990.41599999999744
9996.90999999999804
9998.24999999999818
9985.01200000000063
9987.68399999999747
9982.69399999999951
10000.61399999999958
10002.73800000000119
10003.62400000000162
9982.36000000000422
10000.48799999999756
9994.01000000000204
9999.56399999999849
9995.02200000000084
9988.23999999999614
9967.94399999999587
9978.44600000000173
9990.94399999999951
9989.22199999999975
9974.80199999999786
9988.24599999999919
9996.59399999999732
10005.30199999999968
9986.91999999999825
9950.05600000000049
9877.46199999999772
9950.11000000000240
9987.76800000000185
9980.51399999999740
9981.02999999999702
9976.94599999999809
9990.78800000000228
9989.31599999999708
10049.86399999999958
9967.71600000000399
9827.66599999999926
9829.18400000000111
9957.43200000000070
9994.19199999999910
9983.63399999999820
9983.52000000000044
9999.74200000000019
9962.16200000000026
9952.95400000000154
10238.37599999999838
12234.02800000000752
9838.40999999999985
9868.86599999999635
9988.87999999999920
9989.40999999999622
9960.31999999999971
9989.40999999999622
9988.87999999999920
9868.86599999999635
9838.40999999999985
9849.66400000000067
10347.06000000000131
9940.25599999999758
9934.79399999999987
9987.26999999999862
9988.77200000000266
9979.20000000000073
9976.78000000000065
9959.91999999999825
9795.69200000000092
9839.69799999999850
9957.20200000000114
10101.71800000000076
9988.37999999999920
9982.99600000000100
9990.39199999999801
9979.75799999999617
9975.47000000000116
9983.80399999999827
9941.83999999999833
9970.40400000000227
9928.96199999999953
9989.17000000000007
10017.01600000000144
9993.92200000000230
9982.84600000000137
9984.51200000000063
9990.10599999999977
9985.76599999999780
9981.44200000000092
9958.83999999999651
9996.78199999999742
9983.38999999999942
10008.83799999999610
10009.06599999999708
9995.03799999999683
9985.26200000000244
9990.61400000000140
9992.47000000000116
10000.68399999999747
9987.00799999999981
9993.29799999999886
10002.98199999999633
9992.58600000000115
9993.37000000000262
9991.44799999999850
9993.37000000000262
9992.58600000000115
10002.98199999999633
9993.29799999999886
9958.83999999999651
10000.68399999999747
9992.47000000000116
9990.61400000000140
9985.26200000000244
9995.03799999999683
10009.06599999999708
10008.83799999999610
9983.38999999999942
9996.78199999999742
9970.40400000000227
9981.44200000000092
9985.76599999999780
9990.10599999999977
9984.51200000000063
9982.84600000000137
9993.92200000000230
10017.01600000000144
9989.17000000000007
9928.96199999999953
9839.69799999999850
9941.83999999999833
9983.80399999999827
9975.47000000000116
9979.75799999999617
9990.39199999999801
9982.99600000000100
9988.37999999999920
10101.71800000000076
9957.20200000000114
9849.66400000000067
9795.69200000000092
9959.91999999999825
9976.78000000000065
9979.20000000000073
9988.77200000000266
9987.26999999999862
9934.79399999999987
9940.25599999999758
10347.06000000000131
12232.23200000000179
9863.15999999999985
9839.21800000000258
9971.02599999999802
9983.13199999999779
9956.23999999999796
9983.13199999999779
9971.02599999999802
9839.21800000000258
9863.15999999999985
9897.47199999999793
10420.80200000000150
9962.14600000000064
9917.43999999999687
9984.67000000000189
9983.85000000000218
9976.95400000000154
9970.28200000000106
9940.90799999999945
9775.22999999999956
9821.58000000000175
9967.27000000000044
10135.80199999999968
9985.07600000000093
9977.18599999999788
9978.60800000000017
9998.59000000000015
9984.16200000000026
9966.35800000000199
9922.20799999999872
9945.76599999999962
9907.95399999999972
9996.02799999999843
10048.41600000000108
9987.62000000000262
9989.77000000000226
9990.43800000000010
9992.77600000000166
9993.72799999999916
9971.40800000000127
9982.42800000000170
9984.62800000000425
9978.23800000000301
9998.41999999999825
10016.04400000000169
9983.76400000000103
9983.78999999999724
9979.00600000000122
9999.93000000000211
9994.73799999999756
10004.90400000000227
9989.51399999999921
9992.07800000000134
9987.31599999999889
9993.76600000000144
9985.23600000000079
9993.76600000000144
9987.31599999999889
9992.07800000000134
9989.51399999999921
9982.42800000000170
9994.73799999999756
9999.93000000000211
9979.00600000000122
9983.78999999999724
9983.76400000000103
10016.04400000000169
9998.41999999999825
9978.23800000000301
9984.62800000000425
9945.76599999999962
9971.40800000000127
9993.72799999999916
9992.77600000000166
9990.43800000000010
9989.77000000000226
9987.62000000000262
10048.41600000000108
9996.02799999999843
9907.95399999999972
9821.58000000000175
9922.20799999999872
9966.35800000000199
9984.16200000000026
9998.59000000000015
9978.60800000000017
9977.18599999999788
9985.07600000000093
10135.80199999999968
9967.27000000000044
9897.47199999999793
9775.22999999999956
9940.90799999999945
9970.28200000000106
9976.95400000000154
9983.85000000000218
9984.67000000000189
9917.43999999999687
9962.14600000000064
10420.80200000000150
12223.94400000000132
9901.86400000000140
9821.25799999999981
9953.40800000000127
9964.92400000000089
9967.53999999999905
9964.92400000000089
9953.40800000000127
9821.25799999999981
9901.86400000000140
9909.20799999999872
10503.56400000000212
9977.81599999999889
9916.55800000000090
9982.45599999999831
9979.16599999999926
9976.78000000000247
9975.83400000000074
9929.39999999999964
9747.30599999999686
9802.32200000000194
9989.65599999999904
10166.18000000000029
9997.68400000000111
9956.39200000000346
9977.34400000000096
9998.03600000000188
9975.96600000000035
9958.36599999999999
9903.02599999999802
9918.59199999999873
9902.13200000000325
10004.11799999999857
10070.20000000000255
9993.92200000000048
9976.83200000000033
9988.30999999999949
10008.25799999999981
9981.28599999999824
9953.72600000000057
9971.10399999999936
9973.87199999999757
9964.65800000000127
10011.37200000000121
10011.63399999999820
10008.44599999999991
9979.92999999999847
9973.08200000000215
9997.02999999999702
10001.91400000000067
10004.62400000000162
9971.00000000000182
9995.94399999999951
9980.05999999999949
10004.29600000000028
9991.42799999999806
10004.29600000000028
9980.05999999999949
9995.94399999999951
9971.00000000000182
9971.10399999999936
10001.91400000000067
9997.02999999999702
9973.08200000000215
9979.92999999999847
10008.44599999999991
10011.63399999999820
10011.37200000000121
9964.65800000000127
9973.87199999999757
9918.59199999999873
9953.72600000000057
9981.28599999999824
10008.25799999999981
9988.30999999999949
9976.83200000000033
9993.92200000000048
10070.20000000000255
10004.11799999999857
9902.13200000000325
9802.32200000000194
9903.02599999999802
9958.36599999999999
9975.96600000000035
9998.03600000000188
9977.34400000000096
9956.39200000000346
9997.68400000000111
10166.18000000000029
9989.65599999999904
9909.20799999999872
9747.30599999999686
9929.39999999999964
9975.83400000000074
9976.78000000000247
9979.16599999999926
9982.45599999999831
9916.55800000000090
9977.81599999999889
10503.56400000000212
12160.53200000000106
9951.34200000000237
9795.16200000000026
9923.47000000000116
9954.36000000000058
9957.86399999999958
9954.36000000000058
9923.47000000000116
9795.16200000000026
9951.34200000000237
9947.90999999999804
10542.51799999999821
10006.11800000000039
9907.41200000000390
9969.56600000000253
9983.03200000000106
9971.69199999999728
9949.71199999999590
9899.26999999999862
9740.59799999999996
9819.99599999999737
10002.94800000000214
10214.91799999999967
10018.14800000000105
9944.01600000000326
9975.93999999999869
9994.83200000000033
9981.56800000000112
9949.79200000000128
9879.82199999999830
9910.08399999999892
9902.75599999999577
10020.87799999999879
10078.28200000000106
10003.31199999999808
9973.19399999999951
10000.55400000000191
9992.80800000000272
9974.55400000000191
9950.59000000000015
9966.36399999999958
9955.95000000000073
9958.80200000000150
9997.90200000000004
10027.04000000000087
10011.22399999999834
9977.58400000000074
9996.24200000000201
9987.69199999999910
9989.12800000000243
9992.09199999999873
9975.41200000000572
9980.07400000000052
9974.69000000000051
10009.87999999999738
10011.23599999999715
10009.87999999999738
9974.69000000000051
9980.07400000000052
9975.41200000000572
9966.36399999999958
9989.12800000000243
9987.69199999999910
9996.24200000000201
9977.58400000000074
10011.22399999999834
10027.04000000000087
9997.90200000000004
9958.80200000000150
9955.95000000000073
9910.08399999999892
9950.59000000000015
9974.55400000000191
9992.80800000000272
10000.55400000000191
9973.19399999999951
10003.31199999999808
10078.28200000000106
10020.87799999999879
9902.75599999999577
9819.99599999999737
9879.82199999999830
9949.79200000000128
9981.56800000000112
9994.83200000000033
9975.93999999999869
9944.01600000000326
10018.14800000000105
10214.91799999999967
10002.94800000000214
9947.90999999999804
9740.59799999999996
9899.26999999999862
9949.71199999999590
9971.69199999999728
9983.03200000000106
9969.56600000000253
9907.41200000000390
10006.11800000000039
10542.51799999999821
12057.25599999999940
9991.90000000000146
9809.04999999999745
9925.96600000000035
9955.66799999999967
9953.30399999999827
9955.66799999999967
9925.96600000000035
9809.04999999999745
9991.90000000000146
9981.33000000000175
10562.24600000000100
10029.86400000000140
9887.56400000000212
9958.36400000000140
9973.21200000000135
9947.28399999999965
9944.26000000000022
9894.14199999999801
9748.76599999999962
9805.61800000000039
10026.42199999999866
10233.94999999999709
10033.62800000000061
9939.06799999999930
9978.30400000000191
9983.33599999999933
9967.14600000000246
9942.60999999999694
9869.93800000000010
9906.53600000000006
9900.89400000000205
10053.25000000000182
10103.94799999999668
10031.48200000000543
9974.08799999999974
9981.06600000000253
9975.69000000000051
9961.84400000000278
9942.01599999999962
9948.77000000000044
9943.93600000000151
9955.22999999999956
10017.50799999999981
10039.91999999999825
10016.43400000000111
9981.72999999999774
9980.30199999999786
9985.35799999999836
9981.52799999999843
9988.85200000000077
9974.38399999999820
9956.73400000000038
9975.82999999999811
10012.28399999999965
10019.79200000000128
10012.28399999999965
9975.82999999999811
9956.73400000000038
9974.38399999999820
9948.77000000000044
9981.52799999999843
9985.35799999999836
9980.30199999999786
9981.72999999999774
10016.43400000000111
10039.91999999999825
10017.50799999999981
9955.22999999999956
9943.93600000000151
9906.53600000000006
9942.01599999999962
9961.84400000000278
9975.69000000000051
9981.06600000000253
9974.08799999999974
10031.48200000000543
10103.94799999999668
10053.25000000000182
9900.89400000000205
9805.61800000000039
9869.93800000000010
9942.60999999999694
9967.14600000000246
9983.33599999999933
9978.30400000000191
9939.06799999999930
10033.62800000000061
10233.94999999999709
10026.42199999999866
9981.33000000000175
9748.76599999999962
9894.14199999999801
9944.26000000000022
9947.28399999999965
9973.21200000000135
9958.36400000000140
9887.56400000000212
10029.86400000000140
10562.24600000000100
11969.32000000000153
10009.75200000000041
9817.75000000000182
9901.38799999999901
9943.64600000000064
9969.02000000000044
9943.64600000000064
9901.38799999999901
9817.75000000000182
10009.75200000000041
10011.16799999999603
10547.80999999999767
10053.80599999999868
9897.11800000000403
9942.10000000000036
9963.21200000000135
9963.81600000000071
9923.52800000000207
9871.61200000000463
9779.65400000000045
9822.00400000000263
10053.11799999999857
10272.41200000000026
10042.86999999999716
9948.38600000000042
9957.88200000000143
9974.01600000000144
9965.04599999999846
9927.30599999999868
9872.18800000000192
9892.72399999999834
9904.95600000000013
10046.12999999999920
10117.14799999999923
10043.33799999999974
9975.45399999999972
9969.06800000000112
9982.46399999999812
9963.50799999999981
9931.54000000000087
9945.72400000000198
9936.42999999999847
9956.33599999999933
10021.53199999999924
10054.59400000000096
10022.44799999999850
9995.62400000000162
9972.35000000000036
9961.70399999999609
9962.87000000000080
9967.85600000000341
9954.70600000000013
9955.84399999999914
9983.88400000000183
10015.90999999999985
10038.05600000000049
10015.90999999999985
9983.88400000000183
9955.84399999999914
9954.70600000000013
9945.72400000000198
9962.87000000000080
9961.70399999999609
9972.35000000000036
9995.62400000000162
10022.44799999999850
10054.59400000000096
10021.53199999999924
9956.33599999999933
9936.42999999999847
9892.72399999999834
9931.54000000000087
9963.50799999999981
9982.46399999999812
9969.06800000000112
9975.45399999999972
10043.33799999999974
10117.14799999999923
10046.12999999999920
9904.95600000000013
9822.00400000000263
9872.18800000000192
9927.30599999999868
9965.04599999999846
9974.01600000000144
9957.88200000000143
9948.38600000000042
10042.86999999999716
10272.41200000000026
10053.11799999999857
10011.16799999999603
9779.65400000000045
9871.61200000000463
9923.52800000000207
9963.81600000000071
9963.21200000000135
9942.10000000000036
9897.11800000000403
10053.80599999999868
10547.80999999999767
11809.16400000000067
10052.04000000000087
9832.03399999999965
9899.54599999999846
9934.22799999999916
9949.55199999999786
9934.22799999999916
9899.54599999999846
9832.03399999999965
10052.04000000000087
10059.87199999999757
10483.97400000000016
10063.96199999999953
9902.10399999999754
9932.05800000000090
9958.56600000000071
9947.38000000000284
9924.73999999999796
9889.84599999999773
9818.77400000000125
9856.15000000000146
10086.80199999999968
10246.25399999999900
10057.60800000000199
9956.49799999999777
9956.31200000000172
9963.78000000000065
9956.52000000000407
9922.92000000000189
9864.53200000000106
9894.86199999999917
9899.61799999999857
10064.85800000000017
10130.18600000000151
10040.95799999999872
9986.48599999999897
9969.31199999999990
9963.72599999999875
9967.94000000000415
9929.14799999999741
9936.74999999999818
9926.71200000000135
9950.17400000000089
10041.38199999999779
10062.35399999999754
10042.42000000000189
9991.47200000000157
9955.50400000000081
9950.81000000000313
9954.40800000000309
9960.21999999999935
9949.26600000000144
9945.89400000000205
9979.90599999999722
10028.72599999999875
10022.31999999999971
10028.72599999999875
9979.90599999999722
9945.89400000000205
9949.26600000000144
9936.74999999999818
9954.40800000000309
9950.81000000000313
9955.50400000000081
9991.47200000000157
10042.42000000000189
10062.35399999999754
10041.38199999999779
9950.17400000000089
9926.71200000000135
9894.86199999999917
9929.14799999999741
9967.94000000000415
9963.72599999999875
9969.31199999999990
9986.48599999999897
10040.95799999999872
10130.18600000000151
10064.85800000000017
9899.61799999999857
9856.15000000000146
9864.53200000000106
9922.92000000000189
9956.52000000000407
9963.78000000000065
9956.31200000000172
9956.49799999999777
10057.60800000000199
10246.25399999999900
10086.80199999999968
10059.87199999999757
9818.77400000000125
9889.84599999999773
9924.73999999999796
9947.38000000000284
9958.56600000000071
9932.05800000000090
9902.10399999999754
10063.96199999999953
10483.97400000000016
11633.71599999999853
10076.89000000000306
9879.76999999999862
9901.85000000000400
9925.51399999999921
9926.45599999999831
9925.51399999999921
9901.85000000000400
9879.76999999999862
10076.89000000000306
10080.88800000000083
10396.28600000000006
10077.85799999999836
9947.71199999999772
9936.70799999999872
9937.96199999999772
9943.66800000000148
9911.88400000000183
9897.62000000000080
9865.44000000000051
9885.53399999999965
10076.60999999999876
10219.93599999999788
10061.03800000000228
9975.32600000000093
9957.41599999999926
9948.48600000000260
9940.35800000000199
9911.88199999999779
9902.87400000000162
9917.94600000000173
9928.85399999999936
10063.05199999999786
10115.78399999999965
10045.63600000000042
9996.93000000000029
9970.25200000000041
9957.29000000000269
9936.05799999999908
9918.13600000000224
9919.30000000000291
9931.25999999999840
9963.48600000000260
10045.36399999999958
10057.53800000000047
10036.95199999999932
9996.98599999999897
9962.92200000000412
9943.69000000000415
9939.73199999999997
9953.52399999999761
9944.29000000000087
9954.32599999999911
9986.74200000000019
10030.60999999999876
10041.01199999999881
10030.60999999999876
9986.74200000000019
9954.32599999999911
9944.29000000000087
9919.30000000000291
9939.73199999999997
9943.69000000000415
9962.92200000000412
9996.98599999999897
10036.95199999999932
10057.53800000000047
10045.36399999999958
9963.48600000000260
9931.25999999999840
9917.94600000000173
9918.13600000000224
9936.05799999999908
9957.29000000000269
9970.25200000000041
9996.93000000000029
10045.63600000000042
10115.78399999999965
10063.05199999999786
9928.85399999999936
9885.53399999999965
9902.87400000000162
9911.88199999999779
9940.35800000000199
9948.48600000000260
9957.41599999999926
9975.32600000000093
10061.03800000000228
10219.93599999999788
10076.60999999999876
10080.88800000000083
9865.44000000000051
9897.62000000000080
9911.88400000000183
9943.66800000000148
9937.96199999999772
9936.70799999999872
9947.71199999999772
10077.85799999999836
10396.28600000000006
11442.45199999999932
10077.30999999999585
9932.23800000000119
9928.02800000000207
9931.68000000000029
9943.91200000000026
9931.68000000000029
9928.02800000000207
9932.23800000000119
10077.30999999999585
10074.76000000000204
10296.92400000000453
10077.16799999999967
9956.60000000000036
9941.78800000000410
9940.72799999999734
9932.56799999999748
9925.89600000000064
9901.89199999999983
9925.51399999999740
9928.54599999999846
10068.68800000000010
10167.55399999999827
10053.01200000000063
9972.45799999999690
9960.02799999999843
9953.76600000000326
9934.36200000000281
9923.36199999999735
9913.12000000000080
9920.26400000000103
9961.10800000000199
10059.02999999999884
10098.39999999999964
10043.82399999999870
9986.35399999999754
9973.78399999999965
9942.76399999999921
9940.82600000000275
9921.56999999999971
9921.57200000000012
9937.73000000000320
9986.73000000000138
10043.84799999999996
10055.59200000000055
10020.11399999999958
9998.21799999999894
9970.85599999999795
9950.60199999999895
9934.81800000000112
9933.20400000000154
9942.21999999999935
9959.49000000000342
9996.33000000000175
10036.96200000000135
10038.43999999999687
10036.96200000000135
9996.33000000000175
9959.49000000000342
9942.21999999999935
9921.57200000000012
9934.81800000000112
9950.60199999999895
9970.85599999999795
9998.21799999999894
10020.11399999999958
10055.59200000000055
10043.84799999999996
9986.73000000000138
9937.73000000000320
9920.26400000000103
9921.56999999999971
9940.82600000000275
9942.76399999999921
9973.78399999999965
9986.35399999999754
10043.82399999999870
10098.39999999999964
10059.02999999999884
9961.10800000000199
9928.54599999999846
9913.12000000000080
9923.36199999999735
9934.36200000000281
9953.76600000000326
9960.02799999999843
9972.45799999999690
10053.01200000000063
10167.55399999999827
10068.68800000000010
10074.76000000000204
9925.51399999999740
9901.89199999999983
9925.89600000000064
9932.56799999999748
9940.72799999999734
9941.78800000000410
9956.60000000000036
10077.16799999999967
10296.92400000000453
11289.46399999999994
10051.70000000000073
9960.61399999999958
9952.21000000000095
9943.69799999999850
9951.86399999999958
9943.69799999999850
9952.21000000000095
9960.61399999999958
10051.70000000000073
10062.92399999999725
10180.73200000000179
10053.80800000000272
9973.52599999999802
9956.40799999999945
9954.08399999999710
9921.48999999999978
9940.39600000000064
9943.13799999999719
9960.30200000000332
9954.79600000000210
10054.74000000000160
10118.29999999999927
10049.03200000000288
9982.49799999999777
9962.95799999999872
9959.82200000000012
9938.95199999999750
9930.64000000000124
9946.65400000000227
9948.09999999999854
9983.71399999999812
10040.25199999999859
10066.04200000000128
10034.84000000000015
9999.22799999999916
9968.67599999999584
9951.93999999999869
9947.19599999999991
9943.69800000000032
9940.59200000000237
9957.22600000000057
9992.98399999999856
10028.40200000000004
10044.94399999999951
10015.14199999999983
9995.70200000000477
9974.58200000000579
9951.10800000000199
9938.64799999999741
9940.34000000000196
9946.66799999999967
9961.40199999999822
9984.68599999999969
10024.69599999999809
10030.55200000000332
10024.69599999999809
9984.68599999999969
9961.40199999999822
9946.66799999999967
9940.59200000000237
9938.64799999999741
9951.10800000000199
9974.58200000000579
9995.70200000000477
10015.14199999999983
10044.94399999999951
10028.40200000000004
9992.98399999999856
9957.22600000000057
9948.09999999999854
9943.69800000000032
9947.19599999999991
9951.93999999999869
9968.67599999999584
9999.22799999999916
10034.84000000000015
10066.04200000000128
10040.25199999999859
9983.71399999999812
9954.79600000000210
9946.65400000000227
9930.64000000000124
9938.95199999999750
9959.82200000000012
9962.95799999999872
9982.49799999999777
10049.03200000000288
10118.29999999999927
10054.74000000000160
10062.92399999999725
9960.30200000000332
9943.13799999999719
9940.39600000000064
9921.48999999999978
9954.08399999999710
9956.40799999999945
9973.52599999999802
10053.80800000000272
10180.73200000000179
11157.08000000000538
10029.30799999999908
9982.31799999999748
9964.95599999999831
9959.93999999999869
9955.36399999999594
9959.93999999999869
9964.95599999999831
9982.31799999999748
10029.30799999999908
10028.53600000000006
10105.30800000000090
10029.57000000000153
9986.83599999999933
9963.77000000000044
9963.77400000000125
9952.51000000000204
9948.31599999999889
9966.86000000000058
9988.95799999999872
9973.87399999999980
10032.69600000000173
10064.61799999999857
10019.10599999999795
9996.24200000000019
9974.98000000000320
9967.77799999999843
9949.20200000000114
9953.57000000000153
9964.41399999999885
9966.18400000000111
9995.18199999999888
10019.18199999999888
10037.77599999999802
10014.04999999999563
9995.77000000000044
9972.61800000000221
9968.58800000000338
9943.96800000000076
9954.79799999999886
9955.84400000000096
9972.06199999999990
9988.08400000000074
10015.46399999999994
10034.22400000000016
10019.77399999999943
9999.81200000000354
9970.46800000000076
9962.80199999999786
9959.51599999999962
9954.90000000000146
9954.53600000000006
9977.58999999999833
9997.87400000000343
10012.80999999999949
10019.82400000000052
10012.80999999999949
9997.87400000000343
9977.58999999999833
9954.53600000000006
9955.84400000000096
9959.51599999999962
9962.80199999999786
9970.46800000000076
9999.81200000000354
10019.77399999999943
10034.22400000000016
10015.46399999999994
9988.08400000000074
9972.06199999999990
9966.18400000000111
9954.79799999999886
9943.96800000000076
9968.58800000000338
9972.61800000000221
9995.77000000000044
10014.04999999999563
10037.77599999999802
10019.18199999999888
9995.18199999999888
9973.87399999999980
9964.41399999999885
9953.57000000000153
9949.20200000000114
9967.77799999999843
9974.98000000000320
9996.24200000000019
10019.10599999999795
10064.61799999999857
10032.69600000000173
10028.53600000000006
9988.95799999999872
9966.86000000000058
9948.31599999999889
9952.51000000000204
9963.77400000000125
9963.77000000000044
9986.83599999999933
10029.57000000000153
10105.30800000000090
11076.29599999999846
10013.24400000000060
9991.16000000000167
9969.09000000000196
9976.36199999999917
9970.43600000000151
9976.36199999999917
9969.09000000000196
9991.16000000000167
10013.24400000000060
10018.16200000000390
10030.75200000000405
10000.37000000000080
9989.01000000000204
9978.99599999999919
9982.81199999999808
9980.81399999999849
9977.65800000000127
9982.40600000000086
9980.61599999999817
9981.97399999999834
10009.08799999999974
10018.87999999999738
10001.96199999999953
9998.70199999999932
9983.60600000000159
9978.10199999999895
9966.30799999999908
9971.64000000000124
9977.39399999999659
9975.93800000000192
9990.58799999999974
10002.25400000000081
10013.06400000000212
9999.40800000000127
9991.45600000000013
9995.05600000000231
9977.05000000000291
9975.40800000000127
9977.12599999999657
9974.93799999999646
9973.90399999999863
9999.68199999999888
10001.81000000000313
10003.96600000000399
9995.52000000000044
9993.32199999999830
9981.16200000000026
9978.55200000000150
9969.84400000000096
9967.11199999999735
9981.46800000000076
9988.18599999999969
9989.66399999999703
10003.86599999999999
10001.47600000000057
10003.86599999999999
9989.66399999999703
9988.18599999999969
9981.46800000000076
9974.93799999999646
9969.84400000000096
9978.55200000000150
9981.16200000000026
9993.32199999999830
9995.52000000000044
10003.96600000000399
10001.81000000000313
9999.68199999999888
9973.90399999999863
9975.93800000000192
9977.12599999999657
9975.40800000000127
9977.05000000000291
9995.05600000000231
9991.45600000000013
9999.40800000000127
10013.06400000000212
10002.25400000000081
9990.58799999999974
9981.97399999999834
9977.39399999999659
9971.64000000000124
9966.30799999999908
9978.10199999999895
9983.60600000000159
9998.70199999999932
10001.96199999999953
10018.87999999999738
10009.08799999999974
10018.16200000000390
9980.61599999999817
9982.40600000000086
9977.65800000000127
9980.81399999999849
9982.81199999999808
9978.99599999999919
9989.01000000000204
10000.37000000000080
10030.75200000000405
11023.16000000000167
9993.51999999999680
9988.01600000000144
9992.57999999999993
9990.20399999999972
9981.67200000000230
9990.20399999999972
9992.57999999999993
9988.01600000000144
9993.51999999999680
9994.07600000000093
10009.27199999999903
9997.34199999999873
9983.86600000000180
9988.47999999999774
9985.06399999999849
9982.92799999999988
9983.52800000000207
9992.93399999999747
9984.71999999999935
9992.46600000000035
10002.22400000000198
9985.37199999999757
9998.17600000000130
9991.52000000000407
9993.21399999999994
9990.44599999999991
9984.28799999999865
9989.78799999999865
9989.21600000000035
9977.79399999999987
9987.47999999999956
9992.47600000000057
9998.56999999999971
9994.87999999999738
9987.64600000000064
9980.66000000000167
9984.60599999999977
9988.45399999999790
9983.08799999999974
9979.81400000000031
9984.30399999999827
9992.38999999999942
9990.93999999999869
9995.72000000000298
9986.20399999999790
9985.62199999999939
9989.81399999999849
9987.27799999999843
9994.17599999999948
9988.73199999999997
9984.87399999999980
9994.25599999999940
9989.61000000000058
9990.37600000000020
9997.89199999999801
9990.37600000000020
9989.61000000000058
9994.25599999999940
9984.87399999999980
9979.81400000000031
9994.17599999999948
9987.27799999999843
9989.81399999999849
9985.62199999999939
9986.20399999999790
9995.72000000000298
9990.93999999999869
9992.38999999999942
9984.30399999999827
9977.79399999999987
9983.08799999999974
9988.45399999999790
9984.60599999999977
9980.66000000000167
9987.64600000000064
9994.87999999999738
9998.56999999999971
9992.47600000000057
9987.47999999999956
9992.46600000000035
9989.21600000000035
9989.78799999999865
9984.28799999999865
9990.44599999999991
9993.21399999999994
9991.52000000000407
9998.17600000000130
9985.37199999999757
10002.22400000000198
9994.07600000000093
9984.71999999999935
9992.93399999999747
9983.52800000000207
9982.92799999999988
9985.06399999999849
9988.47999999999774
9983.86600000000180
9997.34199999999873
10009.27199999999903
11001.26000000000204
9990.64200000000164
9990.74800000000323
9990.89999999999964
9994.89800000000105
9999.50400000000263
9994.89800000000105
9990.89999999999964
9990.74800000000323
9990.64200000000164
9995.85200000000259
9993.76800000000367
9991.30999999999949
9991.70600000000013
9983.53799999999865
9994.24000000000160
9986.59600000000137
9990.26000000000204
9989.69800000000032
9994.38600000000224
9989.43599999999606
9991.68600000000151
9995.22200000000157
9986.24800000000323
9997.45799999999690
9991.38999999999760
9991.92400000000089
9986.73199999999633
9990.19799999999850
9987.78000000000065
9985.33800000000156
10000.47000000000116
9987.58599999999933
9986.02599999999802
9991.57599999999911
9991.53199999999742
9994.85999999999876
9987.82800000000134
9982.20600000000013
9982.04199999999764
9992.22800000000097
9987.97799999999916
9994.55999999999949
9990.32800000000134
9986.27599999999984
9990.97799999999916
9982.95600000000013
9982.14400000000023
9986.35800000000017
9992.10399999999936
9985.31200000000172
9993.76199999999881
9986.77000000000044
9985.45000000000073
9982.61600000000180
9992.74799999999959
9982.61600000000180
9985.45000000000073
9986.77000000000044
9993.76199999999881
9992.22800000000097
9992.10399999999936
9986.35800000000017
9982.14400000000023
9982.95600000000013
9990.97799999999916
9986.27599999999984
9990.32800000000134
9994.55999999999949
9987.97799999999916
9985.33800000000156
9982.04199999999764
9982.20600000000013
9987.82800000000134
9994.85999999999876
9991.53199999999742
9991.57599999999911
9986.02599999999802
9987.58599999999933
10000.47000000000116
9989.43599999999606
9987.78000000000065
9990.19799999999850
9986.73199999999633
9991.92400000000089
9991.38999999999760
9997.45799999999690
9986.24800000000323
9995.22200000000157
9991.68600000000151
9995.85200000000259
9994.38600000000224
9989.69800000000032
9990.26000000000204
9986.59600000000137
9994.24000000000160
9983.53799999999865
9991.70600000000013
9991.30999999999949
9993.76800000000367
10984.68000000000029
9996.47199999999793
9985.70999999999913
9991.85599999999795
9994.21999999999753
9984.74000000000160
9994.21999999999753
9991.85599999999795
9985.70999999999913
9996.47199999999793
9999.53999999999724
9996.65400000000227
9988.03999999999905
9988.44600000000173
9978.66999999999825
9990.92799999999625
9992.82800000000134
9990.62199999999757
9986.02200000000084
9994.95200000000114
9994.73799999999756
9986.36600000000180
9989.23199999999997
9991.73199999999815
9990.88200000000143
9990.33600000000297
9992.53799999999865
9990.64799999999923
9994.92200000000048
9976.44000000000051
9986.82399999999870
9989.69000000000051
9988.24799999999959
9980.74400000000060
9993.24399999999878
9993.88000000000284
9993.07200000000012
9990.59000000000196
9986.85599999999977
9984.18000000000029
9993.58799999999974
9988.04399999999987
9991.39399999999841
9995.32200000000375
9988.42999999999483
9989.75599999999940
9995.01599999999780
9996.36399999999958
9988.27999999999884
9987.97199999999975
9977.86799999999857
9988.07399999999870
9983.92799999999806
9989.33200000000033
9994.16200000000026
9993.14399999999841
9994.16200000000026
9989.33200000000033
9983.92799999999806
9988.07399999999870
9993.58799999999974
9987.97199999999975
9988.27999999999884
9996.36399999999958
9995.01599999999780
9989.75599999999940
9988.42999999999483
9995.32200000000375
9991.39399999999841
9988.04399999999987
9986.82399999999870
9984.18000000000029
9986.85599999999977
9990.59000000000196
9993.07200000000012
9993.88000000000284
9993.24399999999878
9980.74400000000060
9988.24799999999959
9989.69000000000051
9994.73799999999756
9976.44000000000051
9994.92200000000048
9990.64799999999923
9992.53799999999865
9990.33600000000297
9990.88200000000143
9991.73199999999815
9989.23199999999997
9986.36600000000180
9999.53999999999724
9994.95200000000114
9986.02200000000084
9990.62199999999757
9992.82800000000134
9990.92799999999625
9978.66999999999825
9988.44600000000173
9988.03999999999905
9996.65400000000227
10985.89599999999700
9990.12200000000121
9992.11800000000039
9985.08600000000115
9982.04000000000269
9998.29600000000028
9982.04000000000269
9985.08600000000115
9992.11800000000039
9990.12200000000121
9986.54399999999987
9987.84199999999873
9981.57000000000153
9993.95000000000073
9988.59200000000237
9989.16599999999926
9984.95399999999972
9983.66799999999967
9995.20399999999609
9991.09600000000137
9982.86600000000180
9987.97799999999916
9986.37600000000020
9995.75600000000122
9990.98000000000320
9984.22800000000097
9991.12599999999838
9988.48199999999997
9990.64200000000164
9991.73799999999756
9990.98399999999856
10000.25600000000122
9996.86600000000180
9997.56800000000112
9993.63800000000083
9988.08200000000033
9989.05799999999726
9988.08400000000074
9991.10000000000036
9988.15800000000127
9995.98199999999997
9987.75200000000223
9986.24800000000141
9978.98399999999856
9995.26800000000185
9993.97799999999734
9992.54400000000169
9984.45999999999913
9992.63400000000001
9991.47200000000339
9996.68400000000111
9994.77599999999802
9992.85200000000077
9993.34199999999873
9982.14199999999801
10002.42000000000007
9982.14199999999801
9993.34199999999873
9992.85200000000077
9994.77599999999802
9995.98199999999997
9991.47200000000339
9992.63400000000001
9984.45999999999913
9992.54400000000169
9993.97799999999734
9995.26800000000185
9978.98399999999856
9986.24800000000141
9987.75200000000223
9990.98399999999856
9988.15800000000127
9991.10000000000036
9988.08400000000074
9989.05799999999726
9988.08200000000033
9993.63800000000083
9997.56800000000112
9996.86600000000180
10000.25600000000122
9982.86600000000180
9991.73799999999756
9990.64200000000164
9988.48199999999997
9991.12599999999838
9984.22800000000097
9990.98000000000320
9995.75600000000122
9986.37600000000020
9987.97799999999916
9986.54399999999987
9991.09600000000137
9995.20399999999609
9983.66799999999967
9984.95399999999972
9989.16599999999926
9988.59200000000237
9993.95000000000073
9981.57000000000153
9987.84199999999873
10990.19200000000274
9991.23399999999856
9993.19799999999850
9989.64600000000064
9996.96800000000076
9996.55999999999767
9996.96800000000076
9989.64600000000064
9993.19799999999850
9991.23399999999856
9993.08599999999933
9993.29800000000250
10000.49200000000019
9992.20200000000114
9984.26200000000244
9985.96400000000176
9996.73600000000260
9991.66599999999744
10002.54000000000087
9987.17999999999847
9994.56599999999708
9987.95200000000114
9995.98600000000079
9989.03000000000065
9980.71400000000176
9996.43800000000192
9982.18200000000252
9989.47800000000097
9986.74600000000100
9988.28400000000329
9990.81599999999889
9986.30200000000150
9987.58599999999933
9980.10799999999836
9989.10800000000381
9989.05999999999949
9991.02399999999943
9988.83400000000074
9988.62999999999920
10001.08000000000175
9986.03999999999905
9985.51000000000204
9987.59400000000096
9988.88600000000224
9984.97000000000116
9991.76199999999881
9993.66999999999825
9989.16799999999967
9990.16799999999967
9983.36799999999857
9983.38799999999901
9985.04600000000210
9992.84199999999873
9995.03200000000106
9986.97400000000198
9983.00800000000345
9986.97400000000198
9995.03200000000106
9992.84199999999873
9985.04600000000210
9986.03999999999905
9983.36799999999857
9990.16799999999967
9989.16799999999967
9993.66999999999825
9991.76199999999881
9984.97000000000116
9988.88600000000224
9987.59400000000096
9985.51000000000204
9990.81599999999889
10001.08000000000175
9988.62999999999920
9988.83400000000074
9991.02399999999943
9989.05999999999949
9989.10800000000381
9980.10799999999836
9987.58599999999933
9986.30200000000150
9994.56599999999708
9988.28400000000329
9986.74600000000100
9989.47800000000097
9982.18200000000252
9996.43800000000192
9980.71400000000176
9989.03000000000065
9995.98600000000079
9987.95200000000114
9993.08599999999933
9987.17999999999847
10002.54000000000087
9991.66599999999744
9996.73600000000260
9985.96400000000176
9984.26200000000244
9992.20200000000114
10000.49200000000019
9993.29800000000250
