2567.25800000000027
2503.32599999999957
2509.23799999999937
2507.23600000000079
2507.30799999999999
2507.08199999999943
2509.42599999999993
2505.92399999999998
2500.73400000000038
2506.92199999999912
2503.82200000000012
2507.61400000000003
2505.23799999999892
2506.93600000000015
2503.41999999999962
2503.71799999999985
2503.59600000000000
2505.70599999999968
2508.05199999999968
2508.49999999999955
2504.19599999999900
2505.13599999999997
2508.19800000000032
2505.02399999999989
2510.38999999999987
2568.52999999999929
2506.96000000000004
2505.20599999999968
2506.44399999999996
2507.33199999999943
2508.89200000000028
2508.02199999999948
2505.51999999999998
2503.45600000000013
2501.84799999999996
2504.26200000000017
2507.49800000000005
2501.83400000000074
2508.59000000000015
2506.52200000000084
2504.07999999999993
2505.30200000000013
2505.56199999999990
2510.52600000000075
2506.22800000000052
2505.24799999999959
2505.54199999999901
2506.75199999999950
2504.85799999999972
2508.98600000000033
2569.86399999999958
2504.32000000000016
2508.37200000000030
2504.62599999999929
2507.41199999999935
2505.08399999999983
2508.93599999999969
2503.23000000000002
2507.47399999999971
2504.93600000000060
2503.73800000000028
2506.51000000000067
2505.27599999999984
2506.13799999999947
2508.58600000000024
2506.44400000000041
2502.71600000000080
2507.42800000000034
2510.90800000000036
2503.48399999999992
2504.89600000000064
2508.49199999999928
2507.24399999999969
2505.80799999999999
2508.07800000000043
2573.86599999999999
2506.22400000000016
2509.04399999999987
2503.95200000000023
2506.83199999999988
2506.40400000000045
2511.63800000000083
2506.93799999999965
2508.36800000000039
2505.31800000000067
2504.38000000000056
2507.49000000000069
2504.27200000000039
2509.21799999999894
2508.03600000000051
2510.00399999999945
2504.98399999999947
2509.81199999999990
2510.70200000000114
2505.19199999999910
2505.28599999999960
2507.69599999999991
2506.15200000000050
2509.57999999999993
2510.61199999999963
2580.93599999999969
2506.08400000000029
2513.83399999999983
2512.45200000000114
2509.77399999999898
2509.96000000000049
2515.43200000000024
2509.29600000000073
2516.53800000000092
2508.06999999999971
2508.55000000000064
2509.42400000000043
2512.98999999999978
2509.25000000000000
2513.77799999999979
2513.15999999999985
2506.71599999999989
2513.13600000000042
2516.11199999999917
2506.02599999999984
2509.68799999999965
2512.59000000000015
2512.29599999999982
2511.54000000000042
2514.36800000000039
2581.34999999999991
2502.54800000000023
2514.76999999999953
2511.49999999999955
2506.78600000000006
2507.65200000000050
2516.10999999999967
2509.53400000000056
2515.95200000000023
2508.41800000000012
2509.87600000000020
2510.08400000000029
2512.34000000000015
2511.33799999999974
2513.59799999999950
2508.63800000000037
2506.41199999999981
2509.32400000000007
2511.61599999999999
2509.61199999999963
2509.56800000000021
2511.42599999999993
2515.25399999999945
2510.32399999999961
2513.96999999999935
2581.30999999999949
2501.58400000000074
2508.20000000000027
2508.49199999999882
2502.78999999999951
2505.39399999999978
2509.36200000000008
2508.55800000000045
2511.43399999999974
2502.12800000000061
2506.95399999999972
2506.60800000000063
2506.74600000000009
2510.56399999999985
2508.89600000000019
2504.45600000000013
2503.64199999999937
2506.16600000000017
2508.63800000000083
2505.26200000000017
2508.56399999999985
2506.14799999999968
2511.30999999999995
2510.13400000000047
2510.65999999999985
2573.79599999999937
2493.86999999999989
2504.61999999999944
2495.92000000000098
2495.97199999999975
2496.82200000000012
2500.26399999999967
2502.32199999999966
2504.15599999999995
2494.10200000000077
2499.55400000000009
2497.24999999999955
2497.91399999999976
2503.75400000000036
2500.79600000000028
2493.27800000000070
2496.20799999999963
2499.69000000000005
2497.53400000000011
2502.47599999999966
2496.89600000000019
2498.29600000000028
2498.37199999999939
2501.31199999999990
2502.82599999999957
2583.51000000000022
2497.55000000000018
2513.09199999999964
2498.86799999999948
2501.95800000000008
2500.04399999999987
2506.26000000000067
2507.91200000000026
2507.41799999999967
2502.63000000000011
2506.00200000000041
2502.92799999999988
2503.09799999999996
2510.58199999999943
2504.76799999999957
2499.70600000000013
2503.27799999999979
2504.58800000000065
2502.02199999999993
2507.81600000000026
2503.94599999999991
2504.00199999999904
2503.94600000000082
2506.76800000000048
2507.30800000000090
2590.96599999999989
2498.97600000000011
2510.94600000000082
2503.50199999999995
2501.29800000000023
2499.07400000000007
2506.88799999999992
2511.22400000000016
2509.32199999999966
2505.77199999999903
2507.99600000000055
2510.43600000000060
2502.76199999999972
2510.54599999999937
2510.69999999999982
2501.35799999999972
2501.40599999999995
2510.81799999999976
2501.96199999999999
2510.14399999999932
2506.99199999999973
2503.70800000000008
2507.72199999999975
2506.73199999999997
2508.75000000000000
2586.03399999999965
2492.57999999999993
2503.92200000000048
2500.38600000000042
2497.65200000000095
2493.96199999999862
2498.83200000000033
2504.89400000000023
2499.45000000000027
2495.79799999999977
2499.14999999999964
2501.04199999999946
2499.61999999999989
2503.10400000000072
2504.57400000000052
2500.92600000000084
2496.98800000000028
2498.98599999999988
2496.12200000000030
2503.02399999999943
2494.68400000000020
2496.97200000000021
2501.21000000000004
2503.59000000000060
2500.49800000000096
2601.30600000000049
2501.80799999999999
2516.14999999999964
2509.63400000000001
2508.02000000000135
2504.72800000000052
2512.28799999999910
2515.66400000000021
2513.04400000000032
2506.99400000000014
2511.96999999999935
2510.43600000000015
2513.45600000000059
2517.81999999999971
2515.45399999999972
2510.81599999999935
2511.33799999999974
2513.46600000000035
2508.55400000000054
2514.67600000000039
2507.91199999999981
2509.69200000000001
2510.56600000000026
2516.54199999999992
2509.66599999999926
2611.87200000000075
2507.04000000000042
2520.34799999999950
2511.67599999999948
2516.52200000000084
2510.11399999999958
2513.23599999999988
2522.50999999999976
2519.65400000000045
2512.57200000000012
2516.15400000000045
2517.46399999999994
2520.70800000000054
2520.39599999999973
2516.07399999999961
2520.00599999999986
2515.08999999999924
2520.14600000000019
2517.38000000000056
2519.55400000000100
2508.92999999999984
2520.21399999999994
2513.20800000000008
2518.10399999999981
2517.02800000000025
2612.80600000000049
2506.76400000000012
2515.83200000000033
2512.73400000000038
2511.52799999999979
2505.96199999999908
2513.63200000000006
2516.90799999999990
2516.93800000000010
2510.97800000000007
2517.89199999999983
2512.47200000000021
2518.91399999999976
2515.59200000000055
2512.46600000000080
2512.53999999999951
2515.00599999999986
2512.48400000000038
2518.00000000000000
2521.40599999999995
2509.27800000000116
2508.75800000000027
2513.37000000000035
2517.29400000000032
2514.44599999999946
2625.60800000000063
2509.09999999999900
2517.99400000000014
2509.14200000000028
2509.15200000000050
2504.51000000000067
2515.70400000000109
2514.10799999999972
2518.77000000000089
2511.76000000000067
2512.22600000000057
2514.13000000000011
2518.75200000000086
2514.94399999999905
2519.01999999999998
2513.65999999999985
2522.33799999999974
2513.12999999999920
2514.23400000000038
2521.20200000000023
2505.41600000000108
2513.88599999999951
2517.48199999999997
2518.57000000000062
2515.16200000000026
2618.83000000000038
2493.61400000000003
2509.78599999999960
2500.55199999999968
2498.33799999999974
2499.28399999999965
2507.10599999999977
2504.98000000000047
2504.92799999999943
2499.36999999999989
2506.48399999999947
2510.59000000000015
2510.62400000000025
2505.31599999999980
2507.25199999999995
2504.82799999999997
2508.12199999999939
2503.20599999999968
2504.75599999999940
2510.80799999999954
2497.03800000000092
2499.31800000000067
2504.45599999999968
2506.42600000000039
2509.98800000000028
2635.68599999999969
2500.84799999999996
2516.11399999999958
2508.48200000000043
2504.87600000000020
2505.67399999999998
2515.86799999999948
2510.84999999999991
2515.07599999999911
2504.10799999999972
2513.01799999999957
2513.93800000000010
2518.72199999999975
2517.63200000000006
2512.69999999999936
2508.59199999999964
2516.21800000000030
2506.60400000000027
2519.73999999999978
2517.73799999999983
2501.87199999999984
2511.92599999999993
2507.30999999999949
2511.06800000000067
2515.34000000000015
2634.12799999999925
2496.58800000000019
2507.84999999999991
2508.43399999999974
2506.46400000000040
2497.91800000000012
2513.56599999999980
2508.50000000000045
2509.28000000000020
2506.64199999999937
2509.35999999999967
2513.00800000000027
2515.77199999999948
2513.08399999999983
2504.28200000000106
2508.64199999999983
2513.34600000000137
2505.16600000000017
2513.95999999999958
2515.66399999999976
2503.86000000000013
2504.50599999999986
2507.28600000000006
2511.46999999999980
2511.22399999999971
2640.11200000000008
2499.56000000000085
2510.65600000000086
2512.15999999999985
2508.04799999999977
2500.36600000000044
2518.85399999999936
2510.18599999999969
2512.21999999999980
2508.82200000000057
2513.21199999999999
2518.14799999999968
2512.61800000000039
2515.63999999999987
2508.01800000000094
2515.19999999999982
2513.54999999999927
2511.13400000000001
2513.34799999999996
2517.70800000000008
2505.87200000000075
2509.46799999999985
2512.05400000000100
2515.35199999999895
2515.69400000000041
2641.49199999999882
2495.46199999999999
2515.74800000000005
2508.81999999999925
2502.21000000000004
2497.66600000000017
2511.94400000000041
2503.05600000000049
2505.43199999999933
2506.62400000000025
2512.82400000000007
2510.35000000000036
2513.43399999999974
2508.70000000000073
2504.01400000000012
2504.59600000000000
2510.81800000000021
2499.55200000000059
2513.90599999999995
2513.73600000000033
2502.93400000000020
2511.02200000000084
2502.81399999999894
2511.74799999999959
2509.09799999999950
2631.32199999999966
2492.22399999999971
2507.23799999999937
2503.85600000000022
2504.28800000000001
2505.52599999999984
2507.79800000000068
2500.63600000000042
2510.68000000000029
2501.86600000000044
2503.77800000000025
2512.90200000000050
2506.32599999999957
2503.68799999999965
2495.46199999999908
2507.74800000000050
2498.59200000000010
2497.17199999999957
2503.23800000000028
2505.81599999999980
2506.90000000000009
2503.18399999999974
2504.88999999999987
2508.47800000000007
2498.39200000000028
2640.83800000000065
2495.35200000000032
2511.67599999999993
2512.31199999999990
2507.70199999999932
2502.93200000000070
2512.70799999999917
2503.72400000000016
2508.90799999999945
2500.61799999999994
2506.14600000000019
2504.44199999999910
2511.41799999999967
2503.36000000000013
2505.74799999999914
2508.10999999999967
2506.84999999999991
2498.17399999999952
2508.33400000000029
2506.17800000000034
2504.18799999999874
2509.09000000000015
2499.80399999999963
2509.07999999999947
2502.30800000000090
2644.88999999999896
2509.04800000000023
2510.05600000000004
2510.40400000000091
2507.34599999999955
2504.09400000000005
2508.36799999999994
2503.27199999999993
2513.53999999999996
2512.15200000000004
2514.00399999999945
2509.91399999999976
2515.39399999999932
2504.29799999999977
2502.29000000000042
2504.64999999999964
2507.94200000000001
2505.13000000000011
2515.35000000000036
2503.84600000000046
2507.78000000000020
2510.06999999999925
2501.67400000000043
2508.73400000000038
2509.75400000000036
2662.07400000000007
2503.50599999999986
2504.52799999999979
2507.29199999999992
2508.76400000000012
2501.58399999999983
2524.74199999999973
2512.05799999999999
2513.00199999999995
2498.31999999999971
2513.89800000000014
2507.52200000000130
2514.60600000000022
2515.69799999999941
2502.68999999999960
2505.15799999999945
2513.66000000000031
2516.01999999999998
2515.87600000000066
2510.69599999999991
2500.26000000000022
2504.98599999999988
2510.96200000000044
2517.01400000000012
2519.08400000000029
2644.60799999999972
2491.42999999999984
2480.84200000000055
2501.47000000000025
2494.08600000000069
2507.82000000000016
2503.47400000000107
2495.90799999999990
2493.76999999999907
2496.62799999999970
2495.75000000000045
2507.86600000000044
2504.48200000000043
2502.38400000000047
2493.71400000000040
2495.52800000000070
2492.91399999999976
2509.65200000000004
2513.08200000000033
2497.84799999999996
2500.64800000000059
2498.04399999999987
2501.80400000000009
2500.99400000000014
2503.25399999999900
2635.74199999999973
2494.01600000000008
2494.78199999999924
2493.85800000000017
2490.13000000000056
2507.63799999999947
2509.50000000000045
2496.01999999999998
2508.89200000000028
2494.01800000000048
2499.09399999999960
2503.12799999999970
2507.62999999999965
2500.27400000000034
2497.38800000000037
2492.63400000000001
2497.86599999999999
2500.54000000000042
2512.44799999999987
2507.95000000000027
2490.73999999999978
2501.88600000000042
2498.31999999999971
2504.07600000000002
2519.43000000000075
2625.31600000000026
2479.48799999999937
2486.25000000000045
2475.27000000000044
2497.86799999999994
2486.59999999999991
2507.26400000000012
2492.52200000000039
2483.58599999999933
2483.65599999999995
2486.77000000000044
2500.81599999999980
2503.05800000000045
2496.90799999999945
2484.68199999999979
2479.42199999999957
2482.15200000000004
2484.73599999999988
2506.39199999999937
2495.24000000000024
2486.85999999999922
2488.80999999999949
2493.66799999999967
2487.18200000000024
2509.48399999999992
2634.18800000000010
2488.54399999999987
2486.34599999999909
2485.76600000000008
2503.38799999999992
2499.16799999999967
2516.18999999999960
2502.45800000000008
2491.05799999999999
2495.44000000000005
2491.47399999999925
2502.57799999999952
2506.43600000000015
2498.12400000000071
2487.95400000000018
2483.67999999999984
2489.39199999999983
2503.86400000000003
2515.29799999999977
2497.84800000000041
2492.24600000000009
2487.32999999999993
2496.20800000000008
2503.15200000000004
2521.86999999999989
2607.03599999999960
2484.22400000000061
2470.74199999999973
2467.26399999999921
2485.41199999999935
2498.36800000000085
2509.51200000000017
2487.57600000000002
2472.93800000000056
2471.07799999999952
2468.35600000000022
2492.08799999999974
2498.74800000000096
2494.02200000000039
2474.11000000000013
2476.39600000000019
2477.96400000000040
2490.19000000000005
2501.26000000000067
2485.53199999999970
2485.25399999999991
2471.26199999999972
2482.52599999999984
2491.71200000000090
2512.42999999999984
2603.93600000000015
2480.88400000000092
2468.79399999999987
2464.86199999999917
2480.54400000000032
2489.29800000000068
2510.30600000000049
2485.47200000000021
2469.36599999999999
2465.17000000000007
2467.07400000000098
2485.38199999999961
2495.03799999999910
2486.66399999999976
2470.07999999999993
2469.60800000000017
2462.10800000000017
2479.68799999999965
2497.55000000000018
2484.83399999999983
2483.95999999999958
2467.39800000000014
2475.11799999999948
2478.11999999999989
2514.74600000000055
2608.32800000000088
2479.94200000000001
2467.11399999999958
2468.46599999999989
2481.50399999999945
2480.98000000000047
2508.59400000000005
2483.28800000000001
2472.29399999999987
2470.81799999999976
2473.49199999999973
2490.66399999999976
2501.33399999999983
2491.04399999999941
2467.90999999999985
2466.13799999999947
2474.19800000000032
2490.44999999999891
2506.20599999999968
2488.28199999999970
2481.15400000000000
2474.09799999999950
2468.12800000000016
2485.25399999999945
2514.32000000000016
2602.22400000000061
2486.36999999999989
2470.07600000000048
2472.05600000000004
2491.10999999999967
2489.77000000000089
2513.61599999999999
2489.56400000000031
2474.97199999999975
2474.60399999999981
2473.72599999999966
2491.17800000000034
2504.79599999999937
2492.76000000000022
2478.23799999999937
2472.09199999999919
2482.56199999999990
2490.06600000000026
2504.37200000000030
2493.16400000000021
2491.03400000000011
2474.73199999999997
2476.21000000000049
2496.31599999999935
2510.39200000000028
2628.90600000000040
2518.93600000000015
2500.37599999999929
2497.59199999999919
2522.59200000000055
2523.33600000000024
2537.30200000000059
2520.81200000000081
2498.98800000000028
2497.70000000000164
2499.57800000000043
2526.55999999999995
2537.82000000000016
2517.92800000000034
2505.13400000000047
2502.32199999999966
2509.67400000000043
2529.80799999999999
2534.33600000000024
2519.29399999999941
2522.16799999999967
2505.51800000000003
2506.02199999999948
2523.58600000000069
2545.71199999999999
2616.84599999999955
2525.03400000000101
2503.53400000000056
2502.92199999999957
2526.94600000000082
2518.52000000000089
2538.05799999999999
2523.06000000000040
2508.60600000000068
2506.89399999999978
2505.34600000000000
2524.25999999999931
2534.43200000000024
2520.52800000000025
2509.50400000000036
2510.06400000000031
2506.00400000000036
2528.33000000000038
2529.37599999999975
2522.49800000000005
2518.38400000000001
2506.98400000000038
2509.27399999999943
2527.62399999999980
2534.97199999999930
2574.57600000000002
2482.19000000000051
2477.41400000000021
2473.78600000000051
2488.05600000000049
2488.67199999999912
2499.67599999999948
2486.84600000000000
2475.43800000000056
2480.78800000000001
2474.26000000000022
2489.91000000000031
2496.44400000000041
2483.57600000000093
2475.87800000000061
2469.49599999999964
2479.78400000000011
2487.93199999999979
2492.14599999999973
2484.45200000000068
2484.07799999999997
2477.69599999999946
2481.17799999999988
2491.33400000000029
2500.39400000000023
2607.29800000000068
2523.74800000000096
2514.09600000000000
2518.75799999999981
2528.76600000000053
2526.61000000000013
2534.35600000000022
2527.08799999999974
2513.48000000000047
2516.54400000000032
2514.06600000000026
2522.19200000000046
2531.38399999999956
2522.74600000000009
2517.22400000000016
2515.18600000000106
2517.51600000000053
2527.84400000000005
2530.43199999999979
2523.62599999999975
2518.66600000000017
2508.83799999999974
2516.91999999999962
2529.54200000000037
2537.07400000000007
2584.72400000000016
2512.19800000000032
2503.18600000000060
2502.49199999999973
2514.29599999999937
2510.77599999999939
2515.38399999999956
2513.37200000000030
2505.13799999999947
2509.31799999999976
2504.85799999999927
2512.50799999999936
2519.85200000000032
2509.63800000000037
2506.14600000000019
2503.35200000000032
2508.82600000000002
2517.23599999999988
2514.61800000000039
2509.39399999999978
2512.21400000000040
2506.76999999999953
2512.10999999999922
2512.78399999999920
2518.81000000000040
2569.86400000000094
2501.19799999999987
2501.14200000000073
2499.51200000000017
2499.07999999999993
2503.39200000000028
2501.24800000000005
2503.47600000000057
2497.46199999999999
2504.51400000000012
2500.99799999999914
2501.26600000000008
2501.22799999999916
2505.14199999999937
2497.12199999999984
2495.59600000000000
2502.95199999999932
2502.47799999999961
2501.23599999999988
2496.54000000000042
2499.50399999999991
2499.29000000000042
2502.16800000000012
2502.63999999999942
2506.95199999999977
2559.00999999999976
2488.55000000000018
2485.85600000000068
2490.04800000000023
2491.66399999999976
2490.65400000000045
2493.62599999999929
2490.19199999999955
2490.78200000000061
2489.47399999999971
2490.60800000000017
2491.91399999999885
2495.25800000000027
2492.37999999999965
2486.57200000000012
2489.82799999999997
2493.32999999999993
2490.50800000000027
2491.01800000000003
2487.62600000000020
2494.11199999999963
2493.17600000000039
2487.19999999999982
2492.91999999999962
2491.69399999999996
2560.69200000000001
2492.05799999999999
2495.73600000000079
2496.41199999999890
2495.11600000000044
2498.04599999999982
2498.01599999999917
2498.51800000000003
2497.24800000000050
2497.70800000000008
2496.83000000000084
2497.80999999999949
2495.48200000000088
2492.14600000000019
2495.91400000000021
2493.56999999999971
2494.31800000000067
2495.28599999999960
2498.95600000000013
2498.34799999999996
2491.65800000000036
2495.87600000000020
2495.32000000000016
2494.16799999999967
2498.76800000000003
2569.40400000000091
2503.66799999999967
2505.89400000000069
2504.57999999999947
2507.80200000000013
2505.96799999999985
2508.20600000000059
2507.22400000000016
2508.30999999999949
2505.92599999999993
2504.35599999999977
2505.42799999999988
2506.21999999999980
2508.18000000000075
2501.07999999999993
2504.32200000000012
2501.98199999999997
2505.20599999999968
2503.93200000000070
2507.95599999999968
2507.18799999999965
2510.51600000000053
2508.06799999999976
2499.12399999999934
2505.45999999999958
2560.82800000000088
2500.91999999999962
2499.02800000000025
2502.32599999999911
2500.50199999999995
2499.78999999999996
2498.76200000000017
2501.12199999999939
2498.44200000000001
2502.82199999999921
2503.53400000000011
2502.15999999999985
2501.15799999999990
2498.44599999999991
2500.48799999999983
2500.70399999999927
2506.79399999999941
2503.26600000000053
2501.69999999999982
2504.44200000000001
2504.75799999999981
2498.61200000000053
2502.00800000000027
2500.32199999999966
2499.06600000000026
2564.26800000000139
2503.98600000000033
2505.04199999999992
2503.17399999999998
2505.47000000000025
2501.72999999999956
2505.03999999999951
2503.30799999999908
2504.20000000000027
2502.63000000000011
2504.05600000000049
2502.67599999999902
2502.84400000000005
2503.16200000000026
2499.65200000000004
2501.60800000000063
2505.69399999999996
2506.32400000000007
2505.81400000000031
2505.49799999999914
2503.99199999999973
2502.28599999999960
2500.81599999999935
2504.19600000000037
2500.53400000000011
2578.90600000000040
2510.56600000000026
2513.72400000000016
2508.16800000000057
2511.34400000000005
2513.83599999999933
2516.63800000000037
2514.38600000000042
2512.21800000000030
2511.18200000000024
2514.05600000000004
2512.80400000000054
2510.03800000000047
2512.93600000000015
2511.00799999999936
2514.55199999999968
2510.19999999999891
2512.38599999999997
2518.21799999999939
2510.31199999999990
2516.31799999999976
2509.06599999999980
2509.78800000000001
2514.32799999999952
2513.02199999999993
2561.66800000000012
2494.71999999999980
2496.81800000000021
2492.70399999999972
2491.67400000000043
2495.53199999999970
2492.26199999999972
2494.07599999999957
2498.21599999999989
2492.18600000000015
2493.80000000000109
2499.84600000000000
2496.77800000000025
2493.94000000000051
2494.64599999999973
2491.17200000000048
2494.46999999999935
2494.68399999999974
2496.68800000000010
2496.73800000000028
2498.87199999999984
2493.76199999999926
2495.52999999999929
2495.30000000000064
2497.91799999999967
