1.109533333333333394e+04
9.940000000000000000e+03
1.001266666666666606e+04
9.955000000000000000e+03
1.002500000000000000e+04
9.846666666666666060e+03
1.002500000000000000e+04
9.955000000000000000e+03
1.001266666666666606e+04
9.940000000000000000e+03
1.003800000000000000e+04
9.991000000000000000e+03
1.006666666666666606e+04
1.002833333333333394e+04
9.918666666666666060e+03
9.979000000000000000e+03
1.012066666666666606e+04
9.938000000000000000e+03
9.954666666666666060e+03
9.976000000000000000e+03
9.936000000000000000e+03
9.987333333333333940e+03
1.011666666666666606e+04
9.855333333333333940e+03
9.936000000000000000e+03
9.965333333333333940e+03
9.965666666666666060e+03
9.933333333333333940e+03
1.009633333333333394e+04
1.006366666666666606e+04
1.009133333333333394e+04
1.000566666666666606e+04
9.922666666666666060e+03
9.991666666666666060e+03
1.008666666666666606e+04
9.926000000000000000e+03
9.954333333333333940e+03
9.971333333333333940e+03
9.923666666666666060e+03
9.956666666666666060e+03
1.004666666666666606e+04
9.988666666666666060e+03
9.962333333333333940e+03
9.951333333333333940e+03
9.985666666666666060e+03
9.867666666666666060e+03
1.004266666666666606e+04
9.986666666666666060e+03
9.983333333333333940e+03
9.992666666666666060e+03
9.945333333333333940e+03
1.011466666666666606e+04
1.004133333333333394e+04
9.995000000000000000e+03
9.941666666666666060e+03
1.005333333333333394e+04
9.941666666666666060e+03
9.995000000000000000e+03
1.004133333333333394e+04
1.011466666666666606e+04
1.004666666666666606e+04
9.992666666666666060e+03
9.983333333333333940e+03
9.986666666666666060e+03
1.004266666666666606e+04
9.867666666666666060e+03
9.985666666666666060e+03
9.951333333333333940e+03
9.962333333333333940e+03
9.988666666666666060e+03
1.009133333333333394e+04
9.956666666666666060e+03
9.923666666666666060e+03
9.971333333333333940e+03
9.954333333333333940e+03
9.926000000000000000e+03
1.008666666666666606e+04
9.991666666666666060e+03
9.922666666666666060e+03
1.000566666666666606e+04
9.936000000000000000e+03
1.006366666666666606e+04
1.009633333333333394e+04
9.933333333333333940e+03
9.965666666666666060e+03
9.965333333333333940e+03
9.936000000000000000e+03
9.855333333333333940e+03
1.011666666666666606e+04
9.987333333333333940e+03
1.003800000000000000e+04
9.976000000000000000e+03
9.954666666666666060e+03
9.938000000000000000e+03
1.012066666666666606e+04
9.979000000000000000e+03
9.918666666666666060e+03
1.002833333333333394e+04
1.006666666666666606e+04
9.991000000000000000e+03
1.112533333333333394e+04
9.955333333333333940e+03
1.002233333333333394e+04
9.885000000000000000e+03
1.001166666666666606e+04
9.922000000000000000e+03
1.001166666666666606e+04
9.885000000000000000e+03
1.002233333333333394e+04
9.955333333333333940e+03
1.000633333333333394e+04
1.003866666666666606e+04
1.001233333333333394e+04
1.000000000000000000e+04
9.971666666666666060e+03
9.985333333333333940e+03
1.011400000000000000e+04
9.979333333333333940e+03
1.000433333333333394e+04
9.980666666666666060e+03
1.002900000000000000e+04
9.994666666666666060e+03
1.011233333333333394e+04
9.877666666666666060e+03
9.923333333333333940e+03
9.943333333333333940e+03
9.938333333333333940e+03
9.921333333333333940e+03
1.005233333333333394e+04
1.001633333333333394e+04
1.003633333333333394e+04
9.971666666666666060e+03
9.911000000000000000e+03
9.977666666666666060e+03
1.003633333333333394e+04
9.909666666666666060e+03
1.000266666666666606e+04
9.938333333333333940e+03
9.997000000000000000e+03
9.950666666666666060e+03
1.006100000000000000e+04
1.004100000000000000e+04
9.970000000000000000e+03
9.957666666666666060e+03
9.989333333333333940e+03
9.920666666666666060e+03
1.004633333333333394e+04
9.980666666666666060e+03
9.948000000000000000e+03
1.000333333333333394e+04
1.001333333333333394e+04
1.007366666666666606e+04
1.002966666666666606e+04
9.966333333333333940e+03
9.995666666666666060e+03
9.958666666666666060e+03
9.995666666666666060e+03
9.966333333333333940e+03
1.002966666666666606e+04
1.007366666666666606e+04
1.006100000000000000e+04
1.000333333333333394e+04
9.948000000000000000e+03
9.980666666666666060e+03
1.004633333333333394e+04
9.920666666666666060e+03
9.989333333333333940e+03
9.957666666666666060e+03
9.970000000000000000e+03
1.004100000000000000e+04
1.003633333333333394e+04
9.950666666666666060e+03
9.997000000000000000e+03
9.938333333333333940e+03
1.000266666666666606e+04
9.909666666666666060e+03
1.003633333333333394e+04
9.977666666666666060e+03
9.911000000000000000e+03
9.971666666666666060e+03
1.002900000000000000e+04
1.001633333333333394e+04
1.005233333333333394e+04
9.921333333333333940e+03
9.938333333333333940e+03
9.943333333333333940e+03
9.923333333333333940e+03
9.877666666666666060e+03
1.011233333333333394e+04
9.994666666666666060e+03
1.000633333333333394e+04
9.980666666666666060e+03
1.000433333333333394e+04
9.979333333333333940e+03
1.011400000000000000e+04
9.985333333333333940e+03
9.971666666666666060e+03
1.000000000000000000e+04
1.001233333333333394e+04
1.003866666666666606e+04
1.108733333333333394e+04
9.976666666666666060e+03
1.001666666666666606e+04
9.899000000000000000e+03
1.003933333333333394e+04
9.802000000000000000e+03
1.003933333333333394e+04
9.899000000000000000e+03
1.001666666666666606e+04
9.976666666666666060e+03
9.975333333333333940e+03
1.004633333333333394e+04
9.993333333333333940e+03
1.004733333333333394e+04
9.971000000000000000e+03
1.003166666666666606e+04
1.006133333333333394e+04
9.975666666666666060e+03
9.967000000000000000e+03
1.002300000000000000e+04
9.992333333333333940e+03
1.002000000000000000e+04
1.008500000000000000e+04
9.831666666666666060e+03
9.957666666666666060e+03
9.929000000000000000e+03
9.954666666666666060e+03
9.907333333333333940e+03
1.005466666666666606e+04
1.008266666666666606e+04
1.008933333333333394e+04
9.982000000000000000e+03
9.918666666666666060e+03
9.987000000000000000e+03
1.003000000000000000e+04
9.944666666666666060e+03
9.977333333333333940e+03
9.947666666666666060e+03
9.962000000000000000e+03
9.908000000000000000e+03
1.002933333333333394e+04
1.003333333333333394e+04
9.964333333333333940e+03
9.965666666666666060e+03
9.978666666666666060e+03
9.924666666666666060e+03
9.995000000000000000e+03
9.964333333333333940e+03
9.933666666666666060e+03
1.005866666666666606e+04
1.001666666666666606e+04
1.008066666666666606e+04
1.005233333333333394e+04
1.003366666666666606e+04
9.943666666666666060e+03
1.000733333333333394e+04
9.943666666666666060e+03
1.003366666666666606e+04
1.005233333333333394e+04
1.008066666666666606e+04
1.002933333333333394e+04
1.005866666666666606e+04
9.933666666666666060e+03
9.964333333333333940e+03
9.995000000000000000e+03
9.924666666666666060e+03
9.978666666666666060e+03
9.965666666666666060e+03
9.964333333333333940e+03
1.003333333333333394e+04
1.008933333333333394e+04
9.908000000000000000e+03
9.962000000000000000e+03
9.947666666666666060e+03
9.977333333333333940e+03
9.944666666666666060e+03
1.003000000000000000e+04
9.987000000000000000e+03
9.918666666666666060e+03
9.982000000000000000e+03
9.992333333333333940e+03
1.008266666666666606e+04
1.005466666666666606e+04
9.907333333333333940e+03
9.954666666666666060e+03
9.929000000000000000e+03
9.957666666666666060e+03
9.831666666666666060e+03
1.008500000000000000e+04
1.002000000000000000e+04
9.975333333333333940e+03
1.002300000000000000e+04
9.967000000000000000e+03
9.975666666666666060e+03
1.006133333333333394e+04
1.003166666666666606e+04
9.971000000000000000e+03
1.004733333333333394e+04
9.993333333333333940e+03
1.004633333333333394e+04
1.113266666666666606e+04
9.982000000000000000e+03
1.002200000000000000e+04
9.837333333333333940e+03
1.001166666666666606e+04
9.856666666666666060e+03
1.001166666666666606e+04
9.837333333333333940e+03
1.002200000000000000e+04
9.982000000000000000e+03
9.943666666666666060e+03
1.001133333333333394e+04
1.002866666666666606e+04
1.004500000000000000e+04
9.960000000000000000e+03
1.000266666666666606e+04
1.007733333333333394e+04
1.007700000000000000e+04
9.957666666666666060e+03
1.002266666666666606e+04
1.004600000000000000e+04
1.000133333333333394e+04
1.004433333333333394e+04
9.858666666666666060e+03
1.000733333333333394e+04
9.922333333333333940e+03
9.937000000000000000e+03
9.915666666666666060e+03
1.003600000000000000e+04
1.010200000000000000e+04
1.002033333333333394e+04
1.002066666666666606e+04
9.926333333333333940e+03
9.940666666666666060e+03
1.002633333333333394e+04
9.939000000000000000e+03
1.001100000000000000e+04
9.905333333333333940e+03
1.000966666666666606e+04
9.946666666666666060e+03
9.991000000000000000e+03
1.009700000000000000e+04
9.942000000000000000e+03
9.947666666666666060e+03
9.956666666666666060e+03
9.965000000000000000e+03
9.998000000000000000e+03
9.985000000000000000e+03
9.905666666666666060e+03
1.002900000000000000e+04
1.004266666666666606e+04
1.001600000000000000e+04
1.005700000000000000e+04
1.009800000000000000e+04
9.918666666666666060e+03
9.963333333333333940e+03
9.918666666666666060e+03
1.009800000000000000e+04
1.005700000000000000e+04
1.001600000000000000e+04
9.991000000000000000e+03
1.002900000000000000e+04
9.905666666666666060e+03
9.985000000000000000e+03
9.998000000000000000e+03
9.965000000000000000e+03
9.956666666666666060e+03
9.947666666666666060e+03
9.942000000000000000e+03
1.009700000000000000e+04
1.002033333333333394e+04
9.946666666666666060e+03
1.000966666666666606e+04
9.905333333333333940e+03
1.001100000000000000e+04
9.939000000000000000e+03
1.002633333333333394e+04
9.940666666666666060e+03
9.926333333333333940e+03
1.002066666666666606e+04
1.004600000000000000e+04
1.010200000000000000e+04
1.003600000000000000e+04
9.915666666666666060e+03
9.937000000000000000e+03
9.922333333333333940e+03
1.000733333333333394e+04
9.858666666666666060e+03
1.004433333333333394e+04
1.000133333333333394e+04
9.943666666666666060e+03
1.002266666666666606e+04
9.957666666666666060e+03
1.007700000000000000e+04
1.007733333333333394e+04
1.000266666666666606e+04
9.960000000000000000e+03
1.004500000000000000e+04
1.002866666666666606e+04
1.001133333333333394e+04
1.111000000000000000e+04
9.907333333333333940e+03
9.989000000000000000e+03
9.885000000000000000e+03
1.003600000000000000e+04
9.916666666666666060e+03
1.003600000000000000e+04
9.885000000000000000e+03
9.989000000000000000e+03
9.907333333333333940e+03
9.971000000000000000e+03
1.008600000000000000e+04
1.003533333333333394e+04
1.006100000000000000e+04
9.901333333333333940e+03
9.961333333333333940e+03
1.005700000000000000e+04
1.005333333333333394e+04
9.975000000000000000e+03
1.000900000000000000e+04
1.000066666666666606e+04
9.965333333333333940e+03
1.000666666666666606e+04
9.881666666666666060e+03
1.000633333333333394e+04
9.952000000000000000e+03
9.995666666666666060e+03
9.934666666666666060e+03
1.002433333333333394e+04
1.011733333333333394e+04
1.005100000000000000e+04
1.003466666666666606e+04
9.956333333333333940e+03
9.960333333333333940e+03
9.984000000000000000e+03
9.970333333333333940e+03
9.949666666666666060e+03
9.884333333333333940e+03
1.002900000000000000e+04
9.933666666666666060e+03
1.000166666666666606e+04
1.010233333333333394e+04
9.892666666666666060e+03
9.981666666666666060e+03
9.993000000000000000e+03
9.934666666666666060e+03
9.957666666666666060e+03
1.002033333333333394e+04
9.890333333333333940e+03
1.003533333333333394e+04
1.004466666666666606e+04
1.002833333333333394e+04
1.006766666666666606e+04
1.003033333333333394e+04
9.990666666666666060e+03
9.944000000000000000e+03
9.990666666666666060e+03
1.003033333333333394e+04
1.006766666666666606e+04
1.002833333333333394e+04
1.000166666666666606e+04
1.003533333333333394e+04
9.890333333333333940e+03
1.002033333333333394e+04
9.957666666666666060e+03
9.934666666666666060e+03
9.993000000000000000e+03
9.981666666666666060e+03
9.892666666666666060e+03
1.010233333333333394e+04
1.005100000000000000e+04
9.933666666666666060e+03
1.002900000000000000e+04
9.884333333333333940e+03
9.949666666666666060e+03
9.970333333333333940e+03
9.984000000000000000e+03
9.960333333333333940e+03
9.956333333333333940e+03
1.003466666666666606e+04
1.000066666666666606e+04
1.011733333333333394e+04
1.002433333333333394e+04
9.934666666666666060e+03
9.995666666666666060e+03
9.952000000000000000e+03
1.000633333333333394e+04
9.881666666666666060e+03
1.000666666666666606e+04
9.965333333333333940e+03
9.971000000000000000e+03
1.000900000000000000e+04
9.975000000000000000e+03
1.005333333333333394e+04
1.005700000000000000e+04
9.961333333333333940e+03
9.901333333333333940e+03
1.006100000000000000e+04
1.003533333333333394e+04
1.008600000000000000e+04
1.112000000000000000e+04
9.938333333333333940e+03
9.991333333333333940e+03
9.897333333333333940e+03
1.003100000000000000e+04
9.860000000000000000e+03
1.003100000000000000e+04
9.897333333333333940e+03
9.991333333333333940e+03
9.938333333333333940e+03
9.973000000000000000e+03
1.007133333333333394e+04
1.002866666666666606e+04
9.999333333333333940e+03
9.967333333333333940e+03
9.973666666666666060e+03
1.010600000000000000e+04
1.000166666666666606e+04
1.001200000000000000e+04
9.947000000000000000e+03
1.004133333333333394e+04
9.963666666666666060e+03
1.005766666666666606e+04
9.876000000000000000e+03
9.987333333333333940e+03
9.897000000000000000e+03
1.000733333333333394e+04
1.000766666666666606e+04
9.999666666666666060e+03
1.006200000000000000e+04
1.001566666666666606e+04
1.002400000000000000e+04
9.942000000000000000e+03
9.978666666666666060e+03
1.003033333333333394e+04
1.001833333333333394e+04
9.926333333333333940e+03
9.895333333333333940e+03
1.000900000000000000e+04
9.952333333333333940e+03
9.976333333333333940e+03
1.014100000000000000e+04
9.930666666666666060e+03
9.905000000000000000e+03
9.951666666666666060e+03
9.921000000000000000e+03
9.981666666666666060e+03
1.002833333333333394e+04
9.906666666666666060e+03
1.005566666666666606e+04
1.000533333333333394e+04
1.002500000000000000e+04
1.003266666666666606e+04
1.008600000000000000e+04
9.945333333333333940e+03
9.981333333333333940e+03
9.945333333333333940e+03
1.008600000000000000e+04
1.003266666666666606e+04
1.002500000000000000e+04
9.976333333333333940e+03
1.005566666666666606e+04
9.906666666666666060e+03
1.002833333333333394e+04
9.981666666666666060e+03
9.921000000000000000e+03
9.951666666666666060e+03
9.905000000000000000e+03
9.930666666666666060e+03
1.014100000000000000e+04
1.001566666666666606e+04
9.952333333333333940e+03
1.000900000000000000e+04
9.895333333333333940e+03
9.926333333333333940e+03
1.001833333333333394e+04
1.003033333333333394e+04
9.978666666666666060e+03
9.942000000000000000e+03
1.002400000000000000e+04
1.004133333333333394e+04
1.006200000000000000e+04
9.999666666666666060e+03
1.000766666666666606e+04
1.000733333333333394e+04
9.897000000000000000e+03
9.987333333333333940e+03
9.876000000000000000e+03
1.005766666666666606e+04
9.963666666666666060e+03
9.973000000000000000e+03
9.947000000000000000e+03
1.001200000000000000e+04
1.000166666666666606e+04
1.010600000000000000e+04
9.973666666666666060e+03
9.967333333333333940e+03
9.999333333333333940e+03
1.002866666666666606e+04
1.007133333333333394e+04
1.109266666666666606e+04
9.898000000000000000e+03
1.003666666666666606e+04
9.906333333333333940e+03
1.003366666666666606e+04
9.864666666666666060e+03
1.003366666666666606e+04
9.906333333333333940e+03
1.003666666666666606e+04
9.898000000000000000e+03
1.003033333333333394e+04
1.006733333333333394e+04
1.005033333333333394e+04
1.000400000000000000e+04
9.959333333333333940e+03
9.910333333333333940e+03
1.004266666666666606e+04
1.003600000000000000e+04
1.005700000000000000e+04
9.947000000000000000e+03
1.001133333333333394e+04
9.940333333333333940e+03
9.993333333333333940e+03
9.941333333333333940e+03
9.969666666666666060e+03
9.900666666666666060e+03
1.007966666666666606e+04
9.907333333333333940e+03
1.003000000000000000e+04
1.004966666666666606e+04
9.990666666666666060e+03
1.003233333333333394e+04
9.917666666666666060e+03
1.003800000000000000e+04
9.988333333333333940e+03
9.984000000000000000e+03
9.934000000000000000e+03
9.937000000000000000e+03
1.000833333333333394e+04
9.910000000000000000e+03
1.004733333333333394e+04
1.008400000000000000e+04
9.968333333333333940e+03
9.872000000000000000e+03
1.003633333333333394e+04
9.934666666666666060e+03
9.929333333333333940e+03
1.003033333333333394e+04
9.885666666666666060e+03
1.005466666666666606e+04
1.008066666666666606e+04
1.008000000000000000e+04
1.000533333333333394e+04
1.010966666666666606e+04
9.939000000000000000e+03
9.923333333333333940e+03
9.939000000000000000e+03
1.010966666666666606e+04
1.000533333333333394e+04
1.008000000000000000e+04
1.004733333333333394e+04
1.005466666666666606e+04
9.885666666666666060e+03
1.003033333333333394e+04
9.929333333333333940e+03
9.934666666666666060e+03
1.003633333333333394e+04
9.872000000000000000e+03
9.968333333333333940e+03
1.008400000000000000e+04
9.990666666666666060e+03
9.910000000000000000e+03
1.000833333333333394e+04
9.937000000000000000e+03
9.934000000000000000e+03
9.984000000000000000e+03
9.988333333333333940e+03
1.003800000000000000e+04
9.917666666666666060e+03
1.003233333333333394e+04
1.001133333333333394e+04
1.004966666666666606e+04
1.003000000000000000e+04
9.907333333333333940e+03
1.007966666666666606e+04
9.900666666666666060e+03
9.969666666666666060e+03
9.941333333333333940e+03
9.993333333333333940e+03
9.940333333333333940e+03
1.003033333333333394e+04
9.947000000000000000e+03
1.005700000000000000e+04
1.003600000000000000e+04
1.004266666666666606e+04
9.910333333333333940e+03
9.959333333333333940e+03
1.000400000000000000e+04
1.005033333333333394e+04
1.006733333333333394e+04
1.114000000000000000e+04
9.885666666666666060e+03
1.004633333333333394e+04
9.891666666666666060e+03
1.004400000000000000e+04
9.853333333333333940e+03
1.004400000000000000e+04
9.891666666666666060e+03
1.004633333333333394e+04
9.885666666666666060e+03
1.000933333333333394e+04
1.013833333333333394e+04
9.959666666666666060e+03
1.001200000000000000e+04
1.000700000000000000e+04
9.951000000000000000e+03
1.009666666666666606e+04
9.969000000000000000e+03
1.010033333333333394e+04
9.938000000000000000e+03
9.952333333333333940e+03
9.997666666666666060e+03
1.000366666666666606e+04
9.951333333333333940e+03
9.952000000000000000e+03
9.878333333333333940e+03
1.000000000000000000e+04
9.979666666666666060e+03
9.945000000000000000e+03
1.010600000000000000e+04
9.986333333333333940e+03
9.982000000000000000e+03
9.913666666666666060e+03
1.001866666666666606e+04
1.000066666666666606e+04
1.002300000000000000e+04
9.915666666666666060e+03
9.929333333333333940e+03
1.000033333333333394e+04
9.922666666666666060e+03
1.005133333333333394e+04
1.010166666666666606e+04
9.945333333333333940e+03
9.907666666666666060e+03
1.001066666666666606e+04
9.913000000000000000e+03
1.000166666666666606e+04
1.003333333333333394e+04
9.917333333333333940e+03
1.000566666666666606e+04
1.007733333333333394e+04
1.010033333333333394e+04
9.985000000000000000e+03
1.007600000000000000e+04
9.942666666666666060e+03
9.931333333333333940e+03
9.942666666666666060e+03
1.007600000000000000e+04
9.985000000000000000e+03
1.010033333333333394e+04
1.005133333333333394e+04
1.000566666666666606e+04
9.917333333333333940e+03
1.003333333333333394e+04
1.000166666666666606e+04
9.913000000000000000e+03
1.001066666666666606e+04
9.907666666666666060e+03
9.945333333333333940e+03
1.010166666666666606e+04
9.986333333333333940e+03
9.922666666666666060e+03
1.000033333333333394e+04
9.929333333333333940e+03
9.915666666666666060e+03
1.002300000000000000e+04
1.000066666666666606e+04
1.001866666666666606e+04
9.913666666666666060e+03
9.982000000000000000e+03
9.952333333333333940e+03
1.010600000000000000e+04
9.945000000000000000e+03
9.979666666666666060e+03
1.000000000000000000e+04
9.878333333333333940e+03
9.952000000000000000e+03
9.951333333333333940e+03
1.000366666666666606e+04
9.997666666666666060e+03
1.000933333333333394e+04
9.938000000000000000e+03
1.010033333333333394e+04
9.969000000000000000e+03
1.009666666666666606e+04
9.951000000000000000e+03
1.000700000000000000e+04
1.001200000000000000e+04
9.959666666666666060e+03
1.013833333333333394e+04
1.108133333333333394e+04
9.897000000000000000e+03
1.004100000000000000e+04
9.900333333333333940e+03
1.005400000000000000e+04
9.849333333333333940e+03
1.005400000000000000e+04
9.900333333333333940e+03
1.004100000000000000e+04
9.897000000000000000e+03
1.004100000000000000e+04
1.005766666666666606e+04
1.001566666666666606e+04
9.982333333333333940e+03
9.951666666666666060e+03
9.918666666666666060e+03
1.010466666666666606e+04
1.006100000000000000e+04
1.001366666666666606e+04
9.969333333333333940e+03
9.979333333333333940e+03
9.965333333333333940e+03
1.001966666666666606e+04
9.945333333333333940e+03
9.974000000000000000e+03
9.906666666666666060e+03
1.001333333333333394e+04
9.937666666666666060e+03
9.992000000000000000e+03
1.008000000000000000e+04
1.001666666666666606e+04
1.000900000000000000e+04
9.941666666666666060e+03
9.971666666666666060e+03
1.002300000000000000e+04
9.978000000000000000e+03
9.933666666666666060e+03
9.892000000000000000e+03
1.002700000000000000e+04
9.917333333333333940e+03
1.002933333333333394e+04
1.006466666666666606e+04
9.912666666666666060e+03
9.890000000000000000e+03
1.010700000000000000e+04
9.898000000000000000e+03
9.923666666666666060e+03
1.008833333333333394e+04
9.935000000000000000e+03
1.000800000000000000e+04
1.009000000000000000e+04
1.008700000000000000e+04
1.000500000000000000e+04
1.010000000000000000e+04
9.937000000000000000e+03
9.945333333333333940e+03
9.937000000000000000e+03
1.010000000000000000e+04
1.000500000000000000e+04
1.008700000000000000e+04
1.002933333333333394e+04
1.000800000000000000e+04
9.935000000000000000e+03
1.008833333333333394e+04
9.923666666666666060e+03
9.898000000000000000e+03
1.010700000000000000e+04
9.890000000000000000e+03
9.912666666666666060e+03
1.006466666666666606e+04
1.001666666666666606e+04
9.917333333333333940e+03
1.002700000000000000e+04
9.892000000000000000e+03
9.933666666666666060e+03
9.978000000000000000e+03
1.002300000000000000e+04
9.971666666666666060e+03
9.941666666666666060e+03
1.000900000000000000e+04
9.979333333333333940e+03
1.008000000000000000e+04
9.992000000000000000e+03
9.937666666666666060e+03
1.001333333333333394e+04
9.906666666666666060e+03
9.974000000000000000e+03
9.945333333333333940e+03
1.001966666666666606e+04
9.965333333333333940e+03
1.004100000000000000e+04
9.969333333333333940e+03
1.001366666666666606e+04
1.006100000000000000e+04
1.010466666666666606e+04
9.918666666666666060e+03
9.951666666666666060e+03
9.982333333333333940e+03
1.001566666666666606e+04
1.005766666666666606e+04
1.105800000000000000e+04
9.988000000000000000e+03
1.001866666666666606e+04
9.891333333333333940e+03
1.006800000000000000e+04
9.884666666666666060e+03
1.006800000000000000e+04
9.891333333333333940e+03
1.001866666666666606e+04
9.988000000000000000e+03
1.005900000000000000e+04
1.009600000000000000e+04
9.998000000000000000e+03
9.944333333333333940e+03
1.000600000000000000e+04
9.988000000000000000e+03
1.007300000000000000e+04
1.002033333333333394e+04
1.004900000000000000e+04
9.916666666666666060e+03
9.983333333333333940e+03
9.966666666666666060e+03
9.972000000000000000e+03
9.922666666666666060e+03
9.964333333333333940e+03
9.886666666666666060e+03
9.985333333333333940e+03
9.958333333333333940e+03
9.949000000000000000e+03
1.008500000000000000e+04
9.998333333333333940e+03
1.001200000000000000e+04
9.922000000000000000e+03
9.991333333333333940e+03
1.001200000000000000e+04
9.995666666666666060e+03
9.938333333333333940e+03
9.904000000000000000e+03
9.973333333333333940e+03
9.941000000000000000e+03
1.000700000000000000e+04
1.009766666666666606e+04
9.942333333333333940e+03
9.978666666666666060e+03
1.003600000000000000e+04
9.936333333333333940e+03
9.961666666666666060e+03
1.006900000000000000e+04
9.995333333333333940e+03
9.961666666666666060e+03
1.006533333333333394e+04
1.009000000000000000e+04
1.004766666666666606e+04
9.988666666666666060e+03
9.911333333333333940e+03
9.990000000000000000e+03
9.911333333333333940e+03
9.988666666666666060e+03
1.004766666666666606e+04
1.009000000000000000e+04
1.000700000000000000e+04
9.961666666666666060e+03
9.995333333333333940e+03
1.006900000000000000e+04
9.961666666666666060e+03
9.936333333333333940e+03
1.003600000000000000e+04
9.978666666666666060e+03
9.942333333333333940e+03
1.009766666666666606e+04
9.998333333333333940e+03
9.941000000000000000e+03
9.973333333333333940e+03
9.904000000000000000e+03
9.938333333333333940e+03
9.995666666666666060e+03
1.001200000000000000e+04
9.991333333333333940e+03
9.922000000000000000e+03
1.001200000000000000e+04
9.983333333333333940e+03
1.008500000000000000e+04
9.949000000000000000e+03
9.958333333333333940e+03
9.985333333333333940e+03
9.886666666666666060e+03
9.964333333333333940e+03
9.922666666666666060e+03
9.972000000000000000e+03
9.966666666666666060e+03
1.005900000000000000e+04
9.916666666666666060e+03
1.004900000000000000e+04
1.002033333333333394e+04
1.007300000000000000e+04
9.988000000000000000e+03
1.000600000000000000e+04
9.944333333333333940e+03
9.998000000000000000e+03
1.009600000000000000e+04
1.113266666666666606e+04
9.975000000000000000e+03
1.005766666666666606e+04
9.874666666666666060e+03
1.002066666666666606e+04
9.934000000000000000e+03
1.002066666666666606e+04
9.874666666666666060e+03
1.005766666666666606e+04
9.975000000000000000e+03
1.003233333333333394e+04
1.012766666666666606e+04
1.000133333333333394e+04
9.938333333333333940e+03
9.996000000000000000e+03
9.956000000000000000e+03
1.009366666666666606e+04
1.006166666666666606e+04
1.001766666666666606e+04
9.974000000000000000e+03
9.937666666666666060e+03
9.955666666666666060e+03
9.978666666666666060e+03
9.914000000000000000e+03
9.931000000000000000e+03
9.908666666666666060e+03
9.953666666666666060e+03
9.971000000000000000e+03
9.940333333333333940e+03
1.003400000000000000e+04
1.003666666666666606e+04
9.983666666666666060e+03
9.908000000000000000e+03
1.000600000000000000e+04
9.999333333333333940e+03
9.970333333333333940e+03
1.003533333333333394e+04
9.893333333333333940e+03
1.001166666666666606e+04
9.871333333333333940e+03
9.989000000000000000e+03
1.013600000000000000e+04
9.968333333333333940e+03
9.919000000000000000e+03
1.005900000000000000e+04
9.887666666666666060e+03
9.986666666666666060e+03
1.007833333333333394e+04
9.966666666666666060e+03
1.003233333333333394e+04
1.010600000000000000e+04
1.006566666666666606e+04
1.003466666666666606e+04
1.001166666666666606e+04
9.924000000000000000e+03
9.975333333333333940e+03
9.924000000000000000e+03
1.001166666666666606e+04
1.003466666666666606e+04
1.006566666666666606e+04
9.989000000000000000e+03
1.003233333333333394e+04
9.966666666666666060e+03
1.007833333333333394e+04
9.986666666666666060e+03
9.887666666666666060e+03
1.005900000000000000e+04
9.919000000000000000e+03
9.968333333333333940e+03
1.013600000000000000e+04
1.003666666666666606e+04
9.871333333333333940e+03
1.001166666666666606e+04
9.893333333333333940e+03
1.003533333333333394e+04
9.970333333333333940e+03
9.999333333333333940e+03
1.000600000000000000e+04
9.908000000000000000e+03
9.983666666666666060e+03
9.937666666666666060e+03
1.003400000000000000e+04
9.940333333333333940e+03
9.971000000000000000e+03
9.953666666666666060e+03
9.908666666666666060e+03
9.931000000000000000e+03
9.914000000000000000e+03
9.978666666666666060e+03
9.955666666666666060e+03
1.003233333333333394e+04
9.974000000000000000e+03
1.001766666666666606e+04
1.006166666666666606e+04
1.009366666666666606e+04
9.956000000000000000e+03
9.996000000000000000e+03
9.938333333333333940e+03
1.000133333333333394e+04
1.012766666666666606e+04
1.118733333333333394e+04
9.902333333333333940e+03
1.008766666666666606e+04
9.818333333333333940e+03
1.008566666666666606e+04
9.880000000000000000e+03
1.008566666666666606e+04
9.818333333333333940e+03
1.008766666666666606e+04
9.902333333333333940e+03
9.985333333333333940e+03
1.012066666666666606e+04
9.991333333333333940e+03
9.951666666666666060e+03
9.986000000000000000e+03
9.927666666666666060e+03
1.005933333333333394e+04
1.009666666666666606e+04
9.999666666666666060e+03
1.002266666666666606e+04
9.953333333333333940e+03
9.994000000000000000e+03
9.920000000000000000e+03
9.993000000000000000e+03
9.896000000000000000e+03
9.946666666666666060e+03
9.999333333333333940e+03
9.958333333333333940e+03
9.969333333333333940e+03
1.003900000000000000e+04
1.006166666666666606e+04
9.981000000000000000e+03
1.003533333333333394e+04
9.887333333333333940e+03
1.009600000000000000e+04
9.890000000000000000e+03
9.994333333333333940e+03
9.904333333333333940e+03
1.001000000000000000e+04
9.863666666666666060e+03
9.973666666666666060e+03
1.005666666666666606e+04
9.949666666666666060e+03
9.931666666666666060e+03
1.006466666666666606e+04
9.945000000000000000e+03
9.928333333333333940e+03
1.007200000000000000e+04
9.987666666666666060e+03
1.000933333333333394e+04
1.012800000000000000e+04
1.008000000000000000e+04
1.001100000000000000e+04
1.003666666666666606e+04
9.928000000000000000e+03
1.000066666666666606e+04
9.928000000000000000e+03
1.003666666666666606e+04
1.001100000000000000e+04
1.008000000000000000e+04
9.973666666666666060e+03
1.000933333333333394e+04
9.987666666666666060e+03
1.007200000000000000e+04
9.928333333333333940e+03
9.945000000000000000e+03
1.006466666666666606e+04
9.931666666666666060e+03
9.949666666666666060e+03
1.005666666666666606e+04
1.006166666666666606e+04
9.863666666666666060e+03
1.001000000000000000e+04
9.904333333333333940e+03
9.994333333333333940e+03
9.890000000000000000e+03
1.009600000000000000e+04
9.887333333333333940e+03
1.003533333333333394e+04
9.981000000000000000e+03
9.953333333333333940e+03
1.003900000000000000e+04
9.969333333333333940e+03
9.958333333333333940e+03
9.999333333333333940e+03
9.946666666666666060e+03
9.896000000000000000e+03
9.993000000000000000e+03
9.920000000000000000e+03
9.994000000000000000e+03
9.985333333333333940e+03
1.002266666666666606e+04
9.999666666666666060e+03
1.009666666666666606e+04
1.005933333333333394e+04
9.927666666666666060e+03
9.986000000000000000e+03
9.951666666666666060e+03
9.991333333333333940e+03
1.012066666666666606e+04
1.116733333333333394e+04
9.931000000000000000e+03
1.006166666666666606e+04
9.867000000000000000e+03
1.006366666666666606e+04
9.930666666666666060e+03
1.006366666666666606e+04
9.867000000000000000e+03
1.006166666666666606e+04
9.931000000000000000e+03
1.001200000000000000e+04
1.011066666666666606e+04
9.958000000000000000e+03
9.884000000000000000e+03
9.959666666666666060e+03
9.971666666666666060e+03
1.009166666666666606e+04
1.004933333333333394e+04
1.000733333333333394e+04
9.982666666666666060e+03
9.966000000000000000e+03
9.990666666666666060e+03
9.990666666666666060e+03
9.960000000000000000e+03
9.915000000000000000e+03
9.905000000000000000e+03
1.000266666666666606e+04
9.953666666666666060e+03
9.952333333333333940e+03
1.002600000000000000e+04
1.003633333333333394e+04
9.966000000000000000e+03
1.000766666666666606e+04
9.931666666666666060e+03
1.005500000000000000e+04
9.935333333333333940e+03
1.005000000000000000e+04
9.946000000000000000e+03
1.003533333333333394e+04
9.921000000000000000e+03
9.993666666666666060e+03
1.006866666666666606e+04
9.971000000000000000e+03
9.996000000000000000e+03
1.005666666666666606e+04
9.886333333333333940e+03
9.949666666666666060e+03
1.007766666666666606e+04
9.911000000000000000e+03
9.996000000000000000e+03
1.014133333333333394e+04
1.007966666666666606e+04
9.990333333333333940e+03
9.981000000000000000e+03
9.929000000000000000e+03
9.994000000000000000e+03
9.929000000000000000e+03
9.981000000000000000e+03
9.990333333333333940e+03
1.007966666666666606e+04
9.993666666666666060e+03
9.996000000000000000e+03
9.911000000000000000e+03
1.007766666666666606e+04
9.949666666666666060e+03
9.886333333333333940e+03
1.005666666666666606e+04
9.996000000000000000e+03
9.971000000000000000e+03
1.006866666666666606e+04
1.003633333333333394e+04
9.921000000000000000e+03
1.003533333333333394e+04
9.946000000000000000e+03
1.005000000000000000e+04
9.935333333333333940e+03
1.005500000000000000e+04
9.931666666666666060e+03
1.000766666666666606e+04
9.966000000000000000e+03
9.966000000000000000e+03
1.002600000000000000e+04
9.952333333333333940e+03
9.953666666666666060e+03
1.000266666666666606e+04
9.905000000000000000e+03
9.915000000000000000e+03
9.960000000000000000e+03
9.990666666666666060e+03
9.990666666666666060e+03
1.001200000000000000e+04
9.982666666666666060e+03
1.000733333333333394e+04
1.004933333333333394e+04
1.009166666666666606e+04
9.971666666666666060e+03
9.959666666666666060e+03
9.884000000000000000e+03
9.958000000000000000e+03
1.011066666666666606e+04
1.125066666666666606e+04
9.891666666666666060e+03
1.005766666666666606e+04
9.816000000000000000e+03
1.007566666666666606e+04
9.980000000000000000e+03
1.007566666666666606e+04
9.816000000000000000e+03
1.005766666666666606e+04
9.891666666666666060e+03
1.001433333333333394e+04
1.007466666666666606e+04
1.002133333333333394e+04
9.952666666666666060e+03
9.984666666666666060e+03
9.916000000000000000e+03
1.009400000000000000e+04
1.009433333333333394e+04
1.000366666666666606e+04
9.981666666666666060e+03
9.943333333333333940e+03
1.006133333333333394e+04
9.945666666666666060e+03
9.987333333333333940e+03
9.856000000000000000e+03
9.962666666666666060e+03
1.000400000000000000e+04
9.963333333333333940e+03
9.923666666666666060e+03
1.003533333333333394e+04
1.002666666666666606e+04
9.938333333333333940e+03
9.986666666666666060e+03
9.903666666666666060e+03
1.004600000000000000e+04
9.931000000000000000e+03
9.944333333333333940e+03
9.919666666666666060e+03
1.006433333333333394e+04
9.895666666666666060e+03
9.992666666666666060e+03
1.005400000000000000e+04
9.946333333333333940e+03
9.992666666666666060e+03
1.006300000000000000e+04
9.913666666666666060e+03
9.915333333333333940e+03
1.010866666666666606e+04
9.964333333333333940e+03
9.964000000000000000e+03
1.015933333333333394e+04
1.008800000000000000e+04
9.986333333333333940e+03
1.000866666666666606e+04
9.975000000000000000e+03
1.003000000000000000e+04
9.975000000000000000e+03
1.000866666666666606e+04
9.986333333333333940e+03
1.008800000000000000e+04
9.992666666666666060e+03
9.964000000000000000e+03
9.964333333333333940e+03
1.010866666666666606e+04
9.915333333333333940e+03
9.913666666666666060e+03
1.006300000000000000e+04
9.992666666666666060e+03
9.946333333333333940e+03
1.005400000000000000e+04
1.002666666666666606e+04
9.895666666666666060e+03
1.006433333333333394e+04
9.919666666666666060e+03
9.944333333333333940e+03
9.931000000000000000e+03
1.004600000000000000e+04
9.903666666666666060e+03
9.986666666666666060e+03
9.938333333333333940e+03
9.943333333333333940e+03
1.003533333333333394e+04
9.923666666666666060e+03
9.963333333333333940e+03
1.000400000000000000e+04
9.962666666666666060e+03
9.856000000000000000e+03
9.987333333333333940e+03
9.945666666666666060e+03
1.006133333333333394e+04
1.001433333333333394e+04
9.981666666666666060e+03
1.000366666666666606e+04
1.009433333333333394e+04
1.009400000000000000e+04
9.916000000000000000e+03
9.984666666666666060e+03
9.952666666666666060e+03
1.002133333333333394e+04
1.007466666666666606e+04
1.127533333333333394e+04
9.902333333333333940e+03
1.001433333333333394e+04
9.874666666666666060e+03
1.006200000000000000e+04
9.884666666666666060e+03
1.006200000000000000e+04
9.874666666666666060e+03
1.001433333333333394e+04
9.902333333333333940e+03
1.005266666666666606e+04
1.003700000000000000e+04
1.001333333333333394e+04
9.963333333333333940e+03
9.995333333333333940e+03
9.954333333333333940e+03
1.006100000000000000e+04
1.011700000000000000e+04
9.948000000000000000e+03
9.993666666666666060e+03
9.931333333333333940e+03
1.004266666666666606e+04
9.961333333333333940e+03
9.936666666666666060e+03
9.875000000000000000e+03
9.953000000000000000e+03
9.989666666666666060e+03
9.984333333333333940e+03
9.952666666666666060e+03
1.009300000000000000e+04
1.002933333333333394e+04
9.995666666666666060e+03
9.981333333333333940e+03
9.885666666666666060e+03
1.010166666666666606e+04
9.882666666666666060e+03
1.000000000000000000e+04
9.899000000000000000e+03
1.002300000000000000e+04
9.932000000000000000e+03
1.002933333333333394e+04
1.004633333333333394e+04
9.894666666666666060e+03
9.973333333333333940e+03
1.004900000000000000e+04
9.927000000000000000e+03
9.897000000000000000e+03
1.007433333333333394e+04
1.001966666666666606e+04
9.958333333333333940e+03
1.013533333333333394e+04
1.004666666666666606e+04
9.982333333333333940e+03
1.002833333333333394e+04
9.979333333333333940e+03
1.001533333333333394e+04
9.979333333333333940e+03
1.002833333333333394e+04
9.982333333333333940e+03
1.004666666666666606e+04
1.002933333333333394e+04
9.958333333333333940e+03
1.001966666666666606e+04
1.007433333333333394e+04
9.897000000000000000e+03
9.927000000000000000e+03
1.004900000000000000e+04
9.973333333333333940e+03
9.894666666666666060e+03
1.004633333333333394e+04
1.002933333333333394e+04
9.932000000000000000e+03
1.002300000000000000e+04
9.899000000000000000e+03
1.000000000000000000e+04
9.882666666666666060e+03
1.010166666666666606e+04
9.885666666666666060e+03
9.981333333333333940e+03
9.995666666666666060e+03
9.931333333333333940e+03
1.009300000000000000e+04
9.952666666666666060e+03
9.984333333333333940e+03
9.989666666666666060e+03
9.953000000000000000e+03
9.875000000000000000e+03
9.936666666666666060e+03
9.961333333333333940e+03
1.004266666666666606e+04
1.005266666666666606e+04
9.993666666666666060e+03
9.948000000000000000e+03
1.011700000000000000e+04
1.006100000000000000e+04
9.954333333333333940e+03
9.995333333333333940e+03
9.963333333333333940e+03
1.001333333333333394e+04
1.003700000000000000e+04
1.127200000000000000e+04
9.917333333333333940e+03
9.995000000000000000e+03
9.972000000000000000e+03
1.005066666666666606e+04
9.948666666666666060e+03
1.005066666666666606e+04
9.972000000000000000e+03
9.995000000000000000e+03
9.917333333333333940e+03
9.948000000000000000e+03
1.008700000000000000e+04
1.001133333333333394e+04
9.864333333333333940e+03
1.000566666666666606e+04
9.979666666666666060e+03
1.002800000000000000e+04
1.013100000000000000e+04
9.953000000000000000e+03
1.000333333333333394e+04
9.963333333333333940e+03
1.002566666666666606e+04
9.968666666666666060e+03
9.949666666666666060e+03
9.884666666666666060e+03
9.981666666666666060e+03
9.992333333333333940e+03
9.924666666666666060e+03
9.903000000000000000e+03
1.006600000000000000e+04
9.998000000000000000e+03
9.999666666666666060e+03
1.001333333333333394e+04
9.945000000000000000e+03
1.001033333333333394e+04
9.971666666666666060e+03
9.992333333333333940e+03
9.929666666666666060e+03
1.005833333333333394e+04
9.943000000000000000e+03
9.964000000000000000e+03
1.006733333333333394e+04
9.874000000000000000e+03
9.989000000000000000e+03
1.004500000000000000e+04
9.883000000000000000e+03
9.958000000000000000e+03
1.007133333333333394e+04
9.945666666666666060e+03
1.002266666666666606e+04
1.014933333333333394e+04
1.002366666666666606e+04
1.003733333333333394e+04
9.996000000000000000e+03
9.974000000000000000e+03
9.993333333333333940e+03
9.974000000000000000e+03
9.996000000000000000e+03
1.003733333333333394e+04
1.002366666666666606e+04
9.964000000000000000e+03
1.002266666666666606e+04
9.945666666666666060e+03
1.007133333333333394e+04
9.958000000000000000e+03
9.883000000000000000e+03
1.004500000000000000e+04
9.989000000000000000e+03
9.874000000000000000e+03
1.006733333333333394e+04
9.998000000000000000e+03
9.943000000000000000e+03
1.005833333333333394e+04
9.929666666666666060e+03
9.992333333333333940e+03
9.971666666666666060e+03
1.001033333333333394e+04
9.945000000000000000e+03
1.001333333333333394e+04
9.999666666666666060e+03
9.963333333333333940e+03
1.006600000000000000e+04
9.903000000000000000e+03
9.924666666666666060e+03
9.992333333333333940e+03
9.981666666666666060e+03
9.884666666666666060e+03
9.949666666666666060e+03
9.968666666666666060e+03
1.002566666666666606e+04
9.948000000000000000e+03
1.000333333333333394e+04
9.953000000000000000e+03
1.013100000000000000e+04
1.002800000000000000e+04
9.979666666666666060e+03
1.000566666666666606e+04
9.864333333333333940e+03
1.001133333333333394e+04
1.008700000000000000e+04
1.124000000000000000e+04
9.958000000000000000e+03
9.978333333333333940e+03
9.934666666666666060e+03
1.010666666666666606e+04
9.952000000000000000e+03
1.010666666666666606e+04
9.934666666666666060e+03
9.978333333333333940e+03
9.958000000000000000e+03
9.967333333333333940e+03
1.005833333333333394e+04
1.007200000000000000e+04
9.876000000000000000e+03
1.000066666666666606e+04
9.978666666666666060e+03
1.005966666666666606e+04
1.013033333333333394e+04
9.976333333333333940e+03
9.930333333333333940e+03
1.001433333333333394e+04
1.000566666666666606e+04
9.944333333333333940e+03
9.957666666666666060e+03
9.972000000000000000e+03
9.901333333333333940e+03
9.937000000000000000e+03
9.910666666666666060e+03
9.959666666666666060e+03
9.996333333333333940e+03
9.977000000000000000e+03
1.001000000000000000e+04
1.000600000000000000e+04
9.943333333333333940e+03
9.951333333333333940e+03
1.004866666666666606e+04
9.986000000000000000e+03
9.918000000000000000e+03
1.004733333333333394e+04
9.934333333333333940e+03
1.001733333333333394e+04
1.001933333333333394e+04
9.930000000000000000e+03
9.988666666666666060e+03
1.005733333333333394e+04
9.848000000000000000e+03
9.964000000000000000e+03
1.008166666666666606e+04
9.920333333333333940e+03
1.005733333333333394e+04
1.004066666666666606e+04
1.003933333333333394e+04
1.002366666666666606e+04
1.002300000000000000e+04
9.985666666666666060e+03
9.959333333333333940e+03
9.985666666666666060e+03
1.002300000000000000e+04
1.002366666666666606e+04
1.003933333333333394e+04
1.001733333333333394e+04
1.005733333333333394e+04
9.920333333333333940e+03
1.008166666666666606e+04
9.964000000000000000e+03
9.848000000000000000e+03
1.005733333333333394e+04
9.988666666666666060e+03
9.930000000000000000e+03
1.001933333333333394e+04
9.977000000000000000e+03
9.934333333333333940e+03
1.004733333333333394e+04
9.918000000000000000e+03
9.986000000000000000e+03
1.004866666666666606e+04
9.951333333333333940e+03
9.943333333333333940e+03
1.000600000000000000e+04
1.001000000000000000e+04
1.001433333333333394e+04
9.996333333333333940e+03
9.959666666666666060e+03
9.910666666666666060e+03
9.937000000000000000e+03
9.901333333333333940e+03
9.972000000000000000e+03
9.957666666666666060e+03
9.944333333333333940e+03
1.000566666666666606e+04
9.967333333333333940e+03
9.930333333333333940e+03
9.976333333333333940e+03
1.013033333333333394e+04
1.005966666666666606e+04
9.978666666666666060e+03
1.000066666666666606e+04
9.876000000000000000e+03
1.007200000000000000e+04
1.005833333333333394e+04
1.128800000000000000e+04
9.939000000000000000e+03
9.937000000000000000e+03
9.904666666666666060e+03
1.012266666666666606e+04
9.964666666666666060e+03
1.012266666666666606e+04
9.904666666666666060e+03
9.937000000000000000e+03
9.939000000000000000e+03
9.927000000000000000e+03
1.008866666666666606e+04
1.008300000000000000e+04
9.889000000000000000e+03
9.965000000000000000e+03
9.969666666666666060e+03
1.008833333333333394e+04
1.012766666666666606e+04
9.998333333333333940e+03
9.962333333333333940e+03
1.003266666666666606e+04
1.000900000000000000e+04
9.981666666666666060e+03
9.949666666666666060e+03
9.925666666666666060e+03
9.911000000000000000e+03
1.000400000000000000e+04
9.908000000000000000e+03
9.891333333333333940e+03
1.002466666666666606e+04
9.963666666666666060e+03
9.971333333333333940e+03
1.004000000000000000e+04
9.908333333333333940e+03
9.994000000000000000e+03
9.938000000000000000e+03
9.945666666666666060e+03
9.963333333333333940e+03
1.013033333333333394e+04
9.949666666666666060e+03
1.005166666666666606e+04
9.995666666666666060e+03
9.921666666666666060e+03
9.972000000000000000e+03
1.015566666666666606e+04
9.864333333333333940e+03
9.986000000000000000e+03
9.994666666666666060e+03
9.910333333333333940e+03
9.994333333333333940e+03
1.008866666666666606e+04
1.003633333333333394e+04
1.008733333333333394e+04
9.984333333333333940e+03
9.935000000000000000e+03
9.991333333333333940e+03
9.935000000000000000e+03
9.984333333333333940e+03
1.008733333333333394e+04
1.003633333333333394e+04
1.005166666666666606e+04
9.994333333333333940e+03
9.910333333333333940e+03
9.994666666666666060e+03
9.986000000000000000e+03
9.864333333333333940e+03
1.015566666666666606e+04
9.972000000000000000e+03
9.921666666666666060e+03
9.995666666666666060e+03
9.963666666666666060e+03
9.949666666666666060e+03
1.013033333333333394e+04
9.963333333333333940e+03
9.945666666666666060e+03
9.938000000000000000e+03
9.994000000000000000e+03
9.908333333333333940e+03
1.004000000000000000e+04
9.971333333333333940e+03
1.003266666666666606e+04
1.002466666666666606e+04
9.891333333333333940e+03
9.908000000000000000e+03
1.000400000000000000e+04
9.911000000000000000e+03
9.925666666666666060e+03
9.949666666666666060e+03
9.981666666666666060e+03
1.000900000000000000e+04
9.927000000000000000e+03
9.962333333333333940e+03
9.998333333333333940e+03
1.012766666666666606e+04
1.008833333333333394e+04
9.969666666666666060e+03
9.965000000000000000e+03
9.889000000000000000e+03
1.008300000000000000e+04
1.008866666666666606e+04
1.131000000000000000e+04
9.920333333333333940e+03
9.947000000000000000e+03
9.972333333333333940e+03
1.006266666666666606e+04
1.006333333333333394e+04
1.006266666666666606e+04
9.972333333333333940e+03
9.947000000000000000e+03
9.920333333333333940e+03
9.948333333333333940e+03
1.007333333333333394e+04
1.003166666666666606e+04
9.971333333333333940e+03
9.976666666666666060e+03
9.959666666666666060e+03
1.003466666666666606e+04
1.011633333333333394e+04
1.000633333333333394e+04
1.002366666666666606e+04
9.965666666666666060e+03
1.000333333333333394e+04
1.002500000000000000e+04
9.925333333333333940e+03
9.911333333333333940e+03
9.929000000000000000e+03
9.994666666666666060e+03
9.921666666666666060e+03
9.887333333333333940e+03
1.004366666666666606e+04
9.949333333333333940e+03
9.945333333333333940e+03
1.000900000000000000e+04
9.895666666666666060e+03
9.985000000000000000e+03
9.950000000000000000e+03
9.894333333333333940e+03
1.001833333333333394e+04
1.015433333333333394e+04
9.889000000000000000e+03
1.005166666666666606e+04
1.001733333333333394e+04
9.930666666666666060e+03
9.935666666666666060e+03
1.007533333333333394e+04
9.941000000000000000e+03
9.937666666666666060e+03
1.002700000000000000e+04
9.884666666666666060e+03
1.002766666666666606e+04
1.005533333333333394e+04
1.009233333333333394e+04
9.976000000000000000e+03
1.003000000000000000e+04
1.006800000000000000e+04
9.898000000000000000e+03
1.006800000000000000e+04
1.003000000000000000e+04
9.976000000000000000e+03
1.009233333333333394e+04
1.005166666666666606e+04
1.002766666666666606e+04
9.884666666666666060e+03
1.002700000000000000e+04
9.937666666666666060e+03
9.941000000000000000e+03
1.007533333333333394e+04
9.935666666666666060e+03
9.930666666666666060e+03
1.001733333333333394e+04
9.949333333333333940e+03
9.889000000000000000e+03
1.015433333333333394e+04
1.001833333333333394e+04
9.894333333333333940e+03
9.950000000000000000e+03
9.985000000000000000e+03
9.895666666666666060e+03
1.000900000000000000e+04
9.945333333333333940e+03
9.965666666666666060e+03
1.004366666666666606e+04
9.887333333333333940e+03
9.921666666666666060e+03
9.994666666666666060e+03
9.929000000000000000e+03
9.911333333333333940e+03
9.925333333333333940e+03
1.002500000000000000e+04
1.000333333333333394e+04
9.948333333333333940e+03
1.002366666666666606e+04
1.000633333333333394e+04
1.011633333333333394e+04
1.003466666666666606e+04
9.959666666666666060e+03
9.976666666666666060e+03
9.971333333333333940e+03
1.003166666666666606e+04
1.007333333333333394e+04
1.125200000000000000e+04
9.967666666666666060e+03
9.880000000000000000e+03
9.997666666666666060e+03
1.004266666666666606e+04
1.001933333333333394e+04
1.004266666666666606e+04
9.997666666666666060e+03
9.880000000000000000e+03
9.967666666666666060e+03
1.001166666666666606e+04
1.006633333333333394e+04
1.001066666666666606e+04
9.986333333333333940e+03
9.996666666666666060e+03
9.965333333333333940e+03
1.004766666666666606e+04
1.011566666666666606e+04
9.956000000000000000e+03
1.005566666666666606e+04
1.003233333333333394e+04
1.002333333333333394e+04
9.979666666666666060e+03
9.927333333333333940e+03
9.941333333333333940e+03
9.885000000000000000e+03
9.958333333333333940e+03
9.981666666666666060e+03
9.971000000000000000e+03
9.957666666666666060e+03
9.975333333333333940e+03
9.928666666666666060e+03
9.951666666666666060e+03
9.932000000000000000e+03
9.975666666666666060e+03
9.884000000000000000e+03
9.916333333333333940e+03
1.000900000000000000e+04
1.001600000000000000e+04
9.972333333333333940e+03
1.006333333333333394e+04
9.991333333333333940e+03
9.902000000000000000e+03
9.994000000000000000e+03
1.006933333333333394e+04
9.935000000000000000e+03
9.987000000000000000e+03
9.980000000000000000e+03
9.945000000000000000e+03
9.981333333333333940e+03
1.012933333333333394e+04
1.004800000000000000e+04
1.004166666666666606e+04
1.004233333333333394e+04
9.989333333333333940e+03
1.002266666666666606e+04
9.989333333333333940e+03
1.004233333333333394e+04
1.004166666666666606e+04
1.004800000000000000e+04
1.006333333333333394e+04
9.981333333333333940e+03
9.945000000000000000e+03
9.980000000000000000e+03
9.987000000000000000e+03
9.935000000000000000e+03
1.006933333333333394e+04
9.994000000000000000e+03
9.902000000000000000e+03
9.991333333333333940e+03
9.975333333333333940e+03
9.972333333333333940e+03
1.001600000000000000e+04
1.000900000000000000e+04
9.916333333333333940e+03
9.884000000000000000e+03
9.975666666666666060e+03
9.932000000000000000e+03
9.951666666666666060e+03
9.928666666666666060e+03
1.003233333333333394e+04
9.957666666666666060e+03
9.971000000000000000e+03
9.981666666666666060e+03
9.958333333333333940e+03
9.885000000000000000e+03
9.941333333333333940e+03
9.927333333333333940e+03
9.979666666666666060e+03
1.002333333333333394e+04
1.001166666666666606e+04
1.005566666666666606e+04
9.956000000000000000e+03
1.011566666666666606e+04
1.004766666666666606e+04
9.965333333333333940e+03
9.996666666666666060e+03
9.986333333333333940e+03
1.001066666666666606e+04
1.006633333333333394e+04
1.131266666666666606e+04
9.920333333333333940e+03
9.920000000000000000e+03
9.978000000000000000e+03
1.002733333333333394e+04
9.996000000000000000e+03
1.002733333333333394e+04
9.978000000000000000e+03
9.920000000000000000e+03
9.920333333333333940e+03
9.980666666666666060e+03
1.004666666666666606e+04
1.004933333333333394e+04
9.969333333333333940e+03
1.002433333333333394e+04
9.894333333333333940e+03
1.005833333333333394e+04
1.010933333333333394e+04
9.961333333333333940e+03
1.006666666666666606e+04
9.989333333333333940e+03
1.008633333333333394e+04
9.934000000000000000e+03
9.941333333333333940e+03
9.927666666666666060e+03
9.873000000000000000e+03
1.000000000000000000e+04
9.934000000000000000e+03
1.002300000000000000e+04
9.977666666666666060e+03
1.002200000000000000e+04
9.934333333333333940e+03
9.980666666666666060e+03
9.881333333333333940e+03
9.993666666666666060e+03
9.939666666666666060e+03
9.882666666666666060e+03
1.000733333333333394e+04
9.985333333333333940e+03
9.981000000000000000e+03
1.005500000000000000e+04
9.990333333333333940e+03
9.902333333333333940e+03
1.001100000000000000e+04
1.006500000000000000e+04
9.899666666666666060e+03
9.936333333333333940e+03
1.003066666666666606e+04
9.961000000000000000e+03
1.000400000000000000e+04
1.016400000000000000e+04
1.002033333333333394e+04
1.003600000000000000e+04
1.000766666666666606e+04
1.005200000000000000e+04
9.984000000000000000e+03
1.005200000000000000e+04
1.000766666666666606e+04
1.003600000000000000e+04
1.002033333333333394e+04
1.005500000000000000e+04
1.000400000000000000e+04
9.961000000000000000e+03
1.003066666666666606e+04
9.936333333333333940e+03
9.899666666666666060e+03
1.006500000000000000e+04
1.001100000000000000e+04
9.902333333333333940e+03
9.990333333333333940e+03
1.002200000000000000e+04
9.981000000000000000e+03
9.985333333333333940e+03
1.000733333333333394e+04
9.882666666666666060e+03
9.939666666666666060e+03
9.993666666666666060e+03
9.881333333333333940e+03
9.980666666666666060e+03
9.934333333333333940e+03
9.989333333333333940e+03
9.977666666666666060e+03
1.002300000000000000e+04
9.934000000000000000e+03
1.000000000000000000e+04
9.873000000000000000e+03
9.927666666666666060e+03
9.941333333333333940e+03
9.934000000000000000e+03
1.008633333333333394e+04
9.980666666666666060e+03
1.006666666666666606e+04
9.961333333333333940e+03
1.010933333333333394e+04
1.005833333333333394e+04
9.894333333333333940e+03
1.002433333333333394e+04
9.969333333333333940e+03
1.004933333333333394e+04
1.004666666666666606e+04
1.137200000000000000e+04
9.924000000000000000e+03
9.964333333333333940e+03
9.981333333333333940e+03
1.008200000000000000e+04
9.938000000000000000e+03
1.008200000000000000e+04
9.981333333333333940e+03
9.964333333333333940e+03
9.924000000000000000e+03
9.873666666666666060e+03
1.016500000000000000e+04
9.985000000000000000e+03
9.937000000000000000e+03
9.952333333333333940e+03
1.002366666666666606e+04
1.006566666666666606e+04
1.007433333333333394e+04
9.989000000000000000e+03
9.958666666666666060e+03
9.955666666666666060e+03
1.005766666666666606e+04
1.006166666666666606e+04
9.930333333333333940e+03
9.855333333333333940e+03
9.954666666666666060e+03
9.900333333333333940e+03
9.949000000000000000e+03
9.976666666666666060e+03
9.967333333333333940e+03
9.953666666666666060e+03
9.924000000000000000e+03
9.922666666666666060e+03
9.984000000000000000e+03
1.007300000000000000e+04
9.862666666666666060e+03
9.947666666666666060e+03
1.004233333333333394e+04
1.004966666666666606e+04
9.992333333333333940e+03
1.005366666666666606e+04
9.997333333333333940e+03
9.934666666666666060e+03
1.003333333333333394e+04
9.912000000000000000e+03
9.977666666666666060e+03
9.938333333333333940e+03
9.989666666666666060e+03
9.932000000000000000e+03
1.004433333333333394e+04
1.009266666666666606e+04
1.008100000000000000e+04
1.002900000000000000e+04
1.001566666666666606e+04
1.003633333333333394e+04
9.974000000000000000e+03
1.003633333333333394e+04
1.001566666666666606e+04
1.002900000000000000e+04
1.008100000000000000e+04
1.005366666666666606e+04
1.004433333333333394e+04
9.932000000000000000e+03
9.989666666666666060e+03
9.938333333333333940e+03
9.977666666666666060e+03
9.912000000000000000e+03
1.003333333333333394e+04
9.934666666666666060e+03
9.997333333333333940e+03
9.953666666666666060e+03
9.992333333333333940e+03
1.004966666666666606e+04
1.004233333333333394e+04
9.947666666666666060e+03
9.862666666666666060e+03
1.007300000000000000e+04
9.984000000000000000e+03
9.922666666666666060e+03
9.924000000000000000e+03
9.955666666666666060e+03
9.967333333333333940e+03
9.976666666666666060e+03
9.949000000000000000e+03
9.900333333333333940e+03
9.954666666666666060e+03
9.855333333333333940e+03
9.930333333333333940e+03
1.006166666666666606e+04
1.005766666666666606e+04
9.873666666666666060e+03
9.958666666666666060e+03
9.989000000000000000e+03
1.007433333333333394e+04
1.006566666666666606e+04
1.002366666666666606e+04
9.952333333333333940e+03
9.937000000000000000e+03
9.985000000000000000e+03
1.016500000000000000e+04
1.146933333333333394e+04
9.867333333333333940e+03
9.925000000000000000e+03
1.003933333333333394e+04
1.006600000000000000e+04
9.955333333333333940e+03
1.006600000000000000e+04
1.003933333333333394e+04
9.925000000000000000e+03
9.867333333333333940e+03
9.855000000000000000e+03
1.010666666666666606e+04
1.003133333333333394e+04
9.945333333333333940e+03
1.000166666666666606e+04
1.001700000000000000e+04
1.002433333333333394e+04
1.010533333333333394e+04
9.944666666666666060e+03
9.987666666666666060e+03
9.966000000000000000e+03
1.010900000000000000e+04
1.003800000000000000e+04
9.845000000000000000e+03
9.934000000000000000e+03
9.952666666666666060e+03
9.926000000000000000e+03
9.994666666666666060e+03
9.917333333333333940e+03
9.979333333333333940e+03
1.001933333333333394e+04
9.916666666666666060e+03
9.947333333333333940e+03
9.956333333333333940e+03
1.004633333333333394e+04
9.863000000000000000e+03
9.977666666666666060e+03
1.003866666666666606e+04
1.004533333333333394e+04
9.957666666666666060e+03
1.005800000000000000e+04
9.969000000000000000e+03
9.878333333333333940e+03
1.009133333333333394e+04
9.955666666666666060e+03
9.930666666666666060e+03
9.946333333333333940e+03
9.991333333333333940e+03
9.907000000000000000e+03
1.004200000000000000e+04
1.004800000000000000e+04
1.009300000000000000e+04
1.006200000000000000e+04
9.947666666666666060e+03
1.001666666666666606e+04
1.005533333333333394e+04
1.001666666666666606e+04
9.947666666666666060e+03
1.006200000000000000e+04
1.009300000000000000e+04
1.005800000000000000e+04
1.004200000000000000e+04
9.907000000000000000e+03
9.991333333333333940e+03
9.946333333333333940e+03
9.930666666666666060e+03
9.955666666666666060e+03
1.009133333333333394e+04
9.878333333333333940e+03
9.969000000000000000e+03
1.001933333333333394e+04
9.957666666666666060e+03
1.004533333333333394e+04
1.003866666666666606e+04
9.977666666666666060e+03
9.863000000000000000e+03
1.004633333333333394e+04
9.956333333333333940e+03
9.947333333333333940e+03
9.916666666666666060e+03
9.966000000000000000e+03
9.979333333333333940e+03
9.917333333333333940e+03
9.994666666666666060e+03
9.926000000000000000e+03
9.952666666666666060e+03
9.934000000000000000e+03
9.845000000000000000e+03
1.003800000000000000e+04
1.010900000000000000e+04
9.855000000000000000e+03
9.987666666666666060e+03
9.944666666666666060e+03
1.010533333333333394e+04
1.002433333333333394e+04
1.001700000000000000e+04
1.000166666666666606e+04
9.945333333333333940e+03
1.003133333333333394e+04
1.010666666666666606e+04
1.150600000000000000e+04
9.892333333333333940e+03
9.862666666666666060e+03
1.008833333333333394e+04
1.012466666666666606e+04
9.898666666666666060e+03
1.012466666666666606e+04
1.008833333333333394e+04
9.862666666666666060e+03
9.892333333333333940e+03
9.957333333333333940e+03
1.008133333333333394e+04
1.006300000000000000e+04
9.901666666666666060e+03
9.959333333333333940e+03
1.001733333333333394e+04
1.003200000000000000e+04
1.009733333333333394e+04
9.907333333333333940e+03
1.002400000000000000e+04
9.941333333333333940e+03
1.009533333333333394e+04
1.002366666666666606e+04
9.898000000000000000e+03
9.851666666666666060e+03
9.965333333333333940e+03
9.933666666666666060e+03
1.000033333333333394e+04
9.916000000000000000e+03
9.961333333333333940e+03
1.003566666666666606e+04
9.903666666666666060e+03
9.907666666666666060e+03
9.907666666666666060e+03
1.004766666666666606e+04
9.788000000000000000e+03
9.943333333333333940e+03
9.984333333333333940e+03
1.011333333333333394e+04
9.946000000000000000e+03
1.012300000000000000e+04
9.934666666666666060e+03
9.875333333333333940e+03
1.008466666666666606e+04
1.005200000000000000e+04
9.929666666666666060e+03
9.929000000000000000e+03
1.000100000000000000e+04
9.861333333333333940e+03
1.001800000000000000e+04
1.009800000000000000e+04
1.016366666666666606e+04
1.003500000000000000e+04
9.953000000000000000e+03
1.005300000000000000e+04
1.012533333333333394e+04
1.005300000000000000e+04
9.953000000000000000e+03
1.003500000000000000e+04
1.016366666666666606e+04
1.012300000000000000e+04
1.001800000000000000e+04
9.861333333333333940e+03
1.000100000000000000e+04
9.929000000000000000e+03
9.929666666666666060e+03
1.005200000000000000e+04
1.008466666666666606e+04
9.875333333333333940e+03
9.934666666666666060e+03
1.003566666666666606e+04
9.946000000000000000e+03
1.011333333333333394e+04
9.984333333333333940e+03
9.943333333333333940e+03
9.788000000000000000e+03
1.004766666666666606e+04
9.907666666666666060e+03
9.907666666666666060e+03
9.903666666666666060e+03
9.941333333333333940e+03
9.961333333333333940e+03
9.916000000000000000e+03
1.000033333333333394e+04
9.933666666666666060e+03
9.965333333333333940e+03
9.851666666666666060e+03
9.898000000000000000e+03
1.002366666666666606e+04
1.009533333333333394e+04
9.957333333333333940e+03
1.002400000000000000e+04
9.907333333333333940e+03
1.009733333333333394e+04
1.003200000000000000e+04
1.001733333333333394e+04
9.959333333333333940e+03
9.901666666666666060e+03
1.006300000000000000e+04
1.008133333333333394e+04
1.156600000000000000e+04
9.910333333333333940e+03
9.891333333333333940e+03
1.002200000000000000e+04
1.013100000000000000e+04
9.876000000000000000e+03
1.013100000000000000e+04
1.002200000000000000e+04
9.891333333333333940e+03
9.910333333333333940e+03
9.934666666666666060e+03
1.001566666666666606e+04
1.008000000000000000e+04
9.896000000000000000e+03
9.997000000000000000e+03
1.003933333333333394e+04
1.006133333333333394e+04
1.008466666666666606e+04
9.979666666666666060e+03
9.956666666666666060e+03
1.001333333333333394e+04
1.013966666666666606e+04
9.943000000000000000e+03
9.938666666666666060e+03
9.863666666666666060e+03
9.934000000000000000e+03
9.929000000000000000e+03
9.891333333333333940e+03
9.906000000000000000e+03
9.962666666666666060e+03
1.002566666666666606e+04
9.822000000000000000e+03
9.955666666666666060e+03
9.873666666666666060e+03
1.006133333333333394e+04
9.807000000000000000e+03
9.968666666666666060e+03
1.002266666666666606e+04
1.005600000000000000e+04
1.004333333333333394e+04
1.008066666666666606e+04
1.003133333333333394e+04
9.912333333333333940e+03
9.944666666666666060e+03
1.016333333333333394e+04
9.934333333333333940e+03
9.980000000000000000e+03
9.946333333333333940e+03
9.891333333333333940e+03
1.001533333333333394e+04
1.010933333333333394e+04
1.010100000000000000e+04
9.987000000000000000e+03
1.004866666666666606e+04
1.000900000000000000e+04
1.004400000000000000e+04
1.000900000000000000e+04
1.004866666666666606e+04
9.987000000000000000e+03
1.010100000000000000e+04
1.008066666666666606e+04
1.001533333333333394e+04
9.891333333333333940e+03
9.946333333333333940e+03
9.980000000000000000e+03
9.934333333333333940e+03
1.016333333333333394e+04
9.944666666666666060e+03
9.912333333333333940e+03
1.003133333333333394e+04
1.002566666666666606e+04
1.004333333333333394e+04
1.005600000000000000e+04
1.002266666666666606e+04
9.968666666666666060e+03
9.807000000000000000e+03
1.006133333333333394e+04
9.873666666666666060e+03
9.955666666666666060e+03
9.822000000000000000e+03
1.001333333333333394e+04
9.962666666666666060e+03
9.906000000000000000e+03
9.891333333333333940e+03
9.929000000000000000e+03
9.934000000000000000e+03
9.863666666666666060e+03
9.938666666666666060e+03
9.943000000000000000e+03
1.013966666666666606e+04
9.934666666666666060e+03
9.956666666666666060e+03
9.979666666666666060e+03
1.008466666666666606e+04
1.006133333333333394e+04
1.003933333333333394e+04
9.997000000000000000e+03
9.896000000000000000e+03
1.008000000000000000e+04
1.001566666666666606e+04
1.156400000000000000e+04
9.886333333333333940e+03
9.921000000000000000e+03
1.004900000000000000e+04
1.006233333333333394e+04
9.909333333333333940e+03
1.006233333333333394e+04
1.004900000000000000e+04
9.921000000000000000e+03
9.886333333333333940e+03
9.966666666666666060e+03
1.010433333333333394e+04
1.001400000000000000e+04
9.888666666666666060e+03
1.006066666666666606e+04
1.002733333333333394e+04
1.006166666666666606e+04
1.008866666666666606e+04
1.003633333333333394e+04
9.930000000000000000e+03
1.002533333333333394e+04
1.008200000000000000e+04
9.948333333333333940e+03
9.985666666666666060e+03
9.840666666666666060e+03
9.877000000000000000e+03
9.978000000000000000e+03
9.892666666666666060e+03
9.828666666666666060e+03
9.982333333333333940e+03
9.977000000000000000e+03
9.882333333333333940e+03
9.938000000000000000e+03
9.828666666666666060e+03
1.004133333333333394e+04
9.818333333333333940e+03
9.933000000000000000e+03
1.004000000000000000e+04
1.011600000000000000e+04
1.002766666666666606e+04
1.014066666666666606e+04
9.943333333333333940e+03
9.908000000000000000e+03
1.002833333333333394e+04
1.010866666666666606e+04
9.956333333333333940e+03
1.000500000000000000e+04
9.928666666666666060e+03
9.894000000000000000e+03
1.002866666666666606e+04
1.018800000000000000e+04
1.001600000000000000e+04
1.003433333333333394e+04
1.002766666666666606e+04
1.000066666666666606e+04
1.001800000000000000e+04
1.000066666666666606e+04
1.002766666666666606e+04
1.003433333333333394e+04
1.001600000000000000e+04
1.014066666666666606e+04
1.002866666666666606e+04
9.894000000000000000e+03
9.928666666666666060e+03
1.000500000000000000e+04
9.956333333333333940e+03
1.010866666666666606e+04
1.002833333333333394e+04
9.908000000000000000e+03
9.943333333333333940e+03
9.977000000000000000e+03
1.002766666666666606e+04
1.011600000000000000e+04
1.004000000000000000e+04
9.933000000000000000e+03
9.818333333333333940e+03
1.004133333333333394e+04
9.828666666666666060e+03
9.938000000000000000e+03
9.882333333333333940e+03
1.002533333333333394e+04
9.982333333333333940e+03
9.828666666666666060e+03
9.892666666666666060e+03
9.978000000000000000e+03
9.877000000000000000e+03
9.840666666666666060e+03
9.985666666666666060e+03
9.948333333333333940e+03
1.008200000000000000e+04
9.966666666666666060e+03
9.930000000000000000e+03
1.003633333333333394e+04
1.008866666666666606e+04
1.006166666666666606e+04
1.002733333333333394e+04
1.006066666666666606e+04
9.888666666666666060e+03
1.001400000000000000e+04
1.010433333333333394e+04
1.153066666666666606e+04
9.929333333333333940e+03
9.891000000000000000e+03
1.008833333333333394e+04
1.010900000000000000e+04
9.950000000000000000e+03
1.010900000000000000e+04
1.008833333333333394e+04
9.891000000000000000e+03
9.929333333333333940e+03
9.928666666666666060e+03
1.008433333333333394e+04
1.000166666666666606e+04
9.869000000000000000e+03
1.004366666666666606e+04
1.002566666666666606e+04
9.974000000000000000e+03
1.011966666666666606e+04
1.000666666666666606e+04
9.864000000000000000e+03
1.000100000000000000e+04
9.971666666666666060e+03
1.008200000000000000e+04
9.938000000000000000e+03
9.790333333333333940e+03
9.900000000000000000e+03
1.002766666666666606e+04
9.949666666666666060e+03
9.857666666666666060e+03
9.989666666666666060e+03
9.988000000000000000e+03
9.956333333333333940e+03
9.876666666666666060e+03
9.906666666666666060e+03
1.010066666666666606e+04
9.817333333333333940e+03
9.960666666666666060e+03
1.000900000000000000e+04
1.011066666666666606e+04
1.000766666666666606e+04
1.005200000000000000e+04
9.988000000000000000e+03
9.925333333333333940e+03
1.000233333333333394e+04
1.008433333333333394e+04
9.960000000000000000e+03
9.957666666666666060e+03
9.832000000000000000e+03
9.991000000000000000e+03
1.003033333333333394e+04
1.029200000000000000e+04
9.997333333333333940e+03
9.979333333333333940e+03
1.004266666666666606e+04
1.008066666666666606e+04
1.002866666666666606e+04
1.008066666666666606e+04
1.004266666666666606e+04
9.979333333333333940e+03
9.997333333333333940e+03
1.005200000000000000e+04
1.003033333333333394e+04
9.991000000000000000e+03
9.832000000000000000e+03
9.957666666666666060e+03
9.960000000000000000e+03
1.008433333333333394e+04
1.000233333333333394e+04
9.925333333333333940e+03
9.988000000000000000e+03
9.988000000000000000e+03
1.000766666666666606e+04
1.011066666666666606e+04
1.000900000000000000e+04
9.960666666666666060e+03
9.817333333333333940e+03
1.010066666666666606e+04
9.906666666666666060e+03
9.876666666666666060e+03
9.956333333333333940e+03
1.000100000000000000e+04
9.989666666666666060e+03
9.857666666666666060e+03
9.949666666666666060e+03
1.002766666666666606e+04
9.900000000000000000e+03
9.790333333333333940e+03
9.938000000000000000e+03
1.008200000000000000e+04
9.971666666666666060e+03
9.928666666666666060e+03
9.864000000000000000e+03
1.000666666666666606e+04
1.011966666666666606e+04
9.974000000000000000e+03
1.002566666666666606e+04
1.004366666666666606e+04
9.869000000000000000e+03
1.000166666666666606e+04
1.008433333333333394e+04
1.158200000000000000e+04
9.913666666666666060e+03
9.889333333333333940e+03
1.005266666666666606e+04
1.007533333333333394e+04
9.936000000000000000e+03
1.007533333333333394e+04
1.005266666666666606e+04
9.889333333333333940e+03
9.913666666666666060e+03
9.949333333333333940e+03
1.009700000000000000e+04
1.001766666666666606e+04
9.954000000000000000e+03
1.004466666666666606e+04
9.975666666666666060e+03
1.003466666666666606e+04
1.007533333333333394e+04
9.952666666666666060e+03
9.902000000000000000e+03
1.008900000000000000e+04
1.002433333333333394e+04
9.998333333333333940e+03
9.915666666666666060e+03
9.796000000000000000e+03
9.902333333333333940e+03
1.004200000000000000e+04
9.921000000000000000e+03
9.859666666666666060e+03
1.003066666666666606e+04
9.979666666666666060e+03
9.931000000000000000e+03
9.958333333333333940e+03
9.837666666666666060e+03
1.005733333333333394e+04
9.888000000000000000e+03
9.934000000000000000e+03
1.001666666666666606e+04
1.014900000000000000e+04
9.963333333333333940e+03
1.014033333333333394e+04
9.968000000000000000e+03
9.891000000000000000e+03
1.003333333333333394e+04
1.004233333333333394e+04
9.918666666666666060e+03
1.000533333333333394e+04
9.883666666666666060e+03
9.913666666666666060e+03
1.003600000000000000e+04
1.025333333333333394e+04
9.970333333333333940e+03
9.973666666666666060e+03
1.001633333333333394e+04
1.008700000000000000e+04
1.001333333333333394e+04
1.008700000000000000e+04
1.001633333333333394e+04
9.973666666666666060e+03
9.970333333333333940e+03
1.014033333333333394e+04
1.003600000000000000e+04
9.913666666666666060e+03
9.883666666666666060e+03
1.000533333333333394e+04
9.918666666666666060e+03
1.004233333333333394e+04
1.003333333333333394e+04
9.891000000000000000e+03
9.968000000000000000e+03
9.979666666666666060e+03
9.963333333333333940e+03
1.014900000000000000e+04
1.001666666666666606e+04
9.934000000000000000e+03
9.888000000000000000e+03
1.005733333333333394e+04
9.837666666666666060e+03
9.958333333333333940e+03
9.931000000000000000e+03
1.008900000000000000e+04
1.003066666666666606e+04
9.859666666666666060e+03
9.921000000000000000e+03
1.004200000000000000e+04
9.902333333333333940e+03
9.796000000000000000e+03
9.915666666666666060e+03
9.998333333333333940e+03
1.002433333333333394e+04
9.949333333333333940e+03
9.902000000000000000e+03
9.952666666666666060e+03
1.007533333333333394e+04
1.003466666666666606e+04
9.975666666666666060e+03
1.004466666666666606e+04
9.954000000000000000e+03
1.001766666666666606e+04
1.009700000000000000e+04
1.160000000000000000e+04
9.929666666666666060e+03
9.912000000000000000e+03
1.004266666666666606e+04
1.008666666666666606e+04
9.914666666666666060e+03
1.008666666666666606e+04
1.004266666666666606e+04
9.912000000000000000e+03
9.929666666666666060e+03
9.950000000000000000e+03
9.938666666666666060e+03
1.003100000000000000e+04
1.004966666666666606e+04
9.976333333333333940e+03
1.003866666666666606e+04
9.986000000000000000e+03
1.011233333333333394e+04
9.960666666666666060e+03
9.906666666666666060e+03
1.001800000000000000e+04
1.001466666666666606e+04
1.005833333333333394e+04
9.946000000000000000e+03
9.858666666666666060e+03
9.814666666666666060e+03
1.004600000000000000e+04
9.910333333333333940e+03
9.854666666666666060e+03
1.006133333333333394e+04
9.968000000000000000e+03
9.960000000000000000e+03
9.904333333333333940e+03
9.864000000000000000e+03
1.004200000000000000e+04
9.913333333333333940e+03
9.981333333333333940e+03
1.004566666666666606e+04
1.012866666666666606e+04
1.000166666666666606e+04
1.018400000000000000e+04
9.959000000000000000e+03
9.944000000000000000e+03
1.001533333333333394e+04
1.001033333333333394e+04
9.906666666666666060e+03
1.003366666666666606e+04
9.826000000000000000e+03
9.905333333333333940e+03
9.930333333333333940e+03
1.024466666666666606e+04
9.902333333333333940e+03
1.006166666666666606e+04
1.012966666666666606e+04
9.984000000000000000e+03
1.003066666666666606e+04
9.984000000000000000e+03
1.012966666666666606e+04
1.006166666666666606e+04
9.902333333333333940e+03
1.018400000000000000e+04
9.930333333333333940e+03
9.905333333333333940e+03
9.826000000000000000e+03
1.003366666666666606e+04
9.906666666666666060e+03
1.001033333333333394e+04
1.001533333333333394e+04
9.944000000000000000e+03
9.959000000000000000e+03
9.968000000000000000e+03
1.000166666666666606e+04
1.012866666666666606e+04
1.004566666666666606e+04
9.981333333333333940e+03
9.913333333333333940e+03
1.004200000000000000e+04
9.864000000000000000e+03
9.904333333333333940e+03
9.960000000000000000e+03
1.001800000000000000e+04
1.006133333333333394e+04
9.854666666666666060e+03
9.910333333333333940e+03
1.004600000000000000e+04
9.814666666666666060e+03
9.858666666666666060e+03
9.946000000000000000e+03
1.005833333333333394e+04
1.001466666666666606e+04
9.950000000000000000e+03
9.906666666666666060e+03
9.960666666666666060e+03
1.011233333333333394e+04
9.986000000000000000e+03
1.003866666666666606e+04
9.976333333333333940e+03
1.004966666666666606e+04
1.003100000000000000e+04
9.938666666666666060e+03
1.159133333333333394e+04
9.914666666666666060e+03
9.960333333333333940e+03
1.003833333333333394e+04
1.004866666666666606e+04
9.936666666666666060e+03
1.004866666666666606e+04
1.003833333333333394e+04
9.960333333333333940e+03
9.914666666666666060e+03
9.988000000000000000e+03
9.934333333333333940e+03
9.985000000000000000e+03
1.006633333333333394e+04
9.927666666666666060e+03
9.967000000000000000e+03
1.005033333333333394e+04
1.009166666666666606e+04
9.950000000000000000e+03
9.876666666666666060e+03
1.004200000000000000e+04
9.994333333333333940e+03
9.993333333333333940e+03
1.000166666666666606e+04
9.929333333333333940e+03
9.832000000000000000e+03
1.003433333333333394e+04
9.917333333333333940e+03
9.883666666666666060e+03
1.000900000000000000e+04
1.002500000000000000e+04
9.978666666666666060e+03
9.924666666666666060e+03
9.834000000000000000e+03
9.988333333333333940e+03
9.850000000000000000e+03
9.923000000000000000e+03
1.009266666666666606e+04
1.008700000000000000e+04
1.006066666666666606e+04
1.009766666666666606e+04
9.925666666666666060e+03
1.006533333333333394e+04
9.998000000000000000e+03
1.007033333333333394e+04
9.895666666666666060e+03
9.992666666666666060e+03
9.929333333333333940e+03
9.850333333333333940e+03
9.981666666666666060e+03
1.029200000000000000e+04
9.937666666666666060e+03
9.985000000000000000e+03
1.012300000000000000e+04
1.000766666666666606e+04
1.006000000000000000e+04
1.000766666666666606e+04
1.012300000000000000e+04
9.985000000000000000e+03
9.937666666666666060e+03
1.009766666666666606e+04
9.981666666666666060e+03
9.850333333333333940e+03
9.929333333333333940e+03
9.992666666666666060e+03
9.895666666666666060e+03
1.007033333333333394e+04
9.998000000000000000e+03
1.006533333333333394e+04
9.925666666666666060e+03
1.002500000000000000e+04
1.006066666666666606e+04
1.008700000000000000e+04
1.009266666666666606e+04
9.923000000000000000e+03
9.850000000000000000e+03
9.988333333333333940e+03
9.834000000000000000e+03
9.924666666666666060e+03
9.978666666666666060e+03
1.004200000000000000e+04
1.000900000000000000e+04
9.883666666666666060e+03
9.917333333333333940e+03
1.003433333333333394e+04
9.832000000000000000e+03
9.929333333333333940e+03
1.000166666666666606e+04
9.993333333333333940e+03
9.994333333333333940e+03
9.988000000000000000e+03
9.876666666666666060e+03
9.950000000000000000e+03
1.009166666666666606e+04
1.005033333333333394e+04
9.967000000000000000e+03
9.927666666666666060e+03
1.006633333333333394e+04
9.985000000000000000e+03
9.934333333333333940e+03
1.171533333333333394e+04
9.913000000000000000e+03
9.970000000000000000e+03
1.014200000000000000e+04
1.003900000000000000e+04
9.902666666666666060e+03
1.003900000000000000e+04
1.014200000000000000e+04
9.970000000000000000e+03
9.913000000000000000e+03
9.960333333333333940e+03
9.916333333333333940e+03
1.006566666666666606e+04
1.006433333333333394e+04
9.934000000000000000e+03
9.945666666666666060e+03
1.011233333333333394e+04
1.004700000000000000e+04
9.897666666666666060e+03
9.875000000000000000e+03
9.969333333333333940e+03
1.001566666666666606e+04
9.956666666666666060e+03
1.009866666666666606e+04
9.814666666666666060e+03
9.933000000000000000e+03
9.998000000000000000e+03
9.886666666666666060e+03
9.890666666666666060e+03
1.006333333333333394e+04
9.981000000000000000e+03
9.959333333333333940e+03
9.977333333333333940e+03
9.753666666666666060e+03
9.975000000000000000e+03
9.837333333333333940e+03
9.938666666666666060e+03
1.013800000000000000e+04
1.005266666666666606e+04
1.009433333333333394e+04
1.012333333333333394e+04
9.913000000000000000e+03
1.009033333333333394e+04
9.992333333333333940e+03
1.008833333333333394e+04
9.886333333333333940e+03
9.878666666666666060e+03
9.943333333333333940e+03
9.840000000000000000e+03
9.905000000000000000e+03
1.029000000000000000e+04
9.994666666666666060e+03
1.000766666666666606e+04
1.012566666666666606e+04
9.995333333333333940e+03
1.009133333333333394e+04
9.995333333333333940e+03
1.012566666666666606e+04
1.000766666666666606e+04
9.994666666666666060e+03
1.012333333333333394e+04
9.905000000000000000e+03
9.840000000000000000e+03
9.943333333333333940e+03
9.878666666666666060e+03
9.886333333333333940e+03
1.008833333333333394e+04
9.992333333333333940e+03
1.009033333333333394e+04
9.913000000000000000e+03
9.981000000000000000e+03
1.009433333333333394e+04
1.005266666666666606e+04
1.013800000000000000e+04
9.938666666666666060e+03
9.837333333333333940e+03
9.975000000000000000e+03
9.753666666666666060e+03
9.977333333333333940e+03
9.959333333333333940e+03
9.969333333333333940e+03
1.006333333333333394e+04
9.890666666666666060e+03
9.886666666666666060e+03
9.998000000000000000e+03
9.933000000000000000e+03
9.814666666666666060e+03
1.009866666666666606e+04
9.956666666666666060e+03
1.001566666666666606e+04
9.960333333333333940e+03
9.875000000000000000e+03
9.897666666666666060e+03
1.004700000000000000e+04
1.011233333333333394e+04
9.945666666666666060e+03
9.934000000000000000e+03
1.006433333333333394e+04
1.006566666666666606e+04
9.916333333333333940e+03
1.173666666666666606e+04
9.900333333333333940e+03
1.001666666666666606e+04
1.017366666666666606e+04
1.005400000000000000e+04
9.871333333333333940e+03
1.005400000000000000e+04
1.017366666666666606e+04
1.001666666666666606e+04
9.900333333333333940e+03
9.970000000000000000e+03
9.816000000000000000e+03
1.004800000000000000e+04
1.016833333333333394e+04
9.955333333333333940e+03
9.951333333333333940e+03
1.008866666666666606e+04
9.943333333333333940e+03
9.915000000000000000e+03
9.941666666666666060e+03
9.872000000000000000e+03
9.988333333333333940e+03
9.938333333333333940e+03
1.014900000000000000e+04
9.725666666666666060e+03
1.001633333333333394e+04
1.004100000000000000e+04
9.935000000000000000e+03
9.765333333333333940e+03
1.009733333333333394e+04
9.927333333333333940e+03
9.962333333333333940e+03
1.000700000000000000e+04
9.773333333333333940e+03
9.909666666666666060e+03
9.836666666666666060e+03
9.933000000000000000e+03
1.007633333333333394e+04
1.000833333333333394e+04
1.018066666666666606e+04
1.012933333333333394e+04
9.904666666666666060e+03
1.010000000000000000e+04
9.951333333333333940e+03
1.004866666666666606e+04
9.936333333333333940e+03
9.897000000000000000e+03
9.907000000000000000e+03
9.805000000000000000e+03
9.990666666666666060e+03
1.025000000000000000e+04
9.999333333333333940e+03
1.018466666666666606e+04
9.991666666666666060e+03
1.001533333333333394e+04
1.024933333333333394e+04
1.001533333333333394e+04
9.991666666666666060e+03
1.018466666666666606e+04
9.999333333333333940e+03
1.012933333333333394e+04
9.990666666666666060e+03
9.805000000000000000e+03
9.907000000000000000e+03
9.897000000000000000e+03
9.936333333333333940e+03
1.004866666666666606e+04
9.951333333333333940e+03
1.010000000000000000e+04
9.904666666666666060e+03
9.927333333333333940e+03
1.018066666666666606e+04
1.000833333333333394e+04
1.007633333333333394e+04
9.933000000000000000e+03
9.836666666666666060e+03
9.909666666666666060e+03
9.773333333333333940e+03
1.000700000000000000e+04
9.962333333333333940e+03
9.872000000000000000e+03
1.009733333333333394e+04
9.765333333333333940e+03
9.935000000000000000e+03
1.004100000000000000e+04
1.001633333333333394e+04
9.725666666666666060e+03
1.014900000000000000e+04
9.938333333333333940e+03
9.988333333333333940e+03
9.970000000000000000e+03
9.941666666666666060e+03
9.915000000000000000e+03
9.943333333333333940e+03
1.008866666666666606e+04
9.951333333333333940e+03
9.955333333333333940e+03
1.016833333333333394e+04
1.004800000000000000e+04
9.816000000000000000e+03
1.170866666666666606e+04
9.917000000000000000e+03
1.006800000000000000e+04
1.012900000000000000e+04
9.992333333333333940e+03
9.948000000000000000e+03
9.992333333333333940e+03
1.012900000000000000e+04
1.006800000000000000e+04
9.917000000000000000e+03
9.970666666666666060e+03
9.809666666666666060e+03
1.008866666666666606e+04
1.010533333333333394e+04
1.000633333333333394e+04
1.000566666666666606e+04
1.002733333333333394e+04
9.975666666666666060e+03
9.900666666666666060e+03
9.833333333333333940e+03
1.000433333333333394e+04
9.983333333333333940e+03
9.822333333333333940e+03
1.008000000000000000e+04
9.900666666666666060e+03
9.948333333333333940e+03
1.003666666666666606e+04
9.945000000000000000e+03
9.698333333333333940e+03
1.012800000000000000e+04
9.872666666666666060e+03
9.951666666666666060e+03
1.004966666666666606e+04
9.822333333333333940e+03
9.891666666666666060e+03
9.811000000000000000e+03
1.002233333333333394e+04
1.010100000000000000e+04
1.005666666666666606e+04
1.015400000000000000e+04
1.017066666666666606e+04
9.893666666666666060e+03
1.010566666666666606e+04
9.882333333333333940e+03
1.006400000000000000e+04
9.944333333333333940e+03
9.866000000000000000e+03
9.889333333333333940e+03
9.766000000000000000e+03
9.990000000000000000e+03
1.016333333333333394e+04
9.998666666666666060e+03
1.020266666666666606e+04
1.007566666666666606e+04
1.002800000000000000e+04
1.020666666666666606e+04
1.002800000000000000e+04
1.007566666666666606e+04
1.020266666666666606e+04
9.998666666666666060e+03
1.017066666666666606e+04
9.990000000000000000e+03
9.766000000000000000e+03
9.889333333333333940e+03
9.866000000000000000e+03
9.944333333333333940e+03
1.006400000000000000e+04
9.882333333333333940e+03
1.010566666666666606e+04
9.893666666666666060e+03
9.872666666666666060e+03
1.015400000000000000e+04
1.005666666666666606e+04
1.010100000000000000e+04
1.002233333333333394e+04
9.811000000000000000e+03
9.891666666666666060e+03
9.822333333333333940e+03
1.004966666666666606e+04
9.951666666666666060e+03
1.000433333333333394e+04
1.012800000000000000e+04
9.698333333333333940e+03
9.945000000000000000e+03
1.003666666666666606e+04
9.948333333333333940e+03
9.900666666666666060e+03
1.008000000000000000e+04
9.822333333333333940e+03
9.983333333333333940e+03
9.970666666666666060e+03
9.833333333333333940e+03
9.900666666666666060e+03
9.975666666666666060e+03
1.002733333333333394e+04
1.000566666666666606e+04
1.000633333333333394e+04
1.010533333333333394e+04
1.008866666666666606e+04
9.809666666666666060e+03
1.176333333333333394e+04
9.855000000000000000e+03
9.961666666666666060e+03
1.020666666666666606e+04
9.862666666666666060e+03
9.928000000000000000e+03
9.862666666666666060e+03
1.020666666666666606e+04
9.961666666666666060e+03
9.855000000000000000e+03
9.833333333333333940e+03
9.918333333333333940e+03
1.007200000000000000e+04
1.017500000000000000e+04
1.005766666666666606e+04
9.921666666666666060e+03
1.012133333333333394e+04
9.912666666666666060e+03
9.913333333333333940e+03
9.980333333333333940e+03
9.960333333333333940e+03
9.910000000000000000e+03
1.003466666666666606e+04
9.976666666666666060e+03
9.846666666666666060e+03
1.010733333333333394e+04
9.921333333333333940e+03
1.004066666666666606e+04
9.803666666666666060e+03
1.001566666666666606e+04
9.907666666666666060e+03
9.940333333333333940e+03
1.001033333333333394e+04
9.911666666666666060e+03
9.822333333333333940e+03
9.880333333333333940e+03
9.993333333333333940e+03
1.000233333333333394e+04
1.016400000000000000e+04
1.010700000000000000e+04
9.947000000000000000e+03
9.995333333333333940e+03
1.012533333333333394e+04
9.891333333333333940e+03
1.001966666666666606e+04
9.887000000000000000e+03
1.006300000000000000e+04
9.792000000000000000e+03
9.755333333333333940e+03
1.020000000000000000e+04
1.003466666666666606e+04
1.005466666666666606e+04
1.015633333333333394e+04
9.998000000000000000e+03
9.973666666666666060e+03
1.026066666666666606e+04
9.973666666666666060e+03
9.998000000000000000e+03
1.015633333333333394e+04
1.005466666666666606e+04
9.947000000000000000e+03
1.020000000000000000e+04
9.755333333333333940e+03
9.792000000000000000e+03
1.006300000000000000e+04
9.887000000000000000e+03
1.001966666666666606e+04
9.891333333333333940e+03
1.012533333333333394e+04
9.995333333333333940e+03
9.907666666666666060e+03
1.010700000000000000e+04
1.016400000000000000e+04
1.000233333333333394e+04
9.993333333333333940e+03
9.880333333333333940e+03
9.822333333333333940e+03
9.911666666666666060e+03
1.001033333333333394e+04
9.940333333333333940e+03
9.960333333333333940e+03
1.001566666666666606e+04
9.803666666666666060e+03
1.004066666666666606e+04
9.921333333333333940e+03
1.010733333333333394e+04
9.846666666666666060e+03
9.976666666666666060e+03
1.003466666666666606e+04
9.910000000000000000e+03
9.833333333333333940e+03
9.980333333333333940e+03
9.913333333333333940e+03
9.912666666666666060e+03
1.012133333333333394e+04
9.921666666666666060e+03
1.005766666666666606e+04
1.017500000000000000e+04
1.007200000000000000e+04
9.918333333333333940e+03
