65.54662080000007
65.60132800000005
65.65202560000010
65.70439360000009
65.75777920000006
65.82919680000005
65.88050240000004
65.94105280000005
66.00178560000009
66.06585760000006
66.17003680000009
66.22109280000005
66.28218560000008
66.34191200000005
66.44122080000007
66.48976960000007
66.58444800000007
66.66391200000004
66.75105440000007
66.87200000000006
66.95388480000008
67.05531200000009
67.18990080000005
67.27809120000006
67.38652960000006
67.49404800000006
67.62038400000010
67.73394720000005
67.83809280000008
67.90329760000007
67.95681440000003
68.02432160000006
68.06436160000007
68.06605280000007
