9.879999999999999893e-01
1.212399999999999700e+00
1.137146666666666750e+00
1.160976000000000674e+00
1.116691199999999107e+00
1.118200106666666471e+00
1.081911594666667753e+00
1.246555673599999636e+00
1.250760120320000723e+00
6.227315793920000786e-01
1.066577989154131600e+00
1.175208229587628495e+00
1.201957243748353221e+00
6.902498806669292719e-01
1.389558067683111631e+00
8.004057829016968384e-01
8.395702966819840185e-01
8.491952159167368563e-01
5.942354016798295779e-01
1.005176330353961589e+00
7.222039243831600563e-01
5.840482216928721826e-01
7.222314217725079866e-01
5.645110242711162130e-01
5.705035847867652166e-01
5.381890041159280713e-01
6.070517077224024671e-01
5.486512297508324698e-01
5.740166416816782080e-01
5.955557965087242556e-01
4.764358657285612253e-01
4.520128596128873966e-01
4.714074074074079967e-01
4.714074074074079967e-01
