0.97088340000000
1.22698544000000
1.37272416800000
1.44461760160000
0.83557905696000
1.67647638310400
0.94760144970240
1.03166420825088
1.12027841159066
0.85285809597887
0.94781103407453
0.84774430950801
0.75766139761023
0.60932191503095
0.66954667980765
0.58038743475267
0.54256079402596
0.57456964745099
0.51705499629622
0.52038455273844
0.52666820906756
0.55689292526359
0.57254350903437
0.59491358590126
0.62337318514243
0.64740561352720
0.66701612648975
0.67954530503261
0.69362135565109
0.69536790839384
0.70333636982181
0.71256778720032
0.72037172074867
0.74019197066001
0.76624011743337
0.80556303015811
0.85524745913008
0.91134333577259
0.96053328991578
1.00011292714396
1.02519711088736
1.03872663242304
0.73966978036952
0.99786047736289
0.99786047736289
