0.94914800000000
1.03822740000000
0.91216288000000
0.88814705600000
0.80107418720000
0.77539684864000
0.71094980716800
0.80746013116160
0.79449318766592
0.39909763188275
0.67154629028628
0.74067351081036
0.72270736021933
0.41181868710297
0.83058334688505
0.47895197210910
0.54261932911032
0.56560986024388
0.42163595858056
0.70253965962295
0.52509514633250
0.44032133791217
0.61800305270975
0.53589157548890
0.58992837300424
0.54375543175890
0.59965774603246
0.54788419629856
0.61672539693179
0.69032271864607
0.59267601733668
0.53871577455264
0.64361088888889
0.64361088888889
