0.97095200000000
1.22468800000000
1.37075680000000
1.44110976000000
0.83429465600000
1.67489181440000
0.94761091264000
1.02760176396800
1.11488573532160
0.84879646657195
0.94549125802394
0.84715695868938
0.75845846435317
0.60930103304353
0.66979507294487
0.58154223870931
0.54359079379996
0.57554138133639
0.51622904134795
0.51968283408004
0.52599240442685
0.55656141592103
0.57266009413143
0.59626594668102
0.62599972072324
0.64953045676537
0.66971508882031
0.67996165343485
0.69307994658703
0.69339174692555
0.70179262707469
0.71193748609262
0.72185710179236
0.74233569432913
0.76715085272712
0.80363359038408
0.85465748669483
0.90869175228013
0.95823864078890
0.99707910992370
1.02286062895321
1.03971080102853
0.73489101249964
1.00666097782964
1.00666097782964
