1.00000000000000
0.30812200000000
0.35055400000000
0.18130200000000
0.22973000000000
0.16979800000000
0.08310200000000
0.06214000000000
0.05033200000000
0.03889000000000
0.07457800000000
0.02401800000000
0.01711000000000
0.04484000000000
0.00841400000000
0.03117600000000
0.00158000000000
0.02002200000000
0.01565600000000
0.01153000000000
-0.00372200000000
0.00560000000000
-0.00212600000000
0.00166600000000
0.00037600000000
-0.00060200000000
0.00066400000000
0.00073400000000
0.00021800000000
-0.00015400000000
-0.00007400000000
0.00048200000000
-0.00080800000000
-0.00000000000000
0.00029400000000
0.00039200000000
0.00050000000000
0.00130600000000
-0.00118000000000
-0.00025200000000
-0.00061600000000
-0.00216200000000
-0.00006000000000
0.00102000000000
-0.00199400000000
