0.82178579000000
0.77652640000000
0.73700810000000
0.71105151000000
0.68852043000000
0.65686501000000
0.64512329000000
0.62626272000000
0.61213314000000
0.60109133000000
0.58822903000000
0.57836801000000
0.56794964000000
0.55765273000000
0.54614300000000
0.53649615000000
0.52566823000000
0.51381800000000
0.50200039000000
0.48750629000000
0.47162986000000
0.45393680000000
0.43490270000000
0.41380438000000
0.39083869000000
0.36633906000000
0.34032375000000
0.31302804000000
0.28456583000000
0.25546940000000
0.22558630000000
0.19562328000000
0.16590976000000
0.13658153000000
0.10842995000000
0.08193299000000
0.05805721000000
0.03764000000000
0.02161707000000
0.01042317000000
0.00392540000000
0.00104179000000
0.00017126000000
0.00001483000000
0.00000062000000
