8.243333333333332513e-01
7.801333333333332343e-01
7.398333333333333428e-01
7.134333333333332527e-01
6.908666666666666289e-01
6.735000000000000986e-01
6.588333333333333819e-01
6.469333333333332492e-01
6.366000000000000547e-01
6.278666666666666840e-01
6.138666666666666716e-01
6.083999999999999408e-01
6.037333333333333441e-01
5.987000000000000099e-01
5.907333333333334435e-01
5.872000000000000552e-01
5.810666666666667313e-01
5.765666666666665607e-01
5.719666666666666233e-01
5.648999999999999577e-01
5.603000000000000203e-01
5.538333333333333997e-01
5.459333333333332705e-01
5.401666666666665728e-01
5.347666666666666124e-01
5.307666666666666089e-01
5.247666666666667146e-01
5.181333333333333346e-01
5.112999999999999767e-01
5.048000000000000265e-01
4.989333333333332843e-01
4.915333333333333776e-01
4.843333333333332824e-01
4.772333333333333427e-01
