0.82175250000000
0.77650910000000
0.73702850000000
0.71104040000000
0.68847270000000
0.65674330000000
0.64506730000000
0.62627350000000
0.61220420000000
0.60117070000000
0.58836670000000
0.57854900000000
0.56820520000000
0.55797120000000
0.54648480000000
0.53676490000000
0.52581780000000
0.51400320000000
0.50223090000000
0.48766970000000
0.47176420000000
0.45412710000000
0.43514520000000
0.41399310000000
0.39095620000000
0.36653820000000
0.34045770000000
0.31316040000000
0.28471150000000
0.25567910000000
0.22583060000000
0.19588640000000
0.16621860000000
0.13687130000000
0.10869890000000
0.08216120000000
0.05814460000000
0.03782580000000
0.02181100000000
0.01055670000000
0.00397290000000
0.00105400000000
0.00017030000000
0.00001600000000
0.00000050000000
