0.48540140000000
0.43341260000000
0.40243260000000
0.38853960000000
0.37901500000000
0.37271180000000
0.36757160000000
0.36344560000000
0.35968940000000
0.35632260000000
0.35009140000000
0.34719520000000
0.34438680000000
0.34166980000000
0.33638840000000
0.33383000000000
0.32884140000000
0.32403100000000
0.31930520000000
0.31243900000000
0.30796800000000
0.30152740000000
0.29314900000000
0.28709500000000
0.27931720000000
0.27196100000000
0.26316900000000
0.25472060000000
0.24520180000000
0.23613920000000
0.22763540000000
0.21692540000000
0.20696400000000
0.19654200000000
