1.00000000000000
1.97088340000000
3.19786884000000
4.57059300800000
6.01521060960000
7.68636872352000
9.36284510662400
11.25804800602880
13.32137642253056
15.56193324571187
18.12050753364849
20.96394063587207
24.35491787390411
28.14322486195523
32.40847826717187
37.09530502582541
42.31879193859945
48.28696067288496
55.18179644229689
63.45467638303638
73.34198288506664
85.45535169362061
100.49146067573743
119.38539647387162
143.18193990992179
173.10385279675864
210.65337838133613
257.34450723561901
315.10585816339102
385.85523643980196
472.08085708063862
576.87797618408831
704.42761009294543
860.74827349540658
1053.93837783767094
1296.07025494661525
1602.98976943685739
1996.40360063669482
2501.28780865471026
3144.84511289828060
3952.93635803059897
4952.50354114577476
6174.04606087527372
7224.37714899999810
8934.71000720000120
