1.00000000000000
1.97095200000000
3.19564000000000
4.56639680000000
6.00750656000000
7.67609587200000
9.35098768640000
11.24620951168000
13.30141303961599
15.53118451025920
18.07757390997504
20.91404768404685
24.30267551880438
28.09496784057025
32.36007507187493
37.04864058248904
42.28252073087278
48.26201946267234
55.16851603870903
63.42818070027628
73.30215454779706
85.39997984961468
100.42713807948238
119.32492118581939
143.17555905306034
173.22354564777595
210.89631214016728
257.77636835758864
315.57310889955124
386.26726345142794
472.24784007019582
576.81494150432479
704.25175151490407
860.89474260384554
1054.64435882375028
1297.06402828551927
1603.24842622185383
1996.39087010147477
2499.80610086466640
3141.82599019322697
3947.46591101157992
4944.75502424096157
6167.45492625050520
7211.00016400000004
8936.41707999999926
