1.000000000000000000e+00
1.987999999999999989e+00
3.200399999999999689e+00
4.337546666666666439e+00
5.498522666666667114e+00
6.615213866666666220e+00
7.733413973333332692e+00
8.815325568000000445e+00
1.006188124160000008e+01
1.131264136192000080e+01
1.255810452070400096e+01
1.362468250985813256e+01
1.479989073944576106e+01
1.600184798319411428e+01
1.738234774452797282e+01
1.877190581221108445e+01
2.037271737801447813e+01
2.205185797137844617e+01
2.375024840321191988e+01
2.553295460825140850e+01
2.754330726895933168e+01
2.970991904210881174e+01
3.204611192888030047e+01
3.421280619419782454e+01
3.647085029128228939e+01
3.875286463042935026e+01
4.144380965100899061e+01
4.447906818962100317e+01
4.777097556812599777e+01
5.121507541821606679e+01
5.478841019726841211e+01
5.859989712309690191e+01
6.221600000000000108e+01
6.645866666666667300e+01
