1.00000000000000
1.94914800000000
2.98737540000000
3.89953828000000
4.78768533600000
5.58875952320000
6.36415637184000
7.07510617900800
7.88256631016960
8.67705949783552
9.47525476160103
10.14680105188731
10.88747456269767
11.61018192291699
12.43381929712293
13.26440264400799
14.22230658822618
15.30754524644683
16.43876496693460
17.70367284267629
19.10875216192218
20.68403760091969
22.44532295256838
24.29933211069762
26.44289841265320
28.80261190467017
31.52138906346467
34.51967779362697
37.80698297141833
41.50733535300905
45.64927166488550
50.39067980357891
54.70040599999999
60.49290399999999
