1.000000000000000000e+00
1.933000000000000052e+00
3.156000000000000139e+00
4.190999999999999837e+00
5.488000000000000433e+00
7.475999999999999979e+00
8.297000000000000597e+00
1.004700000000000060e+01
1.190300000000000047e+01
1.338499999999999979e+01
1.524799999999999933e+01
1.723600000000000065e+01
1.975300000000000011e+01
2.253000000000000114e+01
2.666600000000000037e+01
3.085399999999999920e+01
3.542000000000000171e+01
4.089200000000000301e+01
4.799799999999999756e+01
5.743399999999999750e+01
6.697499999999999432e+01
8.204999999999999716e+01
9.742700000000000671e+01
1.182620000000000005e+02
1.482560000000000002e+02
1.780039999999999907e+02
2.211260000000000048e+02
2.687339999999999804e+02
3.221940000000000168e+02
3.880550000000000068e+02
4.762679999999999723e+02
5.894059999999999491e+02
7.208769999999999527e+02
9.214519999999999982e+02
1.166144000000000005e+03
1.465320999999999913e+03
1.838226000000000113e+03
2.305885999999999967e+03
2.816731999999999971e+03
3.493570000000000164e+03
4.320587999999999738e+03
5.253819999999999709e+03
6.427037999999999556e+03
7.799265000000000327e+03
9.342197000000000116e+03
