1.000000000000000000e+00
1.961999999999999966e+00
3.001999999999999780e+00
4.083000000000000185e+00
5.171999999999999709e+00
7.379999999999999893e+00
8.377000000000000668e+00
1.021299999999999919e+01
1.199900000000000055e+01
1.394899999999999984e+01
1.700400000000000134e+01
2.020899999999999963e+01
2.399800000000000111e+01
2.906599999999999895e+01
3.574799999999999756e+01
4.192799999999999727e+01
5.057200000000000273e+01
6.007800000000000296e+01
7.138599999999999568e+01
8.829800000000000182e+01
1.073979999999999961e+02
1.320500000000000114e+02
1.610420000000000016e+02
1.966440000000000055e+02
2.314600000000000080e+02
2.786059999999999945e+02
3.334519999999999982e+02
4.049800000000000182e+02
4.876480000000000246e+02
5.782350000000000136e+02
6.928769999999999527e+02
8.547799999999999727e+02
1.035443999999999960e+03
1.228387999999999920e+03
1.506250999999999976e+03
1.837306000000000040e+03
2.231831999999999880e+03
2.698016000000000076e+03
3.270215999999999894e+03
4.053438000000000102e+03
4.889677999999999884e+03
5.908414999999999964e+03
7.037233000000000175e+03
8.467789000000000669e+03
1.019299599999999919e+04
