1.000000000000000000e+00
1.879999999999999893e+00
2.767999999999999794e+00
3.895999999999999908e+00
5.120000000000000107e+00
7.096000000000000085e+00
8.240000000000000213e+00
1.075999999999999979e+01
1.278800000000000026e+01
1.515600000000000058e+01
1.877599999999999980e+01
2.278399999999999892e+01
2.730799999999999983e+01
3.324000000000000199e+01
4.087599999999999767e+01
4.656799999999999784e+01
5.351599999999999824e+01
6.232000000000000028e+01
7.654399999999999693e+01
9.076000000000000512e+01
1.078559999999999945e+02
1.318720000000000141e+02
1.565240000000000009e+02
1.890800000000000125e+02
2.308799999999999955e+02
2.714639999999999986e+02
3.496879999999999882e+02
4.177679999999999723e+02
5.337880000000000109e+02
6.475119999999999436e+02
7.234640000000000555e+02
8.515199999999999818e+02
1.030839999999999918e+03
1.226880000000000109e+03
1.505223999999999933e+03
1.761175999999999931e+03
2.173711999999999989e+03
2.678112000000000080e+03
3.082807999999999993e+03
3.766327999999999975e+03
4.700256000000000313e+03
5.672695999999999913e+03
6.743743999999999687e+03
8.012960000000000036e+03
1.008187199999999939e+04
