1.000000000000000000e+00
2.064000000000000057e+00
3.295999999999999819e+00
4.631999999999999673e+00
5.703999999999999737e+00
8.160000000000000142e+00
9.211999999999999744e+00
1.166799999999999926e+01
1.370800000000000018e+01
1.634400000000000119e+01
1.981599999999999895e+01
2.328399999999999892e+01
2.737999999999999901e+01
3.218399999999999750e+01
3.964399999999999835e+01
4.800000000000000000e+01
5.626400000000000290e+01
6.624800000000000466e+01
7.394400000000000261e+01
9.000000000000000000e+01
1.086520000000000010e+02
1.309039999999999964e+02
1.655560000000000116e+02
1.944399999999999977e+02
2.248160000000000025e+02
2.656720000000000255e+02
3.159519999999999982e+02
3.919200000000000159e+02
5.085559999999999832e+02
6.088079999999999927e+02
7.341920000000000073e+02
9.025040000000000191e+02
1.084468000000000075e+03
1.324087999999999965e+03
1.589912000000000035e+03
1.972615999999999985e+03
2.305871999999999844e+03
2.668760000000000218e+03
3.273264000000000124e+03
3.828023999999999887e+03
4.789087999999999738e+03
5.683136000000000422e+03
6.794775999999999840e+03
8.242959999999999127e+03
1.006764799999999923e+04
