1.000000000000000000e+00
1.961999999999999966e+00
2.979999999999999982e+00
3.948999999999999844e+00
4.903999999999999915e+00
6.996000000000000441e+00
8.070999999999999730e+00
1.016499999999999915e+01
1.190799999999999947e+01
1.380100000000000016e+01
1.674399999999999977e+01
1.983699999999999974e+01
2.356299999999999883e+01
2.832999999999999829e+01
3.530899999999999750e+01
4.142999999999999972e+01
5.061399999999999721e+01
5.973799999999999955e+01
7.116599999999999682e+01
8.656999999999999318e+01
1.062409999999999997e+02
1.295380000000000109e+02
1.555500000000000114e+02
1.883640000000000043e+02
2.306299999999999955e+02
2.763620000000000232e+02
3.358279999999999745e+02
4.031059999999999945e+02
4.856220000000000141e+02
5.818609999999999900e+02
7.027889999999999873e+02
8.530099999999999909e+02
1.025880000000000109e+03
1.244236000000000104e+03
1.492127999999999929e+03
1.804192000000000007e+03
2.170079999999999927e+03
2.662925999999999931e+03
3.217619999999999891e+03
3.874811999999999898e+03
4.741869999999999891e+03
5.797516999999999825e+03
7.025795000000000073e+03
8.529760000000000218e+03
1.010721199999999953e+04
