1.000000000000000000e+00
1.973999999999999977e+00
3.001999999999999780e+00
3.983000000000000096e+00
4.993999999999999773e+00
6.919999999999999929e+00
7.913000000000000256e+00
1.002999999999999936e+01
1.176800000000000068e+01
1.412500000000000000e+01
1.723400000000000176e+01
2.030600000000000094e+01
2.428200000000000003e+01
2.846399999999999864e+01
3.556600000000000250e+01
4.229800000000000182e+01
5.132000000000000028e+01
6.097399999999999665e+01
7.153600000000000136e+01
8.604000000000000625e+01
1.061410000000000053e+02
1.286339999999999861e+02
1.572119999999999891e+02
1.893619999999999948e+02
2.274960000000000093e+02
2.689340000000000259e+02
3.302339999999999804e+02
3.971379999999999768e+02
4.819590000000000032e+02
5.921609999999999445e+02
7.044769999999999754e+02
8.520940000000000509e+02
1.042346000000000004e+03
1.267304000000000087e+03
1.529511999999999944e+03
1.838390000000000100e+03
2.276960000000000036e+03
2.747590000000000146e+03
3.303476000000000113e+03
3.928965999999999894e+03
4.798912000000000262e+03
5.849023000000000138e+03
7.070913999999999760e+03
8.356519000000000233e+03
9.764661000000000058e+03
