1.000000000000000000e+00
1.927999999999999936e+00
3.008000000000000007e+00
4.155999999999999694e+00
5.376000000000000334e+00
8.103999999999999204e+00
9.320000000000000284e+00
1.259999999999999964e+01
1.582399999999999984e+01
1.841199999999999903e+01
2.258399999999999963e+01
2.611599999999999966e+01
3.079599999999999937e+01
3.475999999999999801e+01
4.129200000000000159e+01
4.804800000000000182e+01
5.716400000000000148e+01
6.498399999999999466e+01
7.118399999999999750e+01
8.213599999999999568e+01
9.353600000000000136e+01
1.079839999999999947e+02
1.309399999999999977e+02
1.528240000000000123e+02
1.689439999999999884e+02
1.971279999999999859e+02
2.379840000000000089e+02
2.784879999999999995e+02
3.268919999999999959e+02
3.804639999999999986e+02
4.781320000000000050e+02
5.687039999999999509e+02
6.967039999999999509e+02
8.416159999999999854e+02
1.042107999999999947e+03
1.352491999999999962e+03
1.613720000000000027e+03
1.905208000000000084e+03
2.327360000000000127e+03
2.786688000000000102e+03
3.412952000000000226e+03
4.403652000000000044e+03
5.190104000000000269e+03
6.245796000000000276e+03
7.659572000000000116e+03
