1.000000000000000000e+00
1.989999999999999991e+00
3.001999999999999780e+00
4.054000000000000270e+00
5.064000000000000057e+00
7.200000000000000178e+00
8.247999999999999332e+00
1.038899999999999935e+01
1.244599999999999973e+01
1.441999999999999993e+01
1.717800000000000082e+01
2.037600000000000122e+01
2.408599999999999852e+01
2.972400000000000020e+01
3.664399999999999835e+01
4.321000000000000085e+01
5.319500000000000028e+01
6.434000000000000341e+01
7.406399999999999295e+01
9.141200000000000614e+01
1.129579999999999984e+02
1.371659999999999968e+02
1.653859999999999957e+02
1.968600000000000136e+02
2.484379999999999882e+02
2.947880000000000109e+02
3.592699999999999818e+02
4.234399999999999977e+02
5.128479999999999563e+02
6.189840000000000373e+02
7.406630000000000109e+02
9.081979999999999791e+02
1.091013999999999896e+03
1.276844000000000051e+03
1.504810999999999922e+03
1.863231999999999971e+03
2.210489999999999782e+03
2.637472000000000207e+03
3.222945999999999913e+03
3.865291999999999916e+03
4.651420000000000073e+03
5.698644000000000233e+03
6.896978000000000065e+03
8.485683000000000902e+03
1.000091200000000026e+04
