1.000000000000000000e+00
1.961999999999999966e+00
2.947999999999999954e+00
3.987999999999999989e+00
4.908000000000000362e+00
6.975999999999999979e+00
7.955000000000000071e+00
1.038199999999999967e+01
1.218299999999999983e+01
1.427599999999999980e+01
1.716400000000000148e+01
1.991100000000000136e+01
2.339399999999999835e+01
2.828600000000000136e+01
3.547699999999999676e+01
4.231400000000000006e+01
5.178699999999999903e+01
6.283800000000000097e+01
7.386199999999999477e+01
8.882800000000000296e+01
1.102150000000000034e+02
1.346939999999999884e+02
1.567959999999999923e+02
1.882520000000000095e+02
2.310140000000000100e+02
2.801580000000000155e+02
3.326139999999999759e+02
4.096820000000000164e+02
4.999719999999999800e+02
6.082150000000000318e+02
7.421330000000000382e+02
8.781319999999999482e+02
1.068719000000000051e+03
1.267395999999999958e+03
1.547155999999999949e+03
1.836999000000000024e+03
2.234940000000000055e+03
2.704382000000000062e+03
3.291135999999999967e+03
4.055623999999999796e+03
4.944840000000000146e+03
5.919457999999999629e+03
7.194992000000000189e+03
8.383201999999999316e+03
1.018135000000000036e+04
