1.000000000000000000e+00
1.897000000000000020e+00
2.990000000000000213e+00
4.051000000000000156e+00
5.322000000000000064e+00
7.394000000000000128e+00
8.185999999999999943e+00
9.955000000000000071e+00
1.157399999999999984e+01
1.308600000000000030e+01
1.545800000000000018e+01
1.728699999999999903e+01
1.972800000000000153e+01
2.271999999999999886e+01
2.686400000000000077e+01
3.035999999999999943e+01
3.503600000000000136e+01
4.103000000000000114e+01
4.728199999999999648e+01
5.582600000000000051e+01
6.542900000000000205e+01
7.737600000000000477e+01
9.450199999999999534e+01
1.163419999999999987e+02
1.392299999999999898e+02
1.747940000000000111e+02
2.087719999999999914e+02
2.575960000000000036e+02
3.152010000000000218e+02
3.865249999999999773e+02
4.799370000000000118e+02
5.690900000000000318e+02
7.124370000000000118e+02
8.825539999999999736e+02
1.100029999999999973e+03
1.390650000000000091e+03
1.778102000000000089e+03
2.252485999999999876e+03
2.844869999999999891e+03
3.463791999999999916e+03
4.291101999999999862e+03
5.212118000000000393e+03
6.355965000000000146e+03
7.824761000000000422e+03
9.481283999999999651e+03
