1.000000000000000000e+00
1.983999999999999986e+00
3.192000000000000171e+00
4.211999999999999744e+00
5.543999999999999595e+00
8.016000000000000014e+00
9.151999999999999247e+00
1.122799999999999976e+01
1.389600000000000080e+01
1.669200000000000017e+01
2.040800000000000125e+01
2.344800000000000040e+01
2.816799999999999926e+01
3.384000000000000341e+01
4.008400000000000318e+01
4.643999999999999773e+01
5.320000000000000284e+01
6.013600000000000279e+01
6.650400000000000489e+01
7.976800000000000068e+01
8.978799999999999670e+01
1.039599999999999937e+02
1.169159999999999968e+02
1.377599999999999909e+02
1.566879999999999882e+02
1.875759999999999934e+02
2.125519999999999925e+02
2.474480000000000075e+02
2.983559999999999945e+02
3.862239999999999895e+02
4.707040000000000077e+02
5.415119999999999436e+02
7.027440000000000282e+02
8.726720000000000255e+02
1.049720000000000027e+03
1.318036000000000058e+03
1.613384000000000015e+03
1.837359999999999900e+03
2.198824000000000069e+03
2.607800000000000182e+03
3.163608000000000175e+03
3.920831999999999880e+03
4.868644000000000233e+03
5.826551999999999680e+03
7.259707999999999629e+03
