1.000000000000000000e+00
1.943999999999999950e+00
3.072000000000000064e+00
4.115999999999999659e+00
5.224000000000000199e+00
8.007999999999999119e+00
9.147999999999999687e+00
1.164400000000000013e+01
1.430000000000000071e+01
1.657600000000000051e+01
2.019999999999999929e+01
2.319200000000000017e+01
2.604799999999999827e+01
3.102400000000000091e+01
3.685199999999999676e+01
4.258400000000000318e+01
5.141199999999999903e+01
5.810399999999999920e+01
6.678400000000000603e+01
7.738400000000000034e+01
8.870399999999999352e+01
9.981600000000000250e+01
1.145799999999999983e+02
1.273280000000000030e+02
1.505680000000000121e+02
1.720480000000000018e+02
2.003120000000000118e+02
2.382319999999999993e+02
2.772880000000000109e+02
3.453639999999999759e+02
4.207919999999999732e+02
5.045760000000000218e+02
6.241760000000000446e+02
7.531359999999999673e+02
9.909560000000000173e+02
1.173996000000000095e+03
1.326592000000000098e+03
1.669096000000000004e+03
1.986031999999999925e+03
2.433480000000000018e+03
2.954135999999999967e+03
3.620364000000000033e+03
4.592460000000000036e+03
5.867171999999999571e+03
7.767631999999999607e+03
