1.000000000000000000e+00
2.008000000000000007e+00
3.120000000000000107e+00
4.216000000000000192e+00
5.104000000000000092e+00
6.959999999999999964e+00
8.115999999999999659e+00
9.551999999999999602e+00
1.183200000000000074e+01
1.340799999999999947e+01
1.616799999999999926e+01
1.910399999999999920e+01
2.322400000000000020e+01
2.940800000000000125e+01
3.662400000000000233e+01
4.362400000000000233e+01
5.284799999999999898e+01
6.512000000000000455e+01
7.906399999999999295e+01
9.723999999999999488e+01
1.154599999999999937e+02
1.409199999999999875e+02
1.650600000000000023e+02
1.976719999999999970e+02
2.311359999999999957e+02
2.791039999999999850e+02
3.435679999999999836e+02
3.995919999999999845e+02
4.924959999999999809e+02
6.216920000000000073e+02
7.587119999999999891e+02
8.815119999999999436e+02
1.027127999999999929e+03
1.294056000000000040e+03
1.578428000000000111e+03
2.006531999999999925e+03
2.437568000000000211e+03
3.017072000000000116e+03
3.667664000000000215e+03
4.408952000000000226e+03
5.241920000000000073e+03
6.296391999999999825e+03
7.506792000000000371e+03
8.978476000000000568e+03
1.086842000000000007e+04
