1.000000000000000000e+00
2.044000000000000039e+00
2.975999999999999979e+00
4.080000000000000071e+00
5.056000000000000050e+00
7.567999999999999616e+00
8.599999999999999645e+00
1.040399999999999991e+01
1.232000000000000028e+01
1.429199999999999982e+01
1.754400000000000048e+01
2.069999999999999929e+01
2.461599999999999966e+01
3.068799999999999883e+01
3.989999999999999858e+01
4.688799999999999812e+01
5.507600000000000051e+01
6.771200000000000330e+01
7.811199999999999477e+01
9.705599999999999739e+01
1.163479999999999990e+02
1.416800000000000068e+02
1.685999999999999943e+02
1.993839999999999861e+02
2.397040000000000077e+02
2.810640000000000214e+02
3.356720000000000255e+02
4.118000000000000114e+02
4.899599999999999795e+02
5.930560000000000400e+02
7.187599999999999909e+02
8.350879999999999654e+02
1.030051999999999907e+03
1.241192000000000007e+03
1.435220000000000027e+03
1.768132000000000062e+03
2.139360000000000127e+03
2.507911999999999807e+03
3.089576000000000022e+03
3.923351999999999862e+03
4.865640000000000327e+03
5.729431999999999789e+03
6.974984000000000378e+03
8.482512000000000626e+03
9.740291999999999462e+03
