1.000000000000000000e+00
1.931999999999999940e+00
2.847999999999999865e+00
3.971999999999999975e+00
4.943999999999999950e+00
6.767999999999999794e+00
7.783999999999999808e+00
1.031199999999999939e+01
1.233999999999999986e+01
1.401999999999999957e+01
1.731200000000000117e+01
2.063200000000000145e+01
2.438800000000000168e+01
2.983999999999999986e+01
3.823199999999999932e+01
4.353600000000000136e+01
5.387199999999999989e+01
6.317600000000000193e+01
7.378400000000000603e+01
9.004000000000000625e+01
1.109360000000000070e+02
1.299600000000000080e+02
1.563799999999999955e+02
1.918319999999999936e+02
2.384240000000000066e+02
2.951200000000000045e+02
3.659440000000000168e+02
4.292640000000000100e+02
5.197920000000000300e+02
6.237319999999999709e+02
7.533319999999999936e+02
9.047359999999999900e+02
1.031788000000000011e+03
1.247503999999999905e+03
1.506208000000000084e+03
1.921140000000000100e+03
2.213903999999999996e+03
2.690231999999999971e+03
3.249672000000000025e+03
3.924239999999999782e+03
4.819328000000000429e+03
6.122783999999999651e+03
7.349764000000000124e+03
8.610932000000000698e+03
1.036185200000000077e+04
