1.000000000000000000e+00
1.951999999999999957e+00
3.192000000000000171e+00
4.219000000000000306e+00
5.243999999999999773e+00
7.088000000000000078e+00
7.937000000000000277e+00
9.775000000000000355e+00
1.131300000000000061e+01
1.245199999999999996e+01
1.441600000000000037e+01
1.683099999999999952e+01
1.887999999999999901e+01
2.156599999999999895e+01
2.489600000000000080e+01
2.799599999999999866e+01
3.303499999999999659e+01
3.796000000000000085e+01
4.521999999999999886e+01
5.365800000000000125e+01
6.503499999999999659e+01
8.053400000000000603e+01
9.669199999999999307e+01
1.163700000000000045e+02
1.451380000000000052e+02
1.799559999999999889e+02
2.212680000000000007e+02
2.706440000000000055e+02
3.255430000000000064e+02
3.861840000000000259e+02
4.708500000000000227e+02
5.764180000000000064e+02
7.221209999999999809e+02
9.049759999999999991e+02
1.148692999999999984e+03
1.425625000000000000e+03
1.821039999999999964e+03
2.225461999999999989e+03
2.743248000000000047e+03
3.405572000000000116e+03
4.215902000000000044e+03
5.182634000000000015e+03
6.418542000000000371e+03
7.734155999999999949e+03
9.483614999999999782e+03
