1.000000000000000000e+00
2.028999999999999915e+00
3.129999999999999893e+00
4.125000000000000000e+00
5.168000000000000149e+00
7.330000000000000071e+00
8.284000000000000696e+00
1.041399999999999970e+01
1.236100000000000065e+01
1.453500000000000014e+01
1.711400000000000077e+01
2.001300000000000168e+01
2.402400000000000091e+01
2.931400000000000006e+01
3.591100000000000136e+01
4.297200000000000131e+01
5.329099999999999682e+01
6.590800000000000125e+01
7.894199999999999307e+01
9.421800000000000352e+01
1.107079999999999984e+02
1.321459999999999866e+02
1.581289999999999907e+02
1.913640000000000043e+02
2.301380000000000052e+02
2.811700000000000159e+02
3.348759999999999764e+02
4.097400000000000091e+02
5.014879999999999995e+02
6.090270000000000437e+02
7.295990000000000464e+02
8.584779999999999518e+02
1.041194999999999936e+03
1.261087999999999965e+03
1.530826999999999998e+03
1.845818999999999960e+03
2.209849999999999909e+03
2.677038000000000011e+03
3.219429999999999836e+03
3.887244000000000142e+03
4.660619999999999891e+03
5.768904999999999745e+03
6.887949999999999818e+03
8.352219999999999345e+03
9.941677999999999884e+03
