1.000000000000000000e+00
2.016999999999999904e+00
3.008000000000000007e+00
4.107999999999999652e+00
5.126000000000000334e+00
7.190000000000000391e+00
8.279999999999999361e+00
1.025900000000000034e+01
1.230100000000000016e+01
1.445700000000000074e+01
1.753600000000000136e+01
2.071300000000000097e+01
2.444699999999999918e+01
2.899200000000000088e+01
3.543200000000000216e+01
4.327600000000000335e+01
5.347200000000000131e+01
6.378600000000000136e+01
7.543800000000000239e+01
9.163400000000000034e+01
1.111880000000000024e+02
1.330819999999999936e+02
1.635310000000000059e+02
1.946920000000000073e+02
2.334099999999999966e+02
2.824060000000000059e+02
3.377139999999999986e+02
4.113000000000000114e+02
4.920910000000000082e+02
5.881939999999999600e+02
7.155049999999999955e+02
8.688400000000000318e+02
1.041236000000000104e+03
1.257413999999999987e+03
1.508578999999999951e+03
1.784468000000000075e+03
2.182291999999999916e+03
2.685322000000000116e+03
3.199449999999999818e+03
3.859565999999999804e+03
4.698020000000000437e+03
5.652145999999999731e+03
6.834570999999999913e+03
8.271415000000000873e+03
9.868602000000000771e+03
