1.000000000000000000e+00
2.032000000000000028e+00
3.286000000000000032e+00
4.334999999999999964e+00
5.448000000000000398e+00
7.233999999999999986e+00
8.077999999999999403e+00
1.000900000000000034e+01
1.155899999999999928e+01
1.307199999999999918e+01
1.541799999999999926e+01
1.745799999999999841e+01
2.049399999999999977e+01
2.374399999999999977e+01
2.723199999999999932e+01
3.081800000000000139e+01
3.637400000000000233e+01
4.310399999999999920e+01
5.051800000000000068e+01
5.857000000000000028e+01
6.929500000000000171e+01
8.244799999999999329e+01
9.983899999999999864e+01
1.218859999999999957e+02
1.487460000000000093e+02
1.775099999999999909e+02
2.213760000000000048e+02
2.749420000000000073e+02
3.315860000000000127e+02
4.036589999999999918e+02
4.824909999999999854e+02
5.986539999999999964e+02
7.452939999999999827e+02
9.179560000000000173e+02
1.135396999999999935e+03
1.406253999999999905e+03
1.813885999999999967e+03
2.346434000000000196e+03
2.968018000000000029e+03
3.630076000000000022e+03
4.487731999999999971e+03
5.463051999999999680e+03
6.742225999999999658e+03
8.262352999999999156e+03
1.000359300000000076e+04
