1.000000000000000000e+00
2.088000000000000078e+00
3.048000000000000043e+00
4.136000000000000121e+00
5.240000000000000213e+00
7.440000000000000391e+00
8.896000000000000796e+00
1.122799999999999976e+01
1.307600000000000051e+01
1.477599999999999980e+01
1.916000000000000014e+01
2.293599999999999994e+01
2.783999999999999986e+01
3.391199999999999903e+01
4.287599999999999767e+01
4.961599999999999966e+01
5.768800000000000239e+01
7.015200000000000102e+01
8.256799999999999784e+01
1.013679999999999950e+02
1.217600000000000051e+02
1.458000000000000114e+02
1.715039999999999907e+02
2.063199999999999932e+02
2.465600000000000023e+02
2.983999999999999773e+02
3.498240000000000123e+02
4.185600000000000023e+02
4.889759999999999991e+02
6.051760000000000446e+02
7.183400000000000318e+02
8.586639999999999873e+02
1.050364000000000033e+03
1.273519999999999982e+03
1.577107999999999947e+03
1.848119999999999891e+03
2.241576000000000022e+03
2.714143999999999778e+03
3.347135999999999967e+03
4.051815999999999804e+03
4.721528000000000247e+03
5.786264000000000124e+03
7.061307999999999993e+03
8.572615999999999985e+03
1.033871199999999953e+04
