1.000000000000000000e+00
2.028000000000000025e+00
3.311999999999999833e+00
4.580000000000000071e+00
5.895999999999999908e+00
8.007999999999999119e+00
9.032000000000000028e+00
1.150799999999999912e+01
1.377599999999999980e+01
1.648799999999999955e+01
2.083999999999999986e+01
2.316000000000000014e+01
2.757199999999999918e+01
3.317600000000000193e+01
3.892399999999999949e+01
4.494400000000000261e+01
5.152000000000000313e+01
5.790400000000000347e+01
6.440800000000000125e+01
7.429600000000000648e+01
8.484000000000000341e+01
9.521599999999999397e+01
1.123760000000000048e+02
1.281200000000000045e+02
1.496879999999999882e+02
1.801680000000000064e+02
2.082560000000000002e+02
2.411519999999999868e+02
2.914639999999999986e+02
3.500480000000000018e+02
4.388399999999999750e+02
5.272960000000000491e+02
6.408239999999999554e+02
7.868079999999999927e+02
9.700560000000000400e+02
1.164887999999999920e+03
1.439799999999999955e+03
1.776824000000000069e+03
2.151952000000000226e+03
2.554224000000000160e+03
3.149456000000000131e+03
3.625668000000000120e+03
4.468640000000000327e+03
5.920011999999999716e+03
7.353695999999999913e+03
