1.000000000000000000e+00
1.915999999999999925e+00
2.915999999999999925e+00
3.839999999999999858e+00
4.775999999999999801e+00
6.756000000000000227e+00
7.798000000000000043e+00
9.675000000000000711e+00
1.159299999999999997e+01
1.365099999999999980e+01
1.639799999999999969e+01
1.944099999999999895e+01
2.356400000000000006e+01
2.782600000000000051e+01
3.580599999999999739e+01
4.247999999999999687e+01
5.144400000000000261e+01
6.397800000000000153e+01
7.556799999999999784e+01
8.966400000000000148e+01
1.085889999999999986e+02
1.353619999999999948e+02
1.621500000000000057e+02
1.953859999999999957e+02
2.412059999999999889e+02
2.864639999999999986e+02
3.478039999999999736e+02
4.112520000000000095e+02
4.970149999999999864e+02
6.114550000000000409e+02
7.376520000000000437e+02
8.791920000000000073e+02
1.042118999999999915e+03
1.253968000000000075e+03
1.498712999999999965e+03
1.815199000000000069e+03
2.208742000000000189e+03
2.638673999999999978e+03
3.223288000000000011e+03
3.961965999999999894e+03
4.803887999999999920e+03
5.855418999999999869e+03
6.943538999999999760e+03
8.260003000000000611e+03
9.880209999999999127e+03
