1.000000000000000000e+00
1.979000000000000092e+00
2.975999999999999979e+00
3.967999999999999972e+00
4.948000000000000398e+00
6.902000000000000135e+00
7.945000000000000284e+00
1.012199999999999989e+01
1.227200000000000024e+01
1.452599999999999980e+01
1.775000000000000000e+01
2.053699999999999903e+01
2.424899999999999878e+01
2.894999999999999929e+01
3.531499999999999773e+01
4.178799999999999670e+01
5.054500000000000171e+01
6.142799999999999727e+01
7.314400000000000546e+01
9.063800000000000523e+01
1.098179999999999978e+02
1.312539999999999907e+02
1.567050000000000125e+02
1.917479999999999905e+02
2.273559999999999945e+02
2.732500000000000000e+02
3.331920000000000073e+02
4.004340000000000259e+02
4.841639999999999873e+02
5.768790000000000191e+02
6.913540000000000418e+02
8.353460000000000036e+02
1.010395999999999958e+03
1.228779999999999973e+03
1.466891000000000076e+03
1.784477000000000089e+03
2.087878000000000156e+03
2.557501999999999953e+03
3.128818000000000211e+03
3.767211999999999989e+03
4.561699999999999818e+03
5.564319000000000415e+03
6.760372000000000298e+03
8.274372999999999593e+03
9.919754999999999200e+03
