1.000000000000000000e+00
2.048000000000000043e+00
3.176000000000000156e+00
4.203999999999999737e+00
5.408000000000000362e+00
7.448000000000000398e+00
8.523999999999999133e+00
1.059999999999999964e+01
1.238000000000000078e+01
1.467200000000000060e+01
1.777599999999999980e+01
2.121199999999999974e+01
2.568400000000000105e+01
3.140800000000000125e+01
3.839999999999999858e+01
4.764800000000000324e+01
5.701599999999999824e+01
6.995999999999999375e+01
8.080800000000000693e+01
9.822400000000000375e+01
1.161959999999999980e+02
1.361599999999999966e+02
1.608679999999999950e+02
1.956160000000000139e+02
2.344720000000000084e+02
2.777839999999999918e+02
3.477440000000000282e+02
4.167280000000000086e+02
5.033120000000000118e+02
6.095439999999999827e+02
7.400080000000000382e+02
9.128880000000000337e+02
1.090359999999999900e+03
1.263311999999999898e+03
1.584107999999999947e+03
1.934635999999999967e+03
2.359032000000000153e+03
2.793791999999999916e+03
3.365472000000000207e+03
3.847831999999999880e+03
4.657695999999999913e+03
5.561792000000000371e+03
6.604228000000000065e+03
8.194995999999999185e+03
9.391891999999999825e+03
