1.000000000000000000e+00
1.929999999999999938e+00
3.104000000000000092e+00
4.264000000000000234e+00
5.397999999999999687e+00
7.482000000000000206e+00
8.271000000000000796e+00
9.894000000000000128e+00
1.166799999999999926e+01
1.314899999999999913e+01
1.525799999999999912e+01
1.754299999999999926e+01
2.001200000000000045e+01
2.318400000000000105e+01
2.712699999999999889e+01
3.177199999999999847e+01
3.660699999999999932e+01
4.319400000000000261e+01
4.904200000000000159e+01
5.783599999999999852e+01
6.922299999999999898e+01
8.519400000000000261e+01
1.039539999999999935e+02
1.243820000000000050e+02
1.556839999999999975e+02
1.916380000000000052e+02
2.254960000000000093e+02
2.716480000000000246e+02
3.341650000000000205e+02
4.106669999999999732e+02
5.099660000000000082e+02
6.219120000000000346e+02
7.477069999999999936e+02
8.970040000000000191e+02
1.117806000000000040e+03
1.392943999999999960e+03
1.753122000000000071e+03
2.185197999999999865e+03
2.701114000000000033e+03
3.343197999999999865e+03
4.138391999999999825e+03
5.087051000000000386e+03
6.127899000000000342e+03
7.454560999999999694e+03
9.314384000000000015e+03
