1.000000000000000000e+00
1.903999999999999915e+00
3.072000000000000064e+00
4.160000000000000142e+00
5.304000000000000270e+00
7.352000000000000313e+00
8.483999999999999986e+00
1.158799999999999919e+01
1.432799999999999940e+01
1.676399999999999935e+01
2.015200000000000102e+01
2.321600000000000108e+01
2.830000000000000071e+01
3.379999999999999716e+01
3.960399999999999920e+01
4.525600000000000023e+01
5.202400000000000091e+01
6.037599999999999767e+01
6.865600000000000591e+01
8.006399999999999295e+01
8.977599999999999625e+01
9.945600000000000307e+01
1.128479999999999990e+02
1.274959999999999951e+02
1.431200000000000045e+02
1.661119999999999948e+02
1.907280000000000086e+02
2.332959999999999923e+02
2.773639999999999759e+02
3.294599999999999795e+02
3.953840000000000146e+02
5.044879999999999995e+02
6.047200000000000273e+02
7.785919999999999845e+02
9.864279999999999973e+02
1.223355999999999995e+03
1.421256000000000085e+03
1.694384000000000015e+03
1.967023999999999887e+03
2.417751999999999953e+03
2.898400000000000091e+03
3.660311999999999898e+03
4.522224000000000160e+03
5.375144000000000233e+03
6.965952000000000226e+03
