1.000000000000000000e+00
1.836000000000000076e+00
2.951999999999999957e+00
3.823999999999999844e+00
5.032000000000000028e+00
7.551999999999999602e+00
8.756000000000000227e+00
1.076800000000000068e+01
1.336800000000000033e+01
1.531199999999999939e+01
1.783200000000000074e+01
2.063200000000000145e+01
2.579200000000000159e+01
3.133599999999999852e+01
3.799600000000000222e+01
4.420799999999999841e+01
5.206000000000000227e+01
6.315200000000000102e+01
7.571999999999999886e+01
9.091200000000000614e+01
1.065759999999999934e+02
1.222240000000000038e+02
1.437760000000000105e+02
1.655039999999999907e+02
2.069039999999999964e+02
2.530639999999999930e+02
2.959119999999999777e+02
3.520559999999999832e+02
4.263799999999999955e+02
5.156559999999999491e+02
6.589679999999999609e+02
7.943680000000000518e+02
9.892960000000000491e+02
1.205127999999999929e+03
1.488915999999999940e+03
1.780647999999999911e+03
2.119695999999999913e+03
2.522056000000000040e+03
3.084639999999999873e+03
3.815576000000000022e+03
4.774176000000000386e+03
5.538228000000000065e+03
6.698743999999999687e+03
8.096644000000000233e+03
9.526943999999999505e+03
