1.000000000000000000e+00
2.040000000000000036e+00
3.064000000000000057e+00
3.879999999999999893e+00
5.008000000000000007e+00
7.008000000000000007e+00
8.208000000000000185e+00
1.078400000000000070e+01
1.320400000000000063e+01
1.544400000000000084e+01
1.908800000000000097e+01
2.240399999999999991e+01
2.770400000000000063e+01
3.419200000000000017e+01
4.323599999999999710e+01
4.954399999999999693e+01
5.849600000000000222e+01
6.638400000000000034e+01
7.956000000000000227e+01
9.493600000000000705e+01
1.100480000000000018e+02
1.337680000000000007e+02
1.566440000000000055e+02
1.955440000000000111e+02
2.392479999999999905e+02
2.939119999999999777e+02
3.382959999999999923e+02
4.112640000000000100e+02
5.049279999999999973e+02
5.977759999999999536e+02
7.317079999999999700e+02
8.851440000000000055e+02
1.091652000000000044e+03
1.260448000000000093e+03
1.575632000000000062e+03
1.912875999999999976e+03
2.200880000000000109e+03
2.624128000000000156e+03
3.073239999999999782e+03
3.760023999999999887e+03
4.525119999999999891e+03
5.673916000000000167e+03
6.979463999999999942e+03
8.255092000000000553e+03
1.010637199999999939e+04
