1.000000000000000000e+00
1.967999999999999972e+00
3.120000000000000107e+00
4.129999999999999893e+00
5.163999999999999702e+00
7.136000000000000121e+00
8.060999999999999943e+00
9.814999999999999503e+00
1.144800000000000040e+01
1.274600000000000044e+01
1.461200000000000010e+01
1.651399999999999935e+01
1.873300000000000054e+01
2.193799999999999883e+01
2.589999999999999858e+01
2.885000000000000142e+01
3.367900000000000205e+01
3.998599999999999710e+01
4.742600000000000193e+01
5.657999999999999829e+01
6.637099999999999511e+01
8.119599999999999795e+01
9.667100000000000648e+01
1.189759999999999991e+02
1.478439999999999941e+02
1.781759999999999877e+02
2.155740000000000123e+02
2.548060000000000116e+02
3.122939999999999827e+02
3.825059999999999718e+02
4.728980000000000246e+02
5.762980000000000018e+02
7.202160000000000082e+02
8.913460000000000036e+02
1.133767000000000053e+03
1.424243999999999915e+03
1.764869999999999891e+03
2.189766000000000076e+03
2.690391999999999825e+03
3.363115999999999985e+03
4.185243999999999687e+03
5.229170000000000073e+03
6.446534999999999854e+03
7.880983000000000175e+03
9.509923000000000684e+03
