1.000000000000000000e+00
1.923000000000000043e+00
2.951999999999999957e+00
3.880999999999999783e+00
4.823999999999999844e+00
6.733999999999999986e+00
7.764999999999999680e+00
9.839999999999999858e+00
1.179700000000000060e+01
1.373000000000000043e+01
1.688400000000000034e+01
1.996099999999999852e+01
2.379400000000000048e+01
2.823799999999999955e+01
3.538900000000000290e+01
4.283800000000000097e+01
5.198199999999999932e+01
6.385799999999999699e+01
7.484600000000000364e+01
9.193600000000000705e+01
1.114399999999999977e+02
1.320360000000000014e+02
1.585550000000000068e+02
1.877199999999999989e+02
2.241119999999999948e+02
2.699540000000000077e+02
3.232400000000000091e+02
3.882080000000000268e+02
4.620289999999999964e+02
5.624109999999999445e+02
6.806710000000000491e+02
8.448039999999999736e+02
1.029056000000000040e+03
1.248201999999999998e+03
1.499920000000000073e+03
1.817423000000000002e+03
2.219346000000000004e+03
2.674788000000000011e+03
3.195494000000000142e+03
3.960498000000000047e+03
4.668210000000000036e+03
5.673863999999999578e+03
6.760975999999999658e+03
8.064297999999999774e+03
9.609282999999999447e+03
