1.000000000000000000e+00
1.991999999999999993e+00
2.911999999999999922e+00
3.959999999999999964e+00
4.919999999999999929e+00
7.128000000000000114e+00
8.272000000000000242e+00
1.009600000000000009e+01
1.231199999999999939e+01
1.420800000000000018e+01
1.706400000000000006e+01
2.016400000000000148e+01
2.362000000000000099e+01
2.675199999999999889e+01
3.367600000000000193e+01
4.135999999999999943e+01
5.248400000000000176e+01
6.440000000000000568e+01
7.697599999999999909e+01
9.406399999999999295e+01
1.088400000000000034e+02
1.320960000000000036e+02
1.578199999999999932e+02
1.901599999999999966e+02
2.305759999999999934e+02
2.807040000000000077e+02
3.209839999999999804e+02
3.841440000000000055e+02
4.537760000000000105e+02
5.463239999999999554e+02
6.781240000000000236e+02
7.972880000000000109e+02
9.765919999999999845e+02
1.204231999999999971e+03
1.495640000000000100e+03
1.861347999999999956e+03
2.356128000000000156e+03
2.732119999999999891e+03
3.180063999999999851e+03
3.951920000000000073e+03
4.572079999999999927e+03
5.340319999999999709e+03
6.445724000000000160e+03
8.266048000000000684e+03
1.022995199999999932e+04
