1.000000000000000000e+00
1.983000000000000096e+00
3.262000000000000011e+00
4.299999999999999822e+00
5.477999999999999758e+00
7.416000000000000369e+00
8.220000000000000639e+00
9.784000000000000696e+00
1.094800000000000040e+01
1.231600000000000072e+01
1.432199999999999918e+01
1.624399999999999977e+01
1.839499999999999957e+01
2.076399999999999935e+01
2.411400000000000077e+01
2.721799999999999997e+01
3.174699999999999989e+01
3.617399999999999949e+01
4.277199999999999847e+01
5.028999999999999915e+01
6.148599999999999710e+01
7.485399999999999920e+01
9.197899999999999920e+01
1.127120000000000033e+02
1.366719999999999970e+02
1.686279999999999859e+02
2.030360000000000014e+02
2.516879999999999882e+02
3.043759999999999764e+02
3.783349999999999795e+02
4.690609999999999786e+02
5.826459999999999582e+02
7.193730000000000473e+02
9.083020000000000209e+02
1.132313000000000102e+03
1.436798999999999978e+03
1.828001999999999953e+03
2.272034000000000106e+03
2.801643999999999778e+03
3.465635999999999967e+03
4.283496000000000095e+03
5.289731999999999971e+03
6.286011000000000422e+03
7.681460000000000036e+03
9.362434999999999491e+03
