1.000000000000000000e+00
1.971999999999999975e+00
3.184000000000000163e+00
4.296000000000000263e+00
5.551999999999999602e+00
7.911999999999999922e+00
9.055999999999999162e+00
1.131600000000000072e+01
1.419599999999999973e+01
1.598799999999999955e+01
1.992000000000000171e+01
2.330399999999999849e+01
2.734799999999999898e+01
3.058399999999999963e+01
3.778799999999999670e+01
4.554399999999999693e+01
5.640800000000000125e+01
6.753600000000000136e+01
8.005599999999999739e+01
9.126399999999999579e+01
1.045400000000000063e+02
1.276640000000000015e+02
1.500000000000000000e+02
1.788160000000000025e+02
2.103280000000000030e+02
2.492880000000000109e+02
2.989920000000000186e+02
3.768079999999999927e+02
4.568039999999999736e+02
5.729080000000000155e+02
6.867640000000000100e+02
8.368799999999999955e+02
1.009940000000000055e+03
1.234183999999999969e+03
1.391268000000000029e+03
1.699703999999999951e+03
2.151480000000000018e+03
2.554423999999999978e+03
2.984847999999999956e+03
3.714327999999999975e+03
4.675720000000000255e+03
5.653315999999999804e+03
7.243311999999999898e+03
9.149075999999999112e+03
1.083468800000000010e+04
