1.000000000000000000e+00
1.975999999999999979e+00
2.978000000000000203e+00
3.982000000000000206e+00
4.993999999999999773e+00
6.982000000000000206e+00
7.918000000000000149e+00
1.009399999999999942e+01
1.178899999999999970e+01
1.371299999999999919e+01
1.683399999999999963e+01
2.021499999999999986e+01
2.398400000000000176e+01
2.923600000000000065e+01
3.611699999999999733e+01
4.370400000000000063e+01
5.330100000000000193e+01
6.398400000000000176e+01
7.529800000000000182e+01
9.068999999999999773e+01
1.107189999999999941e+02
1.331080000000000041e+02
1.634099999999999966e+02
1.965960000000000036e+02
2.419480000000000075e+02
2.889300000000000068e+02
3.471059999999999945e+02
4.143740000000000236e+02
4.951850000000000023e+02
5.978759999999999764e+02
7.140000000000000000e+02
8.523640000000000327e+02
1.036806000000000040e+03
1.254690000000000055e+03
1.511491999999999962e+03
1.833758000000000038e+03
2.239099999999999909e+03
2.633041999999999916e+03
3.218143999999999778e+03
3.834969999999999800e+03
4.640895999999999731e+03
5.630856999999999971e+03
6.757809000000000196e+03
8.092153000000000247e+03
9.823396000000000640e+03
