1.000000000000000000e+00
2.004000000000000004e+00
3.084000000000000075e+00
4.073000000000000398e+00
5.160000000000000142e+00
7.107999999999999652e+00
8.128999999999999559e+00
1.016799999999999926e+01
1.193699999999999939e+01
1.376999999999999957e+01
1.632600000000000051e+01
1.891600000000000037e+01
2.273199999999999932e+01
2.721600000000000108e+01
3.396699999999999875e+01
4.069800000000000040e+01
4.859400000000000119e+01
5.975999999999999801e+01
7.108799999999999386e+01
8.845000000000000284e+01
1.057909999999999968e+02
1.299720000000000084e+02
1.555219999999999914e+02
1.897199999999999989e+02
2.309199999999999875e+02
2.814239999999999782e+02
3.398340000000000032e+02
4.106179999999999950e+02
4.901299999999999955e+02
5.828029999999999973e+02
7.201559999999999491e+02
8.640199999999999818e+02
1.043490999999999985e+03
1.266874000000000024e+03
1.556499000000000024e+03
1.881243999999999915e+03
2.288235999999999876e+03
2.724936000000000149e+03
3.352929999999999836e+03
4.100310000000000400e+03
4.915167999999999665e+03
5.879765999999999622e+03
6.955988000000000284e+03
8.419163000000000466e+03
1.003196999999999935e+04
