1.000000000000000000e+00
2.008000000000000007e+00
3.088000000000000078e+00
4.147000000000000242e+00
5.176000000000000156e+00
7.131999999999999673e+00
8.106999999999999318e+00
1.036200000000000010e+01
1.243699999999999939e+01
1.455400000000000027e+01
1.699599999999999866e+01
1.980999999999999872e+01
2.350000000000000000e+01
2.806800000000000139e+01
3.390100000000000335e+01
4.054599999999999937e+01
4.795499999999999829e+01
5.820400000000000063e+01
6.983199999999999363e+01
8.805200000000000671e+01
1.076419999999999959e+02
1.291380000000000052e+02
1.546870000000000118e+02
1.899679999999999893e+02
2.329240000000000066e+02
2.822139999999999986e+02
3.362699999999999818e+02
3.938860000000000241e+02
4.760969999999999800e+02
5.665370000000000346e+02
6.867740000000000009e+02
8.266680000000000064e+02
1.009823999999999955e+03
1.218403999999999996e+03
1.465309999999999945e+03
1.794674999999999955e+03
2.174769999999999982e+03
2.587244000000000142e+03
3.171389999999999873e+03
3.857724000000000160e+03
4.677341999999999643e+03
5.617703000000000429e+03
6.643734999999999673e+03
8.163188000000000102e+03
9.907968999999999141e+03
