1.000000000000000000e+00
1.985999999999999988e+00
3.024000000000000021e+00
4.078000000000000291e+00
5.126000000000000334e+00
7.274000000000000021e+00
8.378999999999999559e+00
1.051500000000000057e+01
1.234699999999999953e+01
1.418699999999999939e+01
1.735000000000000142e+01
2.043900000000000006e+01
2.400100000000000122e+01
2.958399999999999963e+01
3.687800000000000011e+01
4.428999999999999915e+01
5.414099999999999824e+01
6.550400000000000489e+01
7.736199999999999477e+01
9.243399999999999750e+01
1.128409999999999940e+02
1.361380000000000052e+02
1.662160000000000082e+02
1.974799999999999898e+02
2.364060000000000059e+02
2.849320000000000164e+02
3.501320000000000050e+02
4.208679999999999950e+02
4.993029999999999973e+02
5.992759999999999536e+02
7.376509999999999536e+02
8.905280000000000200e+02
1.080296000000000049e+03
1.325534000000000106e+03
1.587657999999999902e+03
1.940369999999999891e+03
2.308717999999999847e+03
2.711036000000000058e+03
3.293547999999999774e+03
3.947302000000000135e+03
4.751024000000000342e+03
5.671742000000000189e+03
6.806557999999999993e+03
8.173782000000000153e+03
1.002503299999999945e+04
