1.000000000000000000e+00
2.001999999999999780e+00
2.922000000000000153e+00
3.991000000000000103e+00
4.788000000000000256e+00
6.733999999999999986e+00
7.743000000000000327e+00
9.714999999999999858e+00
1.171599999999999930e+01
1.365799999999999947e+01
1.681200000000000117e+01
1.975499999999999901e+01
2.358500000000000085e+01
2.863400000000000034e+01
3.617399999999999949e+01
4.370799999999999841e+01
5.346099999999999852e+01
6.443800000000000239e+01
7.602400000000000091e+01
9.034399999999999409e+01
1.117669999999999959e+02
1.325740000000000123e+02
1.568199999999999932e+02
1.896879999999999882e+02
2.265000000000000000e+02
2.826139999999999759e+02
3.374300000000000068e+02
4.104979999999999905e+02
4.896490000000000009e+02
5.958690000000000282e+02
7.151979999999999791e+02
8.795040000000000191e+02
1.074151000000000067e+03
1.302804000000000087e+03
1.519288999999999987e+03
1.862868999999999915e+03
2.236896000000000186e+03
2.660688000000000102e+03
3.278103999999999814e+03
3.936552000000000135e+03
4.792231999999999971e+03
5.687978000000000065e+03
6.794912000000000262e+03
8.175036000000000058e+03
9.834662000000000262e+03
