1.000000000000000000e+00
2.068000000000000060e+00
3.311999999999999833e+00
4.527999999999999581e+00
5.943999999999999950e+00
8.551999999999999602e+00
1.005599999999999916e+01
1.237199999999999989e+01
1.544400000000000084e+01
1.803600000000000136e+01
2.178399999999999892e+01
2.482000000000000028e+01
2.845200000000000173e+01
3.343200000000000216e+01
3.915599999999999881e+01
4.651200000000000045e+01
5.561599999999999966e+01
6.448000000000000398e+01
7.255200000000000671e+01
8.248799999999999955e+01
9.517199999999999704e+01
1.042960000000000065e+02
1.168919999999999959e+02
1.356959999999999980e+02
1.503360000000000127e+02
1.758079999999999927e+02
1.962560000000000002e+02
2.296479999999999961e+02
2.696080000000000041e+02
3.075240000000000009e+02
3.681080000000000041e+02
4.529759999999999991e+02
5.745080000000000382e+02
7.340960000000000036e+02
9.225320000000000391e+02
1.135059999999999945e+03
1.390839999999999918e+03
1.711496000000000095e+03
2.062391999999999825e+03
2.457927999999999884e+03
3.098751999999999953e+03
3.779835999999999785e+03
4.862627999999999702e+03
6.011144000000000233e+03
7.652728000000000065e+03
