1.000000000000000000e+00
2.051000000000000156e+00
3.069999999999999840e+00
4.144999999999999574e+00
5.235999999999999766e+00
7.315999999999999837e+00
8.358999999999999986e+00
1.033300000000000018e+01
1.239600000000000080e+01
1.428100000000000058e+01
1.707400000000000162e+01
2.008599999999999852e+01
2.386700000000000088e+01
2.879200000000000159e+01
3.569100000000000250e+01
4.216799999999999926e+01
5.247999999999999687e+01
6.370799999999999841e+01
7.728799999999999670e+01
9.347599999999999909e+01
1.125400000000000063e+02
1.354739999999999895e+02
1.643050000000000068e+02
1.971620000000000061e+02
2.376939999999999884e+02
2.841399999999999864e+02
3.457379999999999995e+02
4.191220000000000141e+02
5.094769999999999754e+02
6.105040000000000191e+02
7.375639999999999645e+02
8.686739999999999782e+02
1.038854000000000042e+03
1.256460000000000036e+03
1.495630000000000109e+03
1.820109999999999900e+03
2.227121999999999844e+03
2.722411999999999807e+03
3.183275999999999840e+03
3.841373999999999796e+03
4.659421999999999571e+03
5.665060999999999694e+03
6.809293999999999869e+03
8.183016999999999825e+03
9.734522000000000844e+03
