1.000000000000000000e+00
1.967999999999999972e+00
3.200000000000000178e+00
4.591999999999999638e+00
6.048000000000000043e+00
8.807999999999999829e+00
1.032399999999999984e+01
1.265199999999999925e+01
1.501600000000000001e+01
1.775600000000000023e+01
2.092000000000000171e+01
2.366799999999999926e+01
2.763599999999999923e+01
3.243999999999999773e+01
3.978799999999999670e+01
4.624000000000000199e+01
5.202400000000000091e+01
6.174399999999999977e+01
6.842400000000000659e+01
7.456799999999999784e+01
7.939600000000000080e+01
9.210399999999999920e+01
1.066760000000000019e+02
1.299039999999999964e+02
1.491200000000000045e+02
1.730639999999999930e+02
1.964639999999999986e+02
2.324559999999999889e+02
2.515600000000000023e+02
3.054839999999999804e+02
3.737760000000000105e+02
4.706639999999999873e+02
6.316079999999999472e+02
8.217839999999999918e+02
1.033443999999999960e+03
1.180003999999999905e+03
1.428215999999999894e+03
1.755000000000000000e+03
2.078391999999999825e+03
2.573672000000000025e+03
3.278112000000000080e+03
3.996536000000000058e+03
4.826351999999999862e+03
6.207296000000000276e+03
8.226932000000000698e+03
