1.000000000000000000e+00
1.959000000000000075e+00
2.942000000000000171e+00
4.046000000000000263e+00
5.030000000000000249e+00
6.911999999999999922e+00
7.985999999999999766e+00
1.012500000000000000e+01
1.231499999999999950e+01
1.426299999999999990e+01
1.709199999999999875e+01
2.045499999999999829e+01
2.473600000000000065e+01
2.976399999999999935e+01
3.744400000000000261e+01
4.417999999999999972e+01
5.426599999999999824e+01
6.512000000000000455e+01
7.707800000000000296e+01
9.288800000000000523e+01
1.115090000000000003e+02
1.347359999999999900e+02
1.602669999999999959e+02
1.921680000000000064e+02
2.345560000000000116e+02
2.853740000000000236e+02
3.388240000000000123e+02
4.132939999999999827e+02
4.998100000000000023e+02
6.058840000000000146e+02
7.191000000000000227e+02
8.717519999999999527e+02
1.050771999999999935e+03
1.293549999999999955e+03
1.544032999999999902e+03
1.855457000000000107e+03
2.228304000000000087e+03
2.683916000000000167e+03
3.287978000000000065e+03
3.898378000000000156e+03
4.719582000000000335e+03
5.625252999999999702e+03
6.769176999999999680e+03
8.206719999999999345e+03
9.851351000000000568e+03
