1.000000000000000000e+00
1.975000000000000089e+00
3.089999999999999858e+00
4.171000000000000263e+00
5.336000000000000298e+00
7.442000000000000171e+00
8.569000000000000838e+00
1.066600000000000037e+01
1.248300000000000054e+01
1.418699999999999939e+01
1.685800000000000054e+01
1.987900000000000134e+01
2.339099999999999824e+01
2.752599999999999980e+01
3.320900000000000318e+01
3.987800000000000011e+01
4.870199999999999818e+01
6.025200000000000244e+01
7.142600000000000193e+01
8.737999999999999545e+01
1.073640000000000043e+02
1.261640000000000015e+02
1.532139999999999986e+02
1.889039999999999964e+02
2.240240000000000009e+02
2.717599999999999909e+02
3.334200000000000159e+02
4.100299999999999727e+02
4.950950000000000273e+02
5.998830000000000382e+02
7.168450000000000273e+02
8.684660000000000082e+02
1.047174999999999955e+03
1.256163999999999987e+03
1.524622000000000071e+03
1.894017000000000053e+03
2.303557999999999993e+03
2.752268000000000029e+03
3.286739999999999782e+03
4.016619999999999891e+03
4.854210000000000036e+03
5.874182999999999993e+03
7.067565999999999804e+03
8.424878000000000611e+03
1.004790999999999985e+04
