0.95897000000000
1.20625000000000
1.02935000000000
1.11975000000000
0.95231000000000
1.00907000000000
0.87641000000000
0.84012500000000
0.81942000000000
0.74843000000000
0.69518000000000
0.65974000000000
0.63194000000000
0.59643666666667
0.57034250000000
0.55991333333333
0.50967000000000
0.50400200000000
0.49468666666667
0.49170142857143
0.49614500000000
0.49653666666667
0.50950600000000
0.53368666666667
0.53667142857143
0.55244000000000
0.57633000000000
0.60061952380952
0.61438583333333
0.63470714285714
0.65677718750000
0.65702594594595
0.67505372093023
0.67512469387755
0.68319357142857
0.68562138461538
0.70701213333333
0.71096093023256
0.72758353535354
0.75705434782609
0.76507580152672
0.76507580152672
