0.68172200000000
0.62169700000000
0.57624200000000
0.55072200000000
0.53107900000000
0.51801100000000
0.50739200000000
0.49939300000000
0.48737100000000
0.48257700000000
0.47486900000000
0.46848100000000
0.46305900000000
0.45804000000000
0.45142500000000
0.44356700000000
0.43820700000000
0.42975900000000
0.42169100000000
0.41263400000000
0.40270200000000
0.39187600000000
0.38026700000000
0.36824600000000
0.35470700000000
0.33977500000000
0.32392600000000
0.30764000000000
0.29013800000000
0.27219700000000
0.25316400000000
0.23407000000000
0.21432200000000
0.19421100000000
0.17419000000000
0.15449000000000
0.13458300000000
0.11489200000000
0.09570400000000
0.07760400000000
0.06061600000000
0.04573600000000
