1.00000000000000
1.95897000000000
3.16522000000000
4.19457000000000
5.31432000000000
6.26663000000000
7.27570000000000
8.15211000000000
9.83236000000000
10.65178000000000
12.14864000000000
13.53899999999999
14.85847999999999
16.12236000000000
17.91167000000000
20.19303999999999
21.87278000000000
24.42112999999998
26.94114000000000
29.90926000000000
33.35116999999998
37.32033000000002
41.78916000000001
46.88422000000001
53.28845999999999
60.80186000000000
69.64089999999999
80.01484000000001
92.62785000000004
107.37311000000005
125.14490999999998
146.16178000000002
170.47173999999998
199.49904999999995
232.58015999999995
270.83900000000000
315.40438999999998
368.43030000000016
429.57294000000002
501.60370999999992
588.66495999999995
688.88989000000026
