1.00000000000000
1.97943877551020
3.08675510204082
4.12705102040816
5.20257142857143
7.27289795918367
8.27752040816327
10.26928571428572
12.19730612244898
14.08126530612245
16.86514285714286
19.59260204081632
23.22863265306122
27.73093877551020
34.05069387755100
40.41640816326531
48.70882653061223
58.97012244897960
70.44006122448981
86.03365306122448
104.62824489795914
127.36422448979593
154.36606122448981
187.13418367346935
227.85846938775506
275.68412244897951
333.98242857142839
402.92773469387754
487.57281632653081
590.12111224489786
714.53179591836727
863.53744897959177
1042.57559183673470
1260.12367346938800
1522.12746938775513
1841.62516326530590
2222.15799999999945
2683.52457142857156
3243.41383673469545
3914.52573469387562
4705.29699999999866
5673.02049999999963
6835.00627551020534
8247.25595918367071
9976.75240816326550
