1.00000000000000
1.98509000000000
3.02370000000000
4.04065000000000
5.07414000000000
7.10210000000000
8.12358000000001
10.12044000000000
12.11696000000000
14.08269999999999
17.00767999999999
19.97085000000000
23.87113000000001
28.76553999999999
35.67590000000001
42.60171999999999
51.60638999999995
62.46346000000005
74.67831999999997
90.70061999999996
109.70053000000001
132.73609999999999
159.55198999999996
192.20146000000005
232.31797999999995
280.41779999999994
338.98949999999996
409.46019999999987
493.96351000000016
597.64118000000008
721.72417000000041
869.72047999999961
1048.43655000000012
1266.03017999999997
1526.49490000000014
1843.31168000000002
2221.86281999999983
2682.40387999999803
3233.15908000000172
3900.45155999999906
4719.15056000000004
5703.36912999999913
6892.16715999999542
8291.88338999999723
10022.05625000000146
