1.000000000000000000e+00
2.020999999999999908e+00
3.104000000000000092e+00
4.198000000000000398e+00
5.267999999999999794e+00
7.368000000000000327e+00
8.330000000000000071e+00
1.044500000000000028e+01
1.250999999999999979e+01
1.407000000000000028e+01
1.728399999999999892e+01
2.039900000000000091e+01
2.385699999999999932e+01
2.823400000000000176e+01
3.457999999999999829e+01
4.100200000000000244e+01
4.961999999999999744e+01
6.018999999999999773e+01
7.152400000000000091e+01
8.634399999999999409e+01
1.053469999999999942e+02
1.281119999999999948e+02
1.563009999999999877e+02
1.894799999999999898e+02
2.275740000000000123e+02
2.767919999999999732e+02
3.347060000000000173e+02
4.117919999999999732e+02
4.919440000000000168e+02
5.922179999999999609e+02
7.237050000000000409e+02
8.833160000000000309e+02
1.059229000000000042e+03
1.268286000000000058e+03
1.531272999999999911e+03
1.827811999999999898e+03
2.236242000000000189e+03
2.676847999999999956e+03
3.165161999999999807e+03
3.852059999999999945e+03
4.591844000000000051e+03
5.512661000000000058e+03
6.799470999999999549e+03
8.179855999999999767e+03
9.619516999999999825e+03
