1.000000000000000000e+00
1.953000000000000069e+00
3.029999999999999805e+00
3.986000000000000210e+00
4.966000000000000192e+00
6.854000000000000092e+00
8.055999999999999162e+00
1.002100000000000080e+01
1.193699999999999939e+01
1.392300000000000004e+01
1.692399999999999949e+01
1.968100000000000094e+01
2.360900000000000176e+01
2.852199999999999847e+01
3.577499999999999858e+01
4.203799999999999670e+01
5.184899999999999665e+01
6.250399999999999778e+01
7.452800000000000580e+01
8.937800000000000011e+01
1.099080000000000013e+02
1.312779999999999916e+02
1.599790000000000134e+02
1.924720000000000084e+02
2.358160000000000025e+02
2.840860000000000127e+02
3.425419999999999732e+02
4.135000000000000000e+02
5.007370000000000232e+02
5.980779999999999745e+02
7.344370000000000118e+02
8.975040000000000191e+02
1.078262999999999920e+03
1.314768000000000029e+03
1.578903000000000020e+03
1.915057999999999993e+03
2.277422000000000025e+03
2.762907999999999902e+03
3.272181999999999789e+03
4.034461999999999989e+03
4.851207999999999629e+03
5.789409999999999854e+03
6.999699999999999818e+03
8.433951999999999316e+03
1.019153399999999965e+04
