1.000000000000000000e+00
2.060999999999999943e+00
3.045999999999999819e+00
4.030999999999999694e+00
4.988000000000000433e+00
7.078000000000000291e+00
7.964999999999999858e+00
9.868000000000000327e+00
1.183799999999999919e+01
1.392800000000000082e+01
1.693199999999999861e+01
1.998000000000000043e+01
2.393199999999999861e+01
2.833599999999999852e+01
3.457399999999999807e+01
4.221600000000000108e+01
5.160499999999999687e+01
6.270400000000000063e+01
7.494599999999999795e+01
9.058599999999999852e+01
1.079369999999999976e+02
1.299300000000000068e+02
1.570229999999999961e+02
1.920740000000000123e+02
2.330840000000000032e+02
2.797520000000000095e+02
3.396340000000000146e+02
4.078220000000000027e+02
4.895980000000000132e+02
6.073490000000000464e+02
7.376309999999999718e+02
8.945539999999999736e+02
1.072465999999999894e+03
1.277541999999999916e+03
1.540355999999999995e+03
1.857416999999999916e+03
2.169369999999999891e+03
2.604465999999999894e+03
3.131780000000000200e+03
3.741827999999999975e+03
4.346314000000000306e+03
5.335351999999999862e+03
6.517729000000000269e+03
7.897511999999999716e+03
9.683084999999999127e+03
