1.000000000000000000e+00
1.911999999999999922e+00
3.072000000000000064e+00
4.096000000000000085e+00
5.136000000000000121e+00
7.863999999999999879e+00
9.092000000000000526e+00
1.117200000000000060e+01
1.313599999999999923e+01
1.532399999999999984e+01
1.849599999999999866e+01
2.176399999999999935e+01
2.621199999999999974e+01
3.257600000000000051e+01
4.034000000000000341e+01
4.960799999999999699e+01
5.795199999999999818e+01
7.171200000000000330e+01
8.686400000000000432e+01
9.914400000000000546e+01
1.164680000000000035e+02
1.377119999999999891e+02
1.568520000000000039e+02
1.891040000000000134e+02
2.225680000000000121e+02
2.652080000000000268e+02
3.184399999999999977e+02
3.826080000000000041e+02
4.578319999999999936e+02
5.592160000000000082e+02
6.730040000000000191e+02
8.578400000000000318e+02
1.071932000000000016e+03
1.271640000000000100e+03
1.526660000000000082e+03
1.829895999999999958e+03
2.296960000000000036e+03
2.832152000000000044e+03
3.415143999999999778e+03
4.148720000000000255e+03
5.131104000000000269e+03
6.119184000000000196e+03
7.470444000000000415e+03
8.932536000000000058e+03
1.108821999999999935e+04
