1.000000000000000000e+00
1.979999999999999982e+00
3.144000000000000128e+00
4.288999999999999702e+00
5.538000000000000256e+00
7.790000000000000036e+00
8.756999999999999673e+00
1.095500000000000007e+01
1.296599999999999930e+01
1.507499999999999929e+01
1.817999999999999972e+01
2.095200000000000173e+01
2.457199999999999918e+01
2.861599999999999966e+01
3.437500000000000000e+01
4.034000000000000341e+01
4.809700000000000131e+01
5.829399999999999693e+01
7.058400000000000318e+01
8.642199999999999704e+01
1.057620000000000005e+02
1.315980000000000132e+02
1.586860000000000070e+02
1.895180000000000007e+02
2.312419999999999902e+02
2.779340000000000259e+02
3.254420000000000073e+02
3.888340000000000032e+02
4.869350000000000023e+02
5.914850000000000136e+02
7.161499999999999773e+02
8.619260000000000446e+02
1.021899999999999977e+03
1.233596000000000004e+03
1.495171000000000049e+03
1.837152000000000044e+03
2.239384000000000015e+03
2.684960000000000036e+03
3.271543999999999869e+03
3.952750000000000000e+03
4.769916000000000167e+03
5.602984000000000378e+03
6.761023000000000138e+03
8.103448999999999614e+03
9.752873999999999796e+03
