1.00000000000000
1.99939000000000
2.99544000000000
3.99645000000000
5.00210000000000
6.99974000000000
7.98827000000000
9.99821000000000
11.98192000000000
13.99324000000000
17.01666000000001
20.01826000000000
23.98424000000000
28.96223999999998
35.92579999999999
42.94590000000000
51.92269000000000
62.93026000000000
74.89318000000002
91.09186000000004
110.11985000000004
133.01500000000007
160.21841000000001
193.11447999999996
232.28112000000004
280.47634000000016
338.30110000000002
408.47177999999985
493.97239000000002
596.56697999999972
720.35094999999990
871.31297999999992
1050.12102999999979
1266.53086000000030
1524.50799000000052
1838.67894000000069
2224.20632000000023
2687.82108000000062
3246.11980000000085
3916.36508000000049
4732.93810000000030
5711.95121000000017
6883.50393000000258
8300.07313000000249
10010.56715000000258
