1.000000000000000000e+00
2.012000000000000011e+00
2.991999999999999993e+00
3.982000000000000206e+00
5.014000000000000234e+00
7.032000000000000028e+00
8.021000000000000796e+00
1.002699999999999925e+01
1.199300000000000033e+01
1.418399999999999928e+01
1.731200000000000117e+01
2.036599999999999966e+01
2.467999999999999972e+01
2.935800000000000054e+01
3.593500000000000227e+01
4.278000000000000114e+01
5.182699999999999818e+01
6.197399999999999665e+01
7.358799999999999386e+01
9.048600000000000421e+01
1.116959999999999980e+02
1.370120000000000005e+02
1.633600000000000136e+02
1.973559999999999945e+02
2.355620000000000118e+02
2.853360000000000127e+02
3.410299999999999727e+02
4.081580000000000155e+02
4.889069999999999823e+02
5.880969999999999800e+02
7.102939999999999827e+02
8.845940000000000509e+02
1.069403000000000020e+03
1.282938000000000102e+03
1.550551999999999907e+03
1.846509999999999991e+03
2.220806000000000040e+03
2.679632000000000062e+03
3.217802000000000135e+03
3.847173999999999978e+03
4.593184000000000196e+03
5.622757999999999811e+03
6.808981999999999971e+03
8.093447000000000116e+03
9.743609000000000378e+03
