1.000000000000000000e+00
1.864000000000000101e+00
2.927999999999999936e+00
4.043999999999999595e+00
5.016000000000000014e+00
6.567999999999999616e+00
7.467999999999999972e+00
9.551999999999999602e+00
1.142800000000000082e+01
1.408000000000000007e+01
1.686400000000000077e+01
1.953200000000000003e+01
2.391199999999999903e+01
2.873600000000000065e+01
3.615999999999999659e+01
4.197599999999999909e+01
5.016400000000000148e+01
6.260799999999999699e+01
7.581600000000000250e+01
9.056799999999999784e+01
1.117999999999999972e+02
1.315039999999999907e+02
1.562800000000000011e+02
1.851040000000000134e+02
2.309600000000000080e+02
2.703919999999999959e+02
3.386639999999999873e+02
3.903999999999999773e+02
4.925400000000000205e+02
6.047000000000000455e+02
7.196319999999999482e+02
8.950240000000000009e+02
1.062160000000000082e+03
1.314887999999999920e+03
1.610200000000000045e+03
1.891119999999999891e+03
2.320463999999999942e+03
2.774384000000000015e+03
3.394864000000000033e+03
4.196560000000000400e+03
4.974448000000000320e+03
6.109587999999999738e+03
7.428159999999999854e+03
9.037971999999999753e+03
1.078495999999999913e+04
