1.000000000000000000e+00
1.949999999999999956e+00
3.009999999999999787e+00
3.972999999999999865e+00
5.128000000000000114e+00
7.107999999999999652e+00
8.164999999999999147e+00
1.018900000000000006e+01
1.211700000000000088e+01
1.395400000000000063e+01
1.689199999999999946e+01
1.975799999999999912e+01
2.344900000000000162e+01
2.842800000000000082e+01
3.595700000000000074e+01
4.305400000000000205e+01
5.221800000000000352e+01
6.267399999999999949e+01
7.460800000000000409e+01
9.030400000000000205e+01
1.067349999999999994e+02
1.303300000000000125e+02
1.554770000000000039e+02
1.870879999999999939e+02
2.271959999999999980e+02
2.869119999999999777e+02
3.534920000000000186e+02
4.236039999999999850e+02
5.037149999999999750e+02
6.075399999999999636e+02
7.184180000000000064e+02
8.592240000000000464e+02
1.046980000000000018e+03
1.261165999999999940e+03
1.539605000000000018e+03
1.848743999999999915e+03
2.242802000000000135e+03
2.695268000000000029e+03
3.181056000000000040e+03
3.889110000000000127e+03
4.699390000000000327e+03
5.639490999999999985e+03
6.918591999999999643e+03
8.065193000000000211e+03
9.707165999999999258e+03
