1.000000000000000000e+00
1.943999999999999950e+00
3.177999999999999936e+00
4.205000000000000071e+00
5.198000000000000398e+00
7.296000000000000263e+00
8.221999999999999531e+00
1.016000000000000014e+01
1.203999999999999915e+01
1.373900000000000077e+01
1.653999999999999915e+01
1.920599999999999952e+01
2.266199999999999903e+01
2.723600000000000065e+01
3.359400000000000119e+01
3.966799999999999926e+01
4.810399999999999920e+01
5.877600000000000335e+01
7.098600000000000421e+01
8.579200000000000159e+01
1.038649999999999949e+02
1.240259999999999962e+02
1.488379999999999939e+02
1.811419999999999959e+02
2.206440000000000055e+02
2.658919999999999959e+02
3.236739999999999782e+02
3.869499999999999886e+02
4.839300000000000068e+02
5.899139999999999873e+02
7.122269999999999754e+02
8.491159999999999854e+02
1.039915999999999940e+03
1.236395999999999958e+03
1.495874000000000024e+03
1.827837999999999965e+03
2.253835999999999785e+03
2.668994000000000142e+03
3.262583999999999833e+03
3.995409999999999854e+03
4.747100000000000364e+03
5.726203999999999724e+03
6.920295000000000073e+03
8.261954999999999927e+03
9.773443999999999505e+03
