1.000000000000000000e+00
2.005999999999999783e+00
3.208000000000000185e+00
4.147000000000000242e+00
5.275999999999999801e+00
7.144000000000000128e+00
7.948999999999999844e+00
9.667999999999999261e+00
1.097799999999999976e+01
1.233799999999999919e+01
1.427200000000000024e+01
1.588199999999999967e+01
1.828399999999999892e+01
2.064799999999999969e+01
2.439999999999999858e+01
2.754200000000000159e+01
3.334599999999999653e+01
3.933599999999999852e+01
4.518800000000000239e+01
5.170199999999999818e+01
6.078499999999999659e+01
7.080200000000000671e+01
8.809499999999999886e+01
1.079959999999999951e+02
1.326320000000000050e+02
1.573499999999999943e+02
1.918679999999999950e+02
2.427680000000000007e+02
3.013779999999999859e+02
3.707110000000000127e+02
4.635129999999999768e+02
5.602400000000000091e+02
7.087759999999999536e+02
8.813139999999999645e+02
1.122663000000000011e+03
1.438234999999999900e+03
1.832284000000000106e+03
2.273391999999999825e+03
2.758219999999999800e+03
3.393889999999999873e+03
4.205934000000000196e+03
5.218966000000000349e+03
6.431251000000000204e+03
7.688653000000000247e+03
9.307397999999999229e+03
