1.000000000000000000e+00
1.991000000000000103e+00
3.121999999999999886e+00
4.142000000000000348e+00
5.349999999999999645e+00
7.370000000000000107e+00
8.140000000000000568e+00
9.763999999999999346e+00
1.140000000000000036e+01
1.266499999999999915e+01
1.490600000000000058e+01
1.693400000000000105e+01
1.935800000000000054e+01
2.216799999999999926e+01
2.576500000000000057e+01
2.905199999999999960e+01
3.293699999999999761e+01
3.819599999999999795e+01
4.444400000000000261e+01
5.338000000000000256e+01
6.593899999999999295e+01
7.987600000000000477e+01
9.420600000000000307e+01
1.143940000000000055e+02
1.351920000000000073e+02
1.724780000000000086e+02
2.114459999999999980e+02
2.593639999999999759e+02
3.186390000000000100e+02
3.883360000000000127e+02
4.795559999999999832e+02
5.905460000000000491e+02
7.378659999999999854e+02
9.146399999999999864e+02
1.160413000000000011e+03
1.454855000000000018e+03
1.842453999999999951e+03
2.336329999999999927e+03
2.911157999999999902e+03
3.539400000000000091e+03
4.317131999999999607e+03
5.418600000000000364e+03
6.686265000000000327e+03
8.016759000000000015e+03
9.806952999999999520e+03
