1.000000000000000000e+00
2.009999999999999787e+00
3.069999999999999840e+00
4.158999999999999808e+00
5.139999999999999680e+00
7.232000000000000206e+00
8.196999999999999176e+00
1.011599999999999966e+01
1.225500000000000078e+01
1.444999999999999929e+01
1.744999999999999929e+01
2.003200000000000003e+01
2.385099999999999909e+01
2.921199999999999974e+01
3.615699999999999648e+01
4.303600000000000136e+01
5.260199999999999676e+01
6.254800000000000182e+01
7.479600000000000648e+01
9.104000000000000625e+01
1.114189999999999969e+02
1.344099999999999966e+02
1.633660000000000139e+02
1.959840000000000089e+02
2.415600000000000023e+02
2.927959999999999923e+02
3.463159999999999741e+02
4.091519999999999868e+02
4.908190000000000168e+02
6.075829999999999700e+02
7.436580000000000155e+02
8.783780000000000427e+02
1.028971000000000004e+03
1.220031999999999925e+03
1.483627999999999929e+03
1.830739000000000033e+03
2.225257999999999811e+03
2.713114000000000033e+03
3.219045999999999822e+03
3.968539999999999964e+03
4.795913999999999760e+03
5.855548999999999978e+03
7.060369999999999891e+03
8.352505999999999403e+03
9.838219999999999345e+03
