1.000000000000000000e+00
2.032000000000000028e+00
3.080000000000000071e+00
4.187999999999999723e+00
5.527999999999999581e+00
7.599999999999999645e+00
9.012000000000000455e+00
1.150399999999999956e+01
1.400799999999999912e+01
1.658399999999999963e+01
1.963200000000000145e+01
2.265200000000000102e+01
2.773199999999999932e+01
3.289600000000000080e+01
3.918399999999999750e+01
4.916799999999999926e+01
6.015200000000000102e+01
7.168800000000000239e+01
8.288800000000000523e+01
1.004639999999999986e+02
1.192960000000000065e+02
1.370800000000000125e+02
1.558120000000000118e+02
1.914720000000000084e+02
2.204399999999999977e+02
2.592640000000000100e+02
2.975199999999999818e+02
3.696639999999999873e+02
4.608559999999999945e+02
5.480800000000000409e+02
6.602319999999999709e+02
8.007279999999999518e+02
9.835439999999999827e+02
1.246824000000000069e+03
1.496824000000000069e+03
1.802183999999999969e+03
2.254976000000000113e+03
2.692192000000000007e+03
3.225559999999999945e+03
3.626007999999999811e+03
4.466448000000000320e+03
5.407792000000000371e+03
6.887188000000000102e+03
8.028444000000000415e+03
9.812139999999999418e+03
