1.000000000000000000e+00
1.951999999999999957e+00
3.032000000000000028e+00
4.227999999999999758e+00
5.496000000000000441e+00
7.655999999999999694e+00
8.651999999999999247e+00
1.116000000000000014e+01
1.340799999999999947e+01
1.594400000000000084e+01
1.865599999999999881e+01
2.175600000000000023e+01
2.672400000000000020e+01
3.243200000000000216e+01
4.085999999999999943e+01
4.907200000000000273e+01
5.959199999999999875e+01
7.069599999999999795e+01
8.119199999999999307e+01
9.625600000000000023e+01
1.113520000000000039e+02
1.420000000000000000e+02
1.661399999999999864e+02
1.945440000000000111e+02
2.183360000000000127e+02
2.673199999999999932e+02
3.138480000000000132e+02
3.816320000000000050e+02
4.744080000000000155e+02
5.611399999999999864e+02
6.705839999999999463e+02
8.445040000000000191e+02
1.046496000000000095e+03
1.252359999999999900e+03
1.530284000000000106e+03
1.849571999999999889e+03
2.273559999999999945e+03
2.724623999999999796e+03
3.314032000000000153e+03
3.710208000000000084e+03
4.440615999999999985e+03
5.321243999999999687e+03
6.305923999999999978e+03
7.664199999999999818e+03
9.464115999999999985e+03
