1.000000000000000000e+00
2.023000000000000131e+00
3.180000000000000160e+00
4.230000000000000426e+00
5.392000000000000348e+00
7.280000000000000249e+00
8.106999999999999318e+00
9.862000000000000099e+00
1.144599999999999973e+01
1.288299999999999912e+01
1.474399999999999977e+01
1.653699999999999903e+01
1.898900000000000077e+01
2.172200000000000131e+01
2.567899999999999849e+01
2.890800000000000125e+01
3.325999999999999801e+01
3.863000000000000256e+01
4.526200000000000045e+01
5.386800000000000210e+01
6.365599999999999881e+01
7.620799999999999841e+01
9.481900000000000261e+01
1.164080000000000013e+02
1.421320000000000050e+02
1.771819999999999879e+02
2.111239999999999952e+02
2.568140000000000214e+02
3.183980000000000246e+02
3.896899999999999977e+02
4.736419999999999959e+02
5.936779999999999973e+02
7.465240000000000009e+02
9.152920000000000300e+02
1.151403000000000020e+03
1.473041999999999916e+03
1.820634000000000015e+03
2.293210000000000036e+03
2.815929999999999836e+03
3.552527999999999793e+03
4.295978000000000065e+03
5.278054000000000087e+03
6.424636999999999716e+03
7.910198999999999614e+03
9.661268000000000029e+03
