1.000000000000000000e+00
1.995999999999999996e+00
3.068000000000000060e+00
4.075999999999999623e+00
5.166000000000000369e+00
7.331999999999999851e+00
8.423000000000000043e+00
1.035500000000000043e+01
1.240900000000000070e+01
1.416600000000000037e+01
1.693599999999999994e+01
1.998999999999999844e+01
2.385999999999999943e+01
2.877599999999999980e+01
3.624199999999999733e+01
4.401800000000000068e+01
5.246399999999999864e+01
6.350200000000000244e+01
7.646999999999999886e+01
9.156600000000000250e+01
1.084639999999999986e+02
1.328739999999999952e+02
1.578019999999999925e+02
1.893820000000000050e+02
2.316239999999999952e+02
2.835219999999999914e+02
3.497599999999999909e+02
4.257740000000000009e+02
5.048940000000000055e+02
6.011649999999999636e+02
7.407240000000000464e+02
8.780480000000000018e+02
1.051750999999999976e+03
1.282768000000000029e+03
1.523248000000000047e+03
1.819861000000000104e+03
2.159293999999999869e+03
2.529824000000000069e+03
3.102829999999999927e+03
3.774014000000000124e+03
4.607716000000000349e+03
5.598725999999999658e+03
6.907561999999999898e+03
8.289465000000000146e+03
1.007115300000000025e+04
