1.000000000000000000e+00
1.911999999999999922e+00
3.080000000000000071e+00
4.113999999999999879e+00
5.224000000000000199e+00
7.155999999999999694e+00
7.894000000000000128e+00
9.419999999999999929e+00
1.096100000000000030e+01
1.232099999999999973e+01
1.436999999999999922e+01
1.655999999999999872e+01
1.914999999999999858e+01
2.155799999999999983e+01
2.554100000000000037e+01
2.994999999999999929e+01
3.492099999999999937e+01
3.989200000000000301e+01
4.628199999999999648e+01
5.459799999999999898e+01
6.428499999999999659e+01
7.970399999999999352e+01
9.500900000000000034e+01
1.149719999999999942e+02
1.433540000000000134e+02
1.792740000000000009e+02
2.213040000000000020e+02
2.673999999999999773e+02
3.269350000000000023e+02
3.925670000000000073e+02
4.758269999999999982e+02
5.979279999999999973e+02
7.615860000000000127e+02
9.571040000000000418e+02
1.193045000000000073e+03
1.441788000000000011e+03
1.830314000000000078e+03
2.269728000000000065e+03
2.858929999999999836e+03
3.565461999999999989e+03
4.370087999999999738e+03
5.322453999999999724e+03
6.574247999999999593e+03
8.045618000000000393e+03
9.902933000000000902e+03
