1.000000000000000000e+00
1.917999999999999927e+00
3.092000000000000082e+00
3.971000000000000085e+00
5.224000000000000199e+00
7.258000000000000007e+00
8.108999999999999986e+00
9.788999999999999702e+00
1.134900000000000020e+01
1.291999999999999993e+01
1.505000000000000071e+01
1.683999999999999986e+01
1.912000000000000099e+01
2.195599999999999952e+01
2.579100000000000037e+01
2.846600000000000108e+01
3.239500000000000313e+01
3.729599999999999937e+01
4.313400000000000034e+01
5.163799999999999812e+01
6.359300000000000352e+01
7.656999999999999318e+01
9.331300000000000239e+01
1.154300000000000068e+02
1.384099999999999966e+02
1.640120000000000005e+02
2.011320000000000050e+02
2.415380000000000109e+02
3.077830000000000155e+02
3.726680000000000064e+02
4.669630000000000223e+02
5.820979999999999563e+02
7.208269999999999982e+02
9.081359999999999673e+02
1.153212999999999965e+03
1.445010999999999967e+03
1.817304000000000087e+03
2.262626000000000204e+03
2.810742000000000189e+03
3.470146000000000186e+03
4.272409999999999854e+03
5.250880000000000109e+03
6.435858000000000175e+03
8.002805999999999585e+03
9.769300999999999476e+03
