1.000000000000000000e+00
1.943999999999999950e+00
3.128000000000000114e+00
4.246000000000000441e+00
5.378000000000000114e+00
7.225999999999999979e+00
7.995000000000000107e+00
9.676000000000000156e+00
1.121700000000000053e+01
1.294100000000000072e+01
1.489400000000000013e+01
1.704400000000000048e+01
1.959299999999999997e+01
2.248799999999999955e+01
2.632400000000000162e+01
2.953200000000000003e+01
3.337899999999999778e+01
3.908599999999999852e+01
4.499600000000000222e+01
5.433800000000000097e+01
6.580100000000000193e+01
8.002800000000000580e+01
9.451000000000000512e+01
1.181620000000000061e+02
1.456779999999999973e+02
1.794819999999999993e+02
2.167019999999999982e+02
2.591440000000000055e+02
3.164750000000000227e+02
3.842309999999999945e+02
4.694529999999999745e+02
5.851119999999999663e+02
7.222619999999999436e+02
9.097039999999999509e+02
1.135612000000000080e+03
1.422238000000000056e+03
1.817695999999999913e+03
2.286534000000000106e+03
2.840791999999999916e+03
3.517795999999999822e+03
4.351971999999999753e+03
5.273555999999999585e+03
6.406454999999999927e+03
7.747810999999999694e+03
9.452394000000000233e+03
