1.000000000000000000e+00
1.987000000000000099e+00
2.967999999999999972e+00
3.983000000000000096e+00
4.977999999999999758e+00
6.892000000000000348e+00
7.732000000000000206e+00
9.715999999999999304e+00
1.162100000000000044e+01
1.353200000000000003e+01
1.678999999999999915e+01
1.985300000000000153e+01
2.371699999999999875e+01
2.806599999999999895e+01
3.602199999999999847e+01
4.284799999999999898e+01
5.173499999999999943e+01
6.290999999999999659e+01
7.596200000000000330e+01
9.267400000000000659e+01
1.130520000000000067e+02
1.368720000000000141e+02
1.607450000000000045e+02
1.940720000000000027e+02
2.350380000000000109e+02
2.857339999999999804e+02
3.444739999999999895e+02
4.191680000000000064e+02
5.017400000000000091e+02
6.124299999999999500e+02
7.329930000000000518e+02
8.777759999999999536e+02
1.032661000000000058e+03
1.242740000000000009e+03
1.496531999999999925e+03
1.842587999999999965e+03
2.241239999999999782e+03
2.683556000000000040e+03
3.254737999999999829e+03
3.951920000000000073e+03
4.753648000000000138e+03
5.658970000000000255e+03
6.720337999999999738e+03
8.209516999999999825e+03
9.994079999999999927e+03
