1.000000000000000000e+00
1.951999999999999957e+00
3.165999999999999925e+00
4.163999999999999702e+00
5.331999999999999851e+00
7.347999999999999865e+00
8.243999999999999773e+00
9.890000000000000568e+00
1.162400000000000055e+01
1.315199999999999925e+01
1.540799999999999947e+01
1.721600000000000108e+01
1.924800000000000111e+01
2.196399999999999864e+01
2.604100000000000037e+01
3.040399999999999991e+01
3.550399999999999778e+01
4.060999999999999943e+01
4.591799999999999926e+01
5.433200000000000074e+01
6.497299999999999898e+01
7.790200000000000102e+01
9.589700000000000557e+01
1.178460000000000036e+02
1.445579999999999927e+02
1.775759999999999934e+02
2.212119999999999891e+02
2.684879999999999995e+02
3.218299999999999841e+02
3.852690000000000055e+02
4.784920000000000186e+02
5.989460000000000264e+02
7.560489999999999782e+02
9.236159999999999854e+02
1.171711000000000013e+03
1.489691000000000031e+03
1.864220000000000027e+03
2.339393999999999778e+03
2.892230000000000018e+03
3.490268000000000029e+03
4.380578000000000429e+03
5.354560999999999694e+03
6.611484999999999673e+03
8.003117000000000189e+03
9.823291999999999462e+03
