1.000000000000000000e+00
1.935999999999999943e+00
3.192000000000000171e+00
4.424000000000000377e+00
5.503999999999999559e+00
7.607999999999999652e+00
8.644000000000000128e+00
1.065600000000000058e+01
1.319599999999999973e+01
1.545599999999999952e+01
1.818400000000000105e+01
2.132400000000000162e+01
2.664000000000000057e+01
3.148000000000000043e+01
3.761999999999999744e+01
4.584000000000000341e+01
5.400399999999999778e+01
6.416800000000000637e+01
7.623999999999999488e+01
9.604000000000000625e+01
1.168599999999999994e+02
1.370639999999999930e+02
1.667760000000000105e+02
1.950560000000000116e+02
2.370000000000000000e+02
2.855120000000000005e+02
3.445280000000000200e+02
4.113279999999999745e+02
4.938399999999999750e+02
5.910439999999999827e+02
7.106079999999999472e+02
8.374320000000000164e+02
9.982440000000000282e+02
1.201144000000000005e+03
1.449612000000000080e+03
1.786163999999999987e+03
2.206576000000000022e+03
2.642648000000000138e+03
3.092599999999999909e+03
3.878952000000000226e+03
4.685775999999999840e+03
5.807868000000000393e+03
7.279228000000000065e+03
9.186652000000000044e+03
1.103352000000000044e+04
