1.000000000000000000e+00
2.064000000000000057e+00
3.216000000000000192e+00
4.400000000000000355e+00
5.440000000000000391e+00
7.671999999999999709e+00
9.099999999999999645e+00
1.142800000000000082e+01
1.424000000000000021e+01
1.672800000000000153e+01
2.073600000000000065e+01
2.371600000000000108e+01
2.791199999999999903e+01
3.420000000000000284e+01
4.307200000000000273e+01
5.135199999999999676e+01
6.066400000000000148e+01
6.979999999999999716e+01
8.057599999999999341e+01
9.136799999999999500e+01
1.091200000000000045e+02
1.249120000000000061e+02
1.527359999999999900e+02
1.799360000000000070e+02
2.159840000000000089e+02
2.583279999999999745e+02
3.234879999999999995e+02
3.730160000000000196e+02
4.514399999999999977e+02
5.437440000000000282e+02
6.642359999999999900e+02
8.083600000000000136e+02
9.744800000000000182e+02
1.177703999999999951e+03
1.433955999999999904e+03
1.692104000000000042e+03
2.127543999999999869e+03
2.525032000000000153e+03
3.165239999999999782e+03
3.919623999999999796e+03
4.823287999999999556e+03
5.783167999999999665e+03
7.469699999999999818e+03
8.822703999999999724e+03
1.064983599999999933e+04
