1.000000000000000000e+00
2.004999999999999893e+00
3.041999999999999815e+00
4.067999999999999616e+00
5.089999999999999858e+00
7.110000000000000320e+00
8.259999999999999787e+00
1.024300000000000033e+01
1.237899999999999956e+01
1.461400000000000077e+01
1.783399999999999963e+01
2.060699999999999932e+01
2.440299999999999869e+01
2.950400000000000134e+01
3.633200000000000074e+01
4.399600000000000222e+01
5.277700000000000102e+01
6.568399999999999750e+01
7.791800000000000637e+01
9.537600000000000477e+01
1.138810000000000002e+02
1.389219999999999970e+02
1.662889999999999873e+02
2.008259999999999934e+02
2.442379999999999995e+02
2.853120000000000118e+02
3.470120000000000005e+02
4.154359999999999786e+02
5.013969999999999914e+02
5.977380000000000564e+02
7.187380000000000564e+02
8.718039999999999736e+02
1.035439000000000078e+03
1.279673999999999978e+03
1.544684999999999945e+03
1.864624000000000024e+03
2.241623999999999796e+03
2.694800000000000182e+03
3.265447999999999865e+03
3.947320000000000164e+03
4.779822000000000116e+03
5.640337999999999738e+03
6.699653000000000247e+03
8.084720000000000255e+03
9.791408999999999651e+03
