1.000000000000000000e+00
2.000000000000000000e+00
2.927999999999999936e+00
3.911999999999999922e+00
5.048000000000000043e+00
7.064000000000000057e+00
8.023999999999999133e+00
9.996000000000000441e+00
1.201999999999999957e+01
1.361599999999999966e+01
1.610399999999999920e+01
2.024800000000000111e+01
2.434400000000000119e+01
2.893599999999999994e+01
3.489600000000000080e+01
4.069599999999999795e+01
5.117600000000000193e+01
5.968800000000000239e+01
7.168800000000000239e+01
8.517600000000000193e+01
1.050480000000000018e+02
1.271200000000000045e+02
1.490960000000000036e+02
1.718400000000000034e+02
2.154480000000000075e+02
2.548799999999999955e+02
3.091759999999999877e+02
3.692719999999999914e+02
4.736999999999999886e+02
5.920359999999999445e+02
6.971280000000000427e+02
8.532960000000000491e+02
1.057516000000000076e+03
1.314167999999999893e+03
1.587516000000000076e+03
1.933096000000000004e+03
2.359983999999999924e+03
2.859487999999999829e+03
3.336248000000000047e+03
4.024440000000000055e+03
4.767279999999999745e+03
5.993055999999999585e+03
7.149087999999999738e+03
8.719727999999999156e+03
1.061134399999999914e+04
