1.000000000000000000e+00
2.100000000000000089e+00
3.240000000000000213e+00
4.312000000000000277e+00
5.480000000000000426e+00
7.775999999999999801e+00
8.656000000000000583e+00
1.087599999999999945e+01
1.275999999999999979e+01
1.464799999999999969e+01
1.709600000000000009e+01
1.984400000000000119e+01
2.371999999999999886e+01
2.907199999999999918e+01
3.706000000000000227e+01
4.236800000000000210e+01
4.967600000000000193e+01
6.081600000000000250e+01
7.174399999999999977e+01
8.820799999999999841e+01
1.064680000000000035e+02
1.298319999999999936e+02
1.566879999999999882e+02
1.872560000000000002e+02
2.285440000000000111e+02
2.814639999999999986e+02
3.272479999999999905e+02
4.143279999999999745e+02
4.836879999999999882e+02
5.708160000000000309e+02
7.093319999999999936e+02
8.173360000000000127e+02
1.038567999999999984e+03
1.185640000000000100e+03
1.435347999999999956e+03
1.700832000000000107e+03
2.032711999999999989e+03
2.611007999999999811e+03
3.149623999999999796e+03
3.740248000000000047e+03
4.495184000000000196e+03
5.373707999999999629e+03
6.442576000000000022e+03
8.089855999999999767e+03
9.692343999999999141e+03
