1.000000000000000000e+00
2.031000000000000139e+00
3.061999999999999833e+00
4.100999999999999979e+00
5.168000000000000149e+00
7.107999999999999652e+00
8.051999999999999602e+00
1.004499999999999993e+01
1.186299999999999955e+01
1.383300000000000018e+01
1.712600000000000122e+01
2.012999999999999901e+01
2.380900000000000105e+01
2.894999999999999929e+01
3.579999999999999716e+01
4.291400000000000148e+01
5.263400000000000034e+01
6.281000000000000227e+01
7.664199999999999591e+01
9.242799999999999727e+01
1.134699999999999989e+02
1.349079999999999870e+02
1.600749999999999886e+02
1.903199999999999932e+02
2.341359999999999957e+02
2.776840000000000259e+02
3.404900000000000091e+02
4.135219999999999914e+02
5.078410000000000082e+02
6.139220000000000255e+02
7.477830000000000155e+02
8.838619999999999663e+02
1.053070999999999913e+03
1.292814000000000078e+03
1.539256000000000085e+03
1.858798999999999978e+03
2.286614000000000033e+03
2.711722000000000207e+03
3.289458000000000084e+03
3.969275999999999840e+03
4.825213999999999942e+03
5.879635000000000218e+03
7.067673999999999978e+03
8.560702999999999520e+03
1.001718100000000049e+04
