1.000000000000000000e+00
2.057999999999999829e+00
3.085999999999999854e+00
4.171000000000000263e+00
5.115999999999999659e+00
7.126000000000000334e+00
8.101000000000000867e+00
9.868999999999999773e+00
1.190600000000000058e+01
1.401200000000000045e+01
1.760800000000000054e+01
2.058599999999999852e+01
2.434700000000000131e+01
2.930199999999999960e+01
3.604899999999999949e+01
4.270000000000000284e+01
5.067199999999999704e+01
6.175000000000000000e+01
7.368600000000000705e+01
9.001800000000000068e+01
1.076250000000000000e+02
1.292160000000000082e+02
1.538839999999999861e+02
1.883520000000000039e+02
2.261339999999999861e+02
2.732740000000000009e+02
3.311820000000000164e+02
4.067160000000000082e+02
5.006850000000000023e+02
6.044049999999999727e+02
7.506720000000000255e+02
8.824239999999999782e+02
1.062337999999999965e+03
1.268223999999999933e+03
1.530599999999999909e+03
1.853894999999999982e+03
2.269989999999999782e+03
2.726809999999999945e+03
3.278800000000000182e+03
4.025065999999999804e+03
4.766496000000000095e+03
5.726618000000000393e+03
6.726043999999999869e+03
8.080408999999999651e+03
1.014056400000000031e+04
