1.000000000000000000e+00
2.023000000000000131e+00
3.000000000000000000e+00
3.987000000000000099e+00
4.919999999999999929e+00
6.758000000000000007e+00
7.700000000000000178e+00
9.804999999999999716e+00
1.169800000000000040e+01
1.373099999999999987e+01
1.668599999999999994e+01
1.970899999999999963e+01
2.407999999999999829e+01
2.956800000000000139e+01
3.552799999999999869e+01
4.220000000000000284e+01
5.169400000000000261e+01
6.314600000000000080e+01
7.523799999999999955e+01
9.220999999999999375e+01
1.107109999999999985e+02
1.315579999999999927e+02
1.612810000000000059e+02
1.933979999999999961e+02
2.285260000000000105e+02
2.723299999999999841e+02
3.297660000000000196e+02
3.953179999999999836e+02
4.723120000000000118e+02
5.763170000000000073e+02
6.933260000000000218e+02
8.547640000000000100e+02
1.036076000000000022e+03
1.255163999999999987e+03
1.498506000000000085e+03
1.838353000000000065e+03
2.318422000000000025e+03
2.790974000000000160e+03
3.313418000000000120e+03
3.971782000000000153e+03
4.776528000000000247e+03
5.640846999999999753e+03
6.809710000000000036e+03
8.218219999999999345e+03
9.982122999999999593e+03
