1.000000000000000000e+00
2.032000000000000028e+00
3.200000000000000178e+00
4.384000000000000341e+00
5.623999999999999666e+00
7.903999999999999915e+00
9.135999999999999233e+00
1.151600000000000001e+01
1.480799999999999983e+01
1.686400000000000077e+01
2.044000000000000128e+01
2.480799999999999983e+01
2.962399999999999878e+01
3.479200000000000159e+01
4.368399999999999750e+01
5.089600000000000080e+01
6.237599999999999767e+01
7.617600000000000193e+01
8.513599999999999568e+01
9.696800000000000352e+01
1.150679999999999978e+02
1.365440000000000111e+02
1.625600000000000023e+02
1.899439999999999884e+02
2.254960000000000093e+02
2.660480000000000018e+02
3.041840000000000259e+02
3.753519999999999754e+02
4.733240000000000123e+02
5.652519999999999527e+02
7.122799999999999727e+02
8.410960000000000036e+02
1.053192000000000007e+03
1.277440000000000055e+03
1.488531999999999925e+03
1.757039999999999964e+03
2.072719999999999800e+03
2.510711999999999989e+03
3.102840000000000146e+03
3.844248000000000047e+03
4.645640000000000327e+03
5.799807999999999993e+03
7.073083999999999833e+03
8.525656000000000859e+03
1.006889199999999983e+04
