1.000000000000000000e+00
2.019000000000000128e+00
3.032000000000000028e+00
4.062000000000000277e+00
5.035999999999999588e+00
7.089999999999999858e+00
8.201000000000000512e+00
1.034999999999999964e+01
1.219500000000000028e+01
1.438499999999999979e+01
1.724200000000000088e+01
1.995799999999999841e+01
2.369000000000000128e+01
2.884600000000000009e+01
3.512400000000000233e+01
4.329999999999999716e+01
5.258400000000000318e+01
6.405599999999999739e+01
7.541800000000000637e+01
9.296800000000000352e+01
1.119939999999999998e+02
1.342379999999999995e+02
1.645209999999999866e+02
1.950519999999999925e+02
2.319219999999999970e+02
2.782860000000000014e+02
3.424139999999999873e+02
4.148519999999999754e+02
5.087660000000000196e+02
6.153460000000000036e+02
7.298479999999999563e+02
8.764539999999999509e+02
1.051180000000000064e+03
1.273250000000000000e+03
1.549480000000000018e+03
1.872219000000000051e+03
2.234195999999999913e+03
2.667900000000000091e+03
3.238637999999999920e+03
3.865755999999999858e+03
4.694868000000000393e+03
5.606497999999999593e+03
6.800141999999999825e+03
8.199595999999999549e+03
1.001040999999999985e+04
