1.000000000000000000e+00
1.965999999999999970e+00
3.081999999999999851e+00
4.158000000000000362e+00
5.217999999999999972e+00
7.193999999999999950e+00
8.291999999999999815e+00
1.040099999999999980e+01
1.247300000000000075e+01
1.473000000000000043e+01
1.784799999999999898e+01
2.055099999999999838e+01
2.451500000000000057e+01
2.942999999999999972e+01
3.671600000000000108e+01
4.429999999999999716e+01
5.460600000000000165e+01
6.516800000000000637e+01
7.729399999999999693e+01
9.317400000000000659e+01
1.124609999999999985e+02
1.327560000000000002e+02
1.627789999999999964e+02
1.973180000000000121e+02
2.325519999999999925e+02
2.758820000000000050e+02
3.345000000000000000e+02
4.060799999999999841e+02
4.852160000000000082e+02
5.872400000000000091e+02
7.243899999999999864e+02
8.755639999999999645e+02
1.035838999999999942e+03
1.264913999999999987e+03
1.530060999999999922e+03
1.835570999999999913e+03
2.159751999999999953e+03
2.610244000000000142e+03
3.095829999999999927e+03
3.776376000000000204e+03
4.545463999999999942e+03
5.493777000000000044e+03
6.661903000000000247e+03
8.004149000000000342e+03
9.573843000000000757e+03
