1.000000000000000000e+00
1.955999999999999961e+00
2.970000000000000195e+00
4.009999999999999787e+00
5.104000000000000092e+00
7.246000000000000441e+00
8.326999999999999957e+00
1.038599999999999923e+01
1.219599999999999973e+01
1.435100000000000087e+01
1.719399999999999906e+01
2.051300000000000168e+01
2.421000000000000085e+01
2.935399999999999920e+01
3.601700000000000301e+01
4.352799999999999869e+01
5.220000000000000284e+01
6.128399999999999892e+01
7.381000000000000227e+01
8.810599999999999454e+01
1.078199999999999932e+02
1.288160000000000025e+02
1.525809999999999889e+02
1.847740000000000009e+02
2.298220000000000027e+02
2.753059999999999832e+02
3.294359999999999786e+02
4.087440000000000282e+02
4.921999999999999886e+02
6.128940000000000055e+02
7.314489999999999554e+02
8.977219999999999800e+02
1.095162000000000035e+03
1.311011999999999944e+03
1.541065000000000055e+03
1.850875999999999976e+03
2.266757999999999811e+03
2.768947999999999865e+03
3.286192000000000007e+03
4.017342000000000098e+03
4.909488000000000284e+03
5.962520000000000437e+03
7.164530999999999949e+03
8.422578999999999724e+03
1.026839999999999964e+04
