1.000000000000000000e+00
1.937000000000000055e+00
2.878000000000000114e+00
3.992999999999999883e+00
5.027999999999999581e+00
7.136000000000000121e+00
8.053000000000000824e+00
1.016399999999999970e+01
1.223600000000000065e+01
1.426800000000000068e+01
1.743799999999999883e+01
2.016499999999999915e+01
2.398799999999999955e+01
2.900799999999999912e+01
3.574900000000000233e+01
4.255799999999999983e+01
5.229699999999999704e+01
6.310399999999999920e+01
7.517600000000000193e+01
9.141599999999999682e+01
1.104410000000000025e+02
1.331860000000000070e+02
1.609029999999999916e+02
1.934699999999999989e+02
2.357419999999999902e+02
2.837520000000000095e+02
3.363779999999999859e+02
4.074820000000000277e+02
4.937470000000000141e+02
5.998719999999999573e+02
7.169880000000000564e+02
8.873200000000000500e+02
1.055124000000000024e+03
1.285365999999999985e+03
1.553163999999999987e+03
1.838929000000000087e+03
2.231228000000000065e+03
2.694036000000000058e+03
3.241643999999999778e+03
3.876615999999999985e+03
4.616935999999999694e+03
5.593966000000000349e+03
6.751548999999999978e+03
8.184197000000000116e+03
9.964305000000000291e+03
