1.000000000000000000e+00
1.975999999999999979e+00
3.168000000000000149e+00
4.456000000000000405e+00
5.823999999999999844e+00
8.727999999999999758e+00
1.009999999999999964e+01
1.245199999999999996e+01
1.489600000000000080e+01
1.692399999999999949e+01
1.983999999999999986e+01
2.300799999999999912e+01
2.742000000000000171e+01
3.312800000000000011e+01
3.925600000000000023e+01
4.620799999999999841e+01
5.389600000000000080e+01
6.341599999999999682e+01
7.781600000000000250e+01
9.673600000000000421e+01
1.125960000000000036e+02
1.397280000000000086e+02
1.635680000000000121e+02
1.882640000000000100e+02
2.245680000000000121e+02
2.635679999999999836e+02
3.186560000000000059e+02
4.011680000000000064e+02
4.806440000000000055e+02
5.887079999999999700e+02
7.499080000000000155e+02
9.139519999999999982e+02
1.060044000000000096e+03
1.291720000000000027e+03
1.577332000000000107e+03
1.920096000000000004e+03
2.397231999999999971e+03
2.809007999999999811e+03
3.453311999999999898e+03
4.160671999999999571e+03
4.678391999999999825e+03
5.731511999999999716e+03
7.179735999999999876e+03
8.490311999999999898e+03
1.049849200000000019e+04
