1.000000000000000000e+00
2.048000000000000043e+00
3.132000000000000117e+00
4.133000000000000007e+00
5.113999999999999879e+00
7.091999999999999638e+00
8.003000000000000114e+00
9.922000000000000597e+00
1.158799999999999919e+01
1.348600000000000065e+01
1.642200000000000060e+01
1.959100000000000108e+01
2.342599999999999838e+01
2.826800000000000068e+01
3.508599999999999852e+01
4.239600000000000080e+01
5.131099999999999994e+01
6.223400000000000176e+01
7.351399999999999579e+01
8.831199999999999761e+01
1.043960000000000008e+02
1.244140000000000015e+02
1.480960000000000036e+02
1.787340000000000089e+02
2.150200000000000102e+02
2.659159999999999968e+02
3.223460000000000036e+02
3.940439999999999827e+02
4.784279999999999973e+02
5.947569999999999482e+02
7.199729999999999563e+02
8.721779999999999973e+02
1.054820999999999913e+03
1.260046000000000049e+03
1.515439000000000078e+03
1.782500999999999976e+03
2.144750000000000000e+03
2.571130000000000109e+03
3.107945999999999913e+03
3.671130000000000109e+03
4.457332000000000335e+03
5.467381999999999607e+03
6.752347999999999956e+03
8.192490999999999985e+03
9.718572000000000116e+03
