1.000000000000000000e+00
2.001999999999999780e+00
3.041999999999999815e+00
4.024000000000000021e+00
5.080000000000000071e+00
7.246000000000000441e+00
8.311999999999999389e+00
1.025500000000000078e+01
1.240300000000000047e+01
1.452899999999999991e+01
1.796799999999999997e+01
2.109100000000000108e+01
2.503399999999999892e+01
2.993199999999999861e+01
3.682300000000000040e+01
4.374199999999999733e+01
5.327499999999999858e+01
6.476399999999999579e+01
7.675000000000000000e+01
9.450199999999999534e+01
1.131029999999999944e+02
1.368959999999999866e+02
1.636970000000000027e+02
1.940639999999999930e+02
2.318499999999999943e+02
2.790939999999999941e+02
3.408659999999999854e+02
4.106519999999999868e+02
4.945869999999999891e+02
5.976169999999999618e+02
7.305159999999999627e+02
8.785299999999999727e+02
1.045587999999999965e+03
1.256599999999999909e+03
1.524028000000000020e+03
1.836705999999999904e+03
2.298094000000000051e+03
2.772862000000000080e+03
3.355677999999999884e+03
4.013208000000000084e+03
4.824971999999999753e+03
5.697510000000000218e+03
6.910317000000000007e+03
8.417164000000000669e+03
1.030387099999999919e+04
