1.000000000000000000e+00
2.004000000000000004e+00
3.096000000000000085e+00
4.240000000000000213e+00
5.280000000000000249e+00
7.791999999999999815e+00
8.852000000000000313e+00
1.129599999999999937e+01
1.337599999999999945e+01
1.493200000000000038e+01
1.822400000000000020e+01
2.203200000000000003e+01
2.680799999999999983e+01
3.243200000000000216e+01
3.978799999999999670e+01
4.678399999999999892e+01
5.571600000000000108e+01
6.523199999999999932e+01
7.541599999999999682e+01
9.084000000000000341e+01
1.154039999999999964e+02
1.358880000000000052e+02
1.648199999999999932e+02
1.965840000000000032e+02
2.369759999999999991e+02
2.807839999999999918e+02
3.431600000000000250e+02
4.016480000000000246e+02
5.030840000000000032e+02
6.121720000000000255e+02
7.821799999999999500e+02
9.436720000000000255e+02
1.118528000000000020e+03
1.308160000000000082e+03
1.573412000000000035e+03
1.838723999999999933e+03
2.224519999999999982e+03
2.763463999999999942e+03
3.193175999999999931e+03
3.830215999999999894e+03
4.690184000000000196e+03
5.297644000000000233e+03
6.359328000000000429e+03
7.741811999999999898e+03
9.113268000000000029e+03
