1.000000000000000000e+00
2.016000000000000014e+00
3.056000000000000050e+00
3.951999999999999957e+00
4.895999999999999908e+00
7.288000000000000256e+00
8.275999999999999801e+00
1.055199999999999960e+01
1.248399999999999999e+01
1.472400000000000020e+01
1.777599999999999980e+01
2.080799999999999983e+01
2.454400000000000048e+01
2.980000000000000071e+01
3.633599999999999852e+01
4.186399999999999721e+01
5.206000000000000227e+01
6.311999999999999744e+01
7.599200000000000443e+01
9.747199999999999420e+01
1.133280000000000030e+02
1.364159999999999968e+02
1.650999999999999943e+02
1.974399999999999977e+02
2.337280000000000086e+02
2.763360000000000127e+02
3.329200000000000159e+02
3.906560000000000059e+02
4.665000000000000000e+02
5.573920000000000528e+02
6.916760000000000446e+02
8.388959999999999582e+02
1.013847999999999956e+03
1.215768000000000029e+03
1.478736000000000104e+03
1.761119999999999891e+03
2.134016000000000076e+03
2.663487999999999829e+03
3.180536000000000058e+03
3.860456000000000131e+03
4.696895999999999731e+03
5.542764000000000124e+03
7.138479999999999563e+03
8.850379999999999200e+03
1.036456400000000031e+04
