1.000000000000000000e+00
2.052000000000000046e+00
3.200000000000000178e+00
4.200000000000000178e+00
5.535999999999999588e+00
8.240000000000000213e+00
9.176000000000000156e+00
1.047600000000000087e+01
1.294400000000000084e+01
1.513599999999999923e+01
1.902400000000000091e+01
2.207600000000000051e+01
2.555600000000000094e+01
3.073600000000000065e+01
3.611999999999999744e+01
4.232800000000000296e+01
4.785999999999999943e+01
5.459199999999999875e+01
5.769599999999999795e+01
6.991200000000000614e+01
8.141200000000000614e+01
9.615999999999999659e+01
1.070079999999999956e+02
1.239039999999999964e+02
1.486080000000000041e+02
1.771599999999999966e+02
2.051359999999999957e+02
2.564959999999999809e+02
3.260400000000000205e+02
3.888559999999999945e+02
4.353000000000000114e+02
5.177039999999999509e+02
6.135560000000000400e+02
7.288400000000000318e+02
8.884679999999999609e+02
1.110327999999999975e+03
1.345488000000000056e+03
1.583887999999999920e+03
1.960791999999999916e+03
2.328351999999999862e+03
3.069472000000000207e+03
3.729083999999999833e+03
4.733792000000000371e+03
5.971524000000000342e+03
7.523384000000000015e+03
