1.000000000000000000e+00
1.919999999999999929e+00
3.088000000000000078e+00
4.299999999999999822e+00
5.655999999999999694e+00
8.256000000000000227e+00
9.416000000000000369e+00
1.206400000000000006e+01
1.434399999999999942e+01
1.720400000000000063e+01
2.052799999999999869e+01
2.357600000000000051e+01
2.633599999999999852e+01
3.093599999999999994e+01
3.863199999999999790e+01
4.615200000000000102e+01
5.685199999999999676e+01
6.589600000000000080e+01
7.589600000000000080e+01
9.075199999999999534e+01
1.015879999999999939e+02
1.267999999999999972e+02
1.528280000000000030e+02
1.816399999999999864e+02
2.175840000000000032e+02
2.512959999999999923e+02
3.080559999999999832e+02
3.841440000000000055e+02
4.721720000000000255e+02
5.671639999999999873e+02
6.914519999999999982e+02
8.688400000000000318e+02
1.031031999999999925e+03
1.216559999999999945e+03
1.437503999999999905e+03
1.709428000000000111e+03
2.047135999999999967e+03
2.501543999999999869e+03
2.984327999999999975e+03
3.590472000000000207e+03
4.479376000000000204e+03
5.417855999999999767e+03
6.531467999999999847e+03
7.940055999999999585e+03
9.541115999999999985e+03
