1.000000000000000000e+00
1.963999999999999968e+00
2.975999999999999979e+00
4.067999999999999616e+00
5.208000000000000185e+00
7.464000000000000412e+00
8.708000000000000185e+00
1.129199999999999982e+01
1.417600000000000016e+01
1.746000000000000085e+01
2.069600000000000151e+01
2.432400000000000162e+01
2.956400000000000006e+01
3.652000000000000313e+01
4.302400000000000091e+01
5.126400000000000290e+01
6.143999999999999773e+01
7.152800000000000580e+01
8.204000000000000625e+01
9.702400000000000091e+01
1.108119999999999976e+02
1.319840000000000089e+02
1.542239999999999895e+02
1.865519999999999925e+02
2.180720000000000027e+02
2.550639999999999930e+02
3.006639999999999873e+02
3.698960000000000150e+02
4.750919999999999845e+02
5.765760000000000218e+02
6.744279999999999973e+02
8.514959999999999809e+02
1.070327999999999975e+03
1.364144000000000005e+03
1.682132000000000062e+03
1.924855999999999995e+03
2.242760000000000218e+03
2.667552000000000135e+03
3.259112000000000080e+03
3.917463999999999942e+03
4.768176000000000386e+03
5.908807999999999993e+03
7.070868000000000393e+03
8.633352000000000771e+03
1.016961599999999999e+04
