1.000000000000000000e+00
2.000000000000000000e+00
3.120000000000000107e+00
4.131999999999999673e+00
5.208000000000000185e+00
7.496000000000000441e+00
8.460000000000000853e+00
1.011599999999999966e+01
1.249200000000000088e+01
1.470800000000000018e+01
1.807199999999999918e+01
2.133999999999999986e+01
2.487999999999999901e+01
3.009600000000000009e+01
3.651599999999999824e+01
4.447200000000000131e+01
5.357600000000000051e+01
6.334400000000000119e+01
7.698399999999999466e+01
8.897599999999999909e+01
1.042600000000000051e+02
1.282719999999999914e+02
1.492199999999999989e+02
1.904799999999999898e+02
2.344879999999999995e+02
2.815840000000000032e+02
3.258720000000000141e+02
3.871600000000000250e+02
4.594519999999999982e+02
5.517759999999999536e+02
6.651599999999999682e+02
7.667759999999999536e+02
9.348120000000000118e+02
1.144976000000000113e+03
1.384539999999999964e+03
1.731644000000000005e+03
2.096135999999999967e+03
2.480711999999999989e+03
2.978143999999999778e+03
3.749096000000000004e+03
4.658351999999999862e+03
5.612507999999999811e+03
6.770667999999999665e+03
7.887180000000000291e+03
9.738868000000000393e+03
