1.000000000000000000e+00
1.973999999999999977e+00
3.193999999999999950e+00
4.116999999999999993e+00
5.168000000000000149e+00
7.032000000000000028e+00
7.817000000000000171e+00
9.522999999999999687e+00
1.097899999999999920e+01
1.247700000000000031e+01
1.464400000000000013e+01
1.680300000000000082e+01
1.934600000000000009e+01
2.230000000000000071e+01
2.516400000000000148e+01
2.864799999999999969e+01
3.360399999999999920e+01
3.864200000000000301e+01
4.487199999999999989e+01
5.273199999999999932e+01
6.200200000000000244e+01
7.380599999999999739e+01
8.963400000000000034e+01
1.091580000000000013e+02
1.401119999999999948e+02
1.736040000000000134e+02
2.123000000000000114e+02
2.555060000000000002e+02
3.134700000000000273e+02
3.736519999999999868e+02
4.686820000000000164e+02
5.823819999999999482e+02
7.226620000000000346e+02
9.015040000000000191e+02
1.135976000000000113e+03
1.441402000000000044e+03
1.846203999999999951e+03
2.284746000000000095e+03
2.830681999999999789e+03
3.504425999999999931e+03
4.378195999999999913e+03
5.412756999999999607e+03
6.635181999999999789e+03
8.013529999999999745e+03
9.833397999999999229e+03
