1.000000000000000000e+00
1.993999999999999995e+00
2.959999999999999964e+00
3.954000000000000181e+00
5.043999999999999595e+00
7.235999999999999766e+00
8.265000000000000568e+00
1.027999999999999936e+01
1.245800000000000018e+01
1.443900000000000006e+01
1.735000000000000142e+01
2.023999999999999844e+01
2.481800000000000139e+01
2.993400000000000105e+01
3.695799999999999841e+01
4.414999999999999858e+01
5.249399999999999977e+01
6.248199999999999932e+01
7.538400000000000034e+01
9.113400000000000034e+01
1.108940000000000055e+02
1.349699999999999989e+02
1.585500000000000114e+02
1.909679999999999893e+02
2.335200000000000102e+02
2.795360000000000014e+02
3.454680000000000177e+02
4.112620000000000005e+02
4.869309999999999832e+02
5.871000000000000227e+02
7.075339999999999918e+02
8.546760000000000446e+02
1.045323000000000093e+03
1.287294000000000096e+03
1.491017000000000053e+03
1.837569999999999936e+03
2.179621999999999844e+03
2.667378000000000156e+03
3.184271999999999935e+03
3.886891999999999825e+03
4.750689999999999600e+03
5.608113000000000284e+03
6.675792999999999665e+03
8.137613999999999578e+03
9.832005999999999403e+03
