1.000000000000000000e+00
2.012000000000000011e+00
3.212000000000000188e+00
4.410000000000000142e+00
5.661999999999999922e+00
7.701999999999999957e+00
8.441000000000000725e+00
1.009500000000000064e+01
1.177999999999999936e+01
1.315700000000000003e+01
1.533600000000000030e+01
1.749399999999999977e+01
1.995499999999999829e+01
2.279799999999999827e+01
2.614699999999999847e+01
2.903399999999999892e+01
3.416599999999999682e+01
4.047999999999999687e+01
4.584199999999999875e+01
5.360999999999999943e+01
6.414000000000000057e+01
7.474599999999999511e+01
8.806499999999999773e+01
1.054539999999999935e+02
1.326839999999999975e+02
1.674060000000000059e+02
2.053160000000000025e+02
2.480459999999999923e+02
3.114580000000000268e+02
3.909300000000000068e+02
4.925149999999999864e+02
5.989880000000000564e+02
7.454339999999999691e+02
9.387079999999999700e+02
1.158730999999999995e+03
1.449654999999999973e+03
1.822034000000000106e+03
2.216139999999999873e+03
2.671213999999999942e+03
3.358239999999999782e+03
4.097086000000000240e+03
4.989188000000000102e+03
6.124773000000000138e+03
7.680577000000000226e+03
9.426779000000000451e+03
