1.000000000000000000e+00
2.011000000000000121e+00
3.005999999999999783e+00
4.089000000000000412e+00
5.179999999999999716e+00
7.283999999999999808e+00
8.342999999999999972e+00
1.029199999999999982e+01
1.246700000000000053e+01
1.453200000000000003e+01
1.723600000000000065e+01
2.032100000000000151e+01
2.427199999999999847e+01
2.928200000000000003e+01
3.561999999999999744e+01
4.249199999999999733e+01
5.198299999999999699e+01
6.151599999999999824e+01
7.431999999999999318e+01
9.157399999999999807e+01
1.104839999999999947e+02
1.319180000000000064e+02
1.565349999999999966e+02
1.844279999999999973e+02
2.191860000000000070e+02
2.651680000000000064e+02
3.187620000000000005e+02
3.783199999999999932e+02
4.715040000000000191e+02
5.758719999999999573e+02
7.015309999999999491e+02
8.423060000000000400e+02
1.008480000000000018e+03
1.224124000000000024e+03
1.467036000000000058e+03
1.774163000000000011e+03
2.117166000000000167e+03
2.625632000000000062e+03
3.117081999999999880e+03
3.879824000000000069e+03
4.705899999999999636e+03
5.676689000000000306e+03
6.866882999999999811e+03
8.212400999999999840e+03
1.002990999999999985e+04
