1.000000000000000000e+00
1.983999999999999986e+00
3.172000000000000153e+00
4.185999999999999943e+00
5.222000000000000419e+00
7.291999999999999815e+00
8.147999999999999687e+00
9.839000000000000412e+00
1.143599999999999994e+01
1.310299999999999976e+01
1.528800000000000026e+01
1.694800000000000040e+01
1.957199999999999918e+01
2.258200000000000074e+01
2.633899999999999864e+01
3.022400000000000020e+01
3.435399999999999920e+01
3.973599999999999710e+01
4.578600000000000136e+01
5.396999999999999886e+01
6.394899999999999807e+01
8.028000000000000114e+01
9.667499999999999716e+01
1.159180000000000064e+02
1.429019999999999868e+02
1.785600000000000023e+02
2.174619999999999891e+02
2.675579999999999927e+02
3.188340000000000032e+02
3.731709999999999923e+02
4.603439999999999941e+02
5.644279999999999973e+02
6.882590000000000146e+02
8.469500000000000455e+02
1.081701000000000022e+03
1.384200000000000045e+03
1.733695999999999913e+03
2.179474000000000160e+03
2.714003999999999905e+03
3.250251999999999953e+03
4.057186000000000149e+03
5.104283999999999651e+03
6.303140999999999622e+03
7.881279999999999745e+03
9.463534999999999854e+03
