1.000000000000000000e+00
1.975000000000000089e+00
3.132000000000000117e+00
4.176000000000000156e+00
5.233999999999999986e+00
7.346000000000000085e+00
8.275999999999999801e+00
1.020800000000000018e+01
1.190199999999999925e+01
1.386200000000000010e+01
1.656800000000000139e+01
1.964099999999999824e+01
2.353399999999999892e+01
2.832999999999999829e+01
3.405100000000000193e+01
4.015400000000000347e+01
4.906099999999999994e+01
5.888000000000000256e+01
7.130400000000000205e+01
8.830599999999999739e+01
1.068900000000000006e+02
1.292460000000000093e+02
1.563160000000000025e+02
1.903880000000000052e+02
2.317199999999999989e+02
2.842719999999999914e+02
3.376059999999999945e+02
3.991139999999999759e+02
4.830559999999999832e+02
5.914130000000000109e+02
7.207340000000000373e+02
8.702699999999999818e+02
1.060994999999999891e+03
1.270220000000000027e+03
1.570334000000000060e+03
1.881746000000000095e+03
2.330088000000000193e+03
2.791884000000000015e+03
3.384211999999999989e+03
4.092697999999999865e+03
4.753845999999999549e+03
5.685192000000000007e+03
6.717576000000000022e+03
8.094953000000000429e+03
9.710698000000000320e+03
