1.000000000000000000e+00
1.756000000000000005e+00
2.887999999999999901e+00
4.144000000000000128e+00
5.272000000000000242e+00
7.432000000000000384e+00
8.631999999999999673e+00
1.123199999999999932e+01
1.382799999999999940e+01
1.646399999999999864e+01
2.026399999999999935e+01
2.370799999999999841e+01
2.869600000000000151e+01
3.454399999999999693e+01
4.357600000000000051e+01
4.932800000000000296e+01
5.674799999999999756e+01
6.655200000000000671e+01
7.376800000000000068e+01
7.995199999999999818e+01
9.098399999999999466e+01
1.015120000000000005e+02
1.161400000000000006e+02
1.307920000000000016e+02
1.441599999999999966e+02
1.672959999999999923e+02
1.953360000000000127e+02
2.279279999999999973e+02
2.780199999999999818e+02
3.187839999999999918e+02
3.993799999999999955e+02
4.869279999999999973e+02
6.339479999999999791e+02
7.309199999999999591e+02
8.920080000000000382e+02
1.107528000000000020e+03
1.410711999999999989e+03
1.709711999999999989e+03
2.125400000000000091e+03
2.657143999999999778e+03
3.271199999999999818e+03
3.917135999999999967e+03
4.882560000000000400e+03
6.103623999999999796e+03
7.568764000000000124e+03
