1.000000000000000000e+00
2.016999999999999904e+00
3.056000000000000050e+00
4.142999999999999794e+00
5.137999999999999901e+00
7.097999999999999865e+00
8.188000000000000611e+00
1.025200000000000067e+01
1.217500000000000071e+01
1.413199999999999967e+01
1.745400000000000063e+01
2.056299999999999883e+01
2.416300000000000026e+01
2.879400000000000048e+01
3.526700000000000301e+01
4.205799999999999983e+01
5.146999999999999886e+01
6.167799999999999727e+01
7.174200000000000443e+01
8.848600000000000421e+01
1.077540000000000049e+02
1.307160000000000082e+02
1.596090000000000089e+02
1.934199999999999875e+02
2.317659999999999911e+02
2.752799999999999727e+02
3.294560000000000173e+02
3.984340000000000259e+02
4.714259999999999877e+02
5.708920000000000528e+02
6.838020000000000209e+02
8.445499999999999545e+02
1.018207999999999970e+03
1.240243999999999915e+03
1.512779999999999973e+03
1.865892000000000053e+03
2.283447999999999865e+03
2.720987999999999829e+03
3.250534000000000106e+03
3.836117999999999938e+03
4.653926000000000386e+03
5.588734000000000378e+03
6.866319000000000415e+03
8.242612999999999374e+03
1.013494100000000071e+04
