1.000000000000000000e+00
2.088000000000000078e+00
3.319999999999999840e+00
4.596000000000000085e+00
5.871999999999999886e+00
8.279999999999999361e+00
9.435999999999999943e+00
1.171599999999999930e+01
1.401200000000000045e+01
1.606400000000000006e+01
1.878399999999999892e+01
2.196000000000000085e+01
2.627599999999999980e+01
3.055999999999999872e+01
3.702000000000000313e+01
4.344800000000000040e+01
5.041599999999999682e+01
6.147999999999999687e+01
6.981600000000000250e+01
8.067199999999999704e+01
9.174800000000000466e+01
1.081680000000000064e+02
1.254399999999999977e+02
1.439919999999999902e+02
1.689600000000000080e+02
1.925519999999999925e+02
2.278160000000000025e+02
2.638399999999999750e+02
3.090679999999999836e+02
3.602520000000000095e+02
4.200079999999999814e+02
5.137119999999999891e+02
6.112000000000000455e+02
7.272160000000000082e+02
9.198079999999999927e+02
1.140183999999999969e+03
1.413384000000000015e+03
1.777400000000000091e+03
2.234440000000000055e+03
2.636088000000000193e+03
3.311583999999999833e+03
4.047108000000000175e+03
4.987171999999999571e+03
5.846891999999999825e+03
7.256115999999999985e+03
