1.000000000000000000e+00
1.870999999999999996e+00
3.116000000000000103e+00
4.123000000000000220e+00
5.301999999999999602e+00
7.160000000000000142e+00
7.972999999999999865e+00
9.484999999999999432e+00
1.082300000000000040e+01
1.223000000000000043e+01
1.435599999999999987e+01
1.639499999999999957e+01
1.885699999999999932e+01
2.178000000000000114e+01
2.547899999999999920e+01
2.935200000000000031e+01
3.415299999999999869e+01
4.046000000000000085e+01
4.651800000000000068e+01
5.514800000000000324e+01
6.618300000000000693e+01
8.274800000000000466e+01
1.002039999999999935e+02
1.206560000000000059e+02
1.488019999999999925e+02
1.848899999999999864e+02
2.242220000000000084e+02
2.712540000000000191e+02
3.268589999999999804e+02
3.933480000000000132e+02
4.673070000000000164e+02
5.658859999999999673e+02
6.876250000000000000e+02
8.396860000000000355e+02
1.075944999999999936e+03
1.382384000000000015e+03
1.752193999999999960e+03
2.202184000000000196e+03
2.746403999999999996e+03
3.409621999999999844e+03
4.234619999999999891e+03
5.077078999999999724e+03
6.251186999999999898e+03
7.519222999999999956e+03
8.943111999999999171e+03
