1.000000000000000000e+00
1.975999999999999979e+00
2.831999999999999851e+00
3.755999999999999783e+00
4.911999999999999922e+00
7.224000000000000199e+00
8.288000000000000256e+00
1.078400000000000070e+01
1.287599999999999945e+01
1.469999999999999929e+01
1.769600000000000151e+01
2.061599999999999966e+01
2.533200000000000074e+01
3.064000000000000057e+01
3.842799999999999727e+01
4.662400000000000233e+01
5.511200000000000188e+01
6.729600000000000648e+01
8.315200000000000102e+01
9.739199999999999591e+01
1.196719999999999970e+02
1.452880000000000109e+02
1.674679999999999893e+02
1.997680000000000007e+02
2.391359999999999957e+02
2.765919999999999845e+02
3.391680000000000064e+02
4.211519999999999868e+02
5.141839999999999691e+02
6.343559999999999945e+02
7.735359999999999445e+02
9.108719999999999573e+02
1.086291999999999916e+03
1.329640000000000100e+03
1.594271999999999935e+03
1.909415999999999940e+03
2.253704000000000178e+03
2.717744000000000142e+03
3.167536000000000058e+03
3.756576000000000022e+03
4.630064000000000306e+03
5.691524000000000342e+03
6.986243999999999687e+03
8.410987999999999374e+03
9.728804000000000087e+03
