1.000000000000000000e+00
2.019000000000000128e+00
3.065999999999999837e+00
4.134000000000000341e+00
5.150000000000000355e+00
7.062000000000000277e+00
7.980999999999999872e+00
9.801000000000000156e+00
1.200799999999999912e+01
1.403500000000000014e+01
1.671999999999999886e+01
1.973999999999999844e+01
2.440800000000000125e+01
2.936599999999999966e+01
3.577900000000000347e+01
4.304800000000000182e+01
5.188700000000000045e+01
6.248199999999999932e+01
7.300600000000000023e+01
8.958799999999999386e+01
1.099090000000000060e+02
1.334420000000000073e+02
1.603329999999999984e+02
1.929699999999999989e+02
2.304780000000000086e+02
2.810740000000000123e+02
3.334920000000000186e+02
3.980819999999999936e+02
4.871779999999999973e+02
5.968500000000000227e+02
7.187609999999999673e+02
8.761259999999999764e+02
1.066055000000000064e+03
1.288250000000000000e+03
1.531230999999999995e+03
1.861367999999999938e+03
2.273362000000000080e+03
2.805480000000000018e+03
3.367320000000000164e+03
3.937143999999999778e+03
4.840344000000000051e+03
5.806323999999999614e+03
6.858579999999999927e+03
8.049449999999999818e+03
9.509350000000000364e+03
