1.000000000000000000e+00
1.979999999999999982e+00
2.967999999999999972e+00
3.923999999999999932e+00
5.064000000000000057e+00
7.472000000000000419e+00
8.487999999999999545e+00
1.092800000000000082e+01
1.299200000000000088e+01
1.551999999999999957e+01
1.975199999999999889e+01
2.297200000000000131e+01
2.808800000000000097e+01
3.582399999999999807e+01
4.211999999999999744e+01
4.952000000000000313e+01
5.730799999999999983e+01
6.807999999999999829e+01
8.023199999999999932e+01
9.670399999999999352e+01
1.185120000000000005e+02
1.357280000000000086e+02
1.647439999999999998e+02
1.965600000000000023e+02
2.395039999999999907e+02
2.959920000000000186e+02
3.464560000000000173e+02
4.104080000000000155e+02
4.924839999999999804e+02
6.054320000000000164e+02
7.606960000000000264e+02
8.702160000000000082e+02
1.065776000000000067e+03
1.280440000000000055e+03
1.635788000000000011e+03
2.006208000000000084e+03
2.388976000000000113e+03
2.850672000000000025e+03
3.367472000000000207e+03
4.241296000000000276e+03
5.070256000000000313e+03
5.914336000000000240e+03
7.055640000000000327e+03
8.572015999999999622e+03
1.044749200000000019e+04
