1.000000000000000000e+00
1.991999999999999993e+00
3.080000000000000071e+00
4.320000000000000284e+00
5.480000000000000426e+00
7.903999999999999915e+00
9.188000000000000611e+00
1.131600000000000072e+01
1.391999999999999993e+01
1.700000000000000000e+01
2.019999999999999929e+01
2.405199999999999960e+01
2.841199999999999903e+01
3.506400000000000006e+01
4.364000000000000057e+01
5.039999999999999858e+01
5.897999999999999687e+01
7.274399999999999977e+01
8.782399999999999807e+01
1.045520000000000067e+02
1.239920000000000044e+02
1.443439999999999941e+02
1.733280000000000030e+02
2.043120000000000118e+02
2.365680000000000121e+02
2.800240000000000009e+02
3.267200000000000273e+02
4.068399999999999750e+02
4.665360000000000014e+02
5.641119999999999663e+02
6.692599999999999909e+02
8.036240000000000236e+02
9.581680000000000064e+02
1.197336000000000013e+03
1.500548000000000002e+03
1.813779999999999973e+03
2.147775999999999840e+03
2.585760000000000218e+03
3.141648000000000138e+03
3.882295999999999822e+03
4.668079999999999927e+03
5.774887999999999920e+03
6.739416000000000167e+03
8.100256000000000313e+03
9.764084000000000742e+03
