1.000000000000000000e+00
2.088000000000000078e+00
3.240000000000000213e+00
4.331999999999999851e+00
5.304000000000000270e+00
7.272000000000000242e+00
8.284000000000000696e+00
1.055599999999999916e+01
1.227200000000000024e+01
1.448399999999999999e+01
1.707999999999999829e+01
2.117599999999999838e+01
2.447599999999999909e+01
3.001599999999999824e+01
3.752799999999999869e+01
4.465599999999999881e+01
5.301599999999999824e+01
6.652800000000000580e+01
7.800000000000000000e+01
9.592799999999999727e+01
1.167360000000000042e+02
1.409120000000000061e+02
1.701680000000000064e+02
2.092239999999999895e+02
2.478400000000000034e+02
2.975439999999999827e+02
3.540319999999999823e+02
4.243999999999999773e+02
5.200320000000000391e+02
6.119279999999999973e+02
7.355800000000000409e+02
8.888640000000000327e+02
1.069923999999999978e+03
1.283912000000000035e+03
1.564872000000000071e+03
1.816503999999999905e+03
2.221063999999999851e+03
2.803103999999999814e+03
3.328047999999999774e+03
4.029128000000000156e+03
4.885927999999999884e+03
5.932064000000000306e+03
7.107043999999999869e+03
8.517004000000000815e+03
1.030217200000000048e+04
