1.000000000000000000e+00
1.911000000000000032e+00
3.136000000000000121e+00
4.141000000000000014e+00
5.291999999999999815e+00
7.017999999999999794e+00
7.947000000000000064e+00
9.564999999999999503e+00
1.108399999999999963e+01
1.243699999999999939e+01
1.465199999999999925e+01
1.640899999999999892e+01
1.888299999999999912e+01
2.155999999999999872e+01
2.470599999999999952e+01
2.796199999999999974e+01
3.197800000000000153e+01
3.785000000000000142e+01
4.422399999999999665e+01
5.179399999999999693e+01
6.297999999999999687e+01
7.546999999999999886e+01
9.159600000000000364e+01
1.127780000000000058e+02
1.380960000000000036e+02
1.710960000000000036e+02
2.082779999999999916e+02
2.581800000000000068e+02
3.140590000000000259e+02
3.909769999999999754e+02
4.804830000000000041e+02
5.687000000000000455e+02
7.055750000000000455e+02
8.849719999999999800e+02
1.089836000000000013e+03
1.412269999999999982e+03
1.759061999999999898e+03
2.186436000000000149e+03
2.710626000000000204e+03
3.353143999999999778e+03
4.162895999999999731e+03
5.203515000000000327e+03
6.321000000000000000e+03
7.762735999999999876e+03
9.438657999999999447e+03
