1.000000000000000000e+00
2.005999999999999783e+00
3.057999999999999829e+00
3.999000000000000110e+00
4.966000000000000192e+00
6.814000000000000057e+00
7.838000000000000078e+00
9.842000000000000526e+00
1.173000000000000043e+01
1.370400000000000063e+01
1.641799999999999926e+01
1.953200000000000003e+01
2.355600000000000094e+01
2.867000000000000171e+01
3.581700000000000017e+01
4.265400000000000347e+01
5.160300000000000153e+01
6.282000000000000028e+01
7.630599999999999739e+01
9.309600000000000364e+01
1.111129999999999995e+02
1.326839999999999975e+02
1.600289999999999964e+02
1.974840000000000089e+02
2.373100000000000023e+02
2.819119999999999777e+02
3.426840000000000259e+02
4.179780000000000086e+02
5.018539999999999850e+02
6.075629999999999882e+02
7.243300000000000409e+02
8.794840000000000373e+02
1.051170000000000073e+03
1.252428000000000111e+03
1.523762999999999920e+03
1.838160000000000082e+03
2.232487999999999829e+03
2.701519999999999982e+03
3.296126000000000204e+03
4.011536000000000058e+03
4.836735999999999876e+03
5.776706000000000131e+03
7.023615999999999985e+03
8.404052999999999884e+03
1.010836499999999978e+04
