1.000000000000000000e+00
1.963999999999999968e+00
3.169999999999999929e+00
4.192999999999999616e+00
5.330000000000000071e+00
7.427999999999999936e+00
8.342000000000000526e+00
9.922000000000000597e+00
1.139400000000000013e+01
1.281499999999999950e+01
1.493200000000000038e+01
1.679100000000000037e+01
1.931700000000000017e+01
2.222599999999999909e+01
2.601300000000000168e+01
2.943199999999999861e+01
3.460600000000000165e+01
3.992000000000000171e+01
4.635000000000000142e+01
5.445799999999999841e+01
6.532500000000000284e+01
7.868800000000000239e+01
9.268899999999999295e+01
1.125879999999999939e+02
1.379759999999999991e+02
1.733520000000000039e+02
2.116599999999999966e+02
2.649839999999999804e+02
3.228629999999999995e+02
3.949460000000000264e+02
4.834110000000000014e+02
5.994199999999999591e+02
7.690800000000000409e+02
9.355019999999999527e+02
1.191230999999999995e+03
1.483295000000000073e+03
1.870435999999999922e+03
2.304443999999999960e+03
2.927092000000000098e+03
3.550923999999999978e+03
4.420119999999999891e+03
5.345704999999999927e+03
6.555557999999999993e+03
7.935628999999999905e+03
9.625834000000000742e+03
