1.000000000000000000e+00
1.891999999999999904e+00
3.072000000000000064e+00
4.320000000000000284e+00
5.583999999999999631e+00
7.831999999999999851e+00
8.951999999999999957e+00
1.162800000000000011e+01
1.377599999999999980e+01
1.667200000000000060e+01
2.030399999999999849e+01
2.382799999999999940e+01
2.808800000000000097e+01
3.323199999999999932e+01
3.999600000000000222e+01
4.943200000000000216e+01
5.809599999999999653e+01
6.943999999999999773e+01
7.945600000000000307e+01
9.235200000000000387e+01
1.067800000000000011e+02
1.288319999999999936e+02
1.527319999999999993e+02
1.781440000000000055e+02
2.087040000000000077e+02
2.484879999999999995e+02
2.979039999999999964e+02
3.578960000000000150e+02
4.298000000000000114e+02
4.987919999999999732e+02
6.590119999999999436e+02
7.980639999999999645e+02
1.035096000000000004e+03
1.269720000000000027e+03
1.496000000000000000e+03
1.752819999999999936e+03
2.112568000000000211e+03
2.542943999999999960e+03
3.093943999999999960e+03
3.706063999999999851e+03
4.505344000000000051e+03
5.226967999999999847e+03
6.473720000000000255e+03
7.700764000000000124e+03
9.565963999999999942e+03
