1.000000000000000000e+00
2.020000000000000018e+00
3.096000000000000085e+00
4.024000000000000021e+00
5.272000000000000242e+00
6.751999999999999780e+00
7.807999999999999829e+00
9.656000000000000583e+00
1.211200000000000010e+01
1.390399999999999991e+01
1.579199999999999982e+01
1.881200000000000117e+01
2.283599999999999852e+01
2.803200000000000003e+01
3.351200000000000045e+01
4.094400000000000261e+01
5.085199999999999676e+01
6.099199999999999733e+01
7.030400000000000205e+01
8.422400000000000375e+01
1.013799999999999955e+02
1.218080000000000069e+02
1.449000000000000057e+02
1.754879999999999995e+02
2.168000000000000114e+02
2.629039999999999964e+02
3.200400000000000205e+02
3.999359999999999786e+02
4.848279999999999745e+02
5.753079999999999927e+02
6.727000000000000455e+02
8.601599999999999682e+02
1.005371999999999957e+03
1.247615999999999985e+03
1.469768000000000029e+03
1.749571999999999889e+03
2.071960000000000036e+03
2.564487999999999829e+03
3.176967999999999847e+03
3.889192000000000007e+03
4.757663999999999760e+03
5.879956000000000131e+03
6.970944000000000415e+03
8.374672000000000480e+03
9.941716000000000349e+03
