1.000000000000000000e+00
1.915999999999999925e+00
3.117999999999999883e+00
4.113000000000000433e+00
5.227999999999999758e+00
7.128000000000000114e+00
8.000999999999999446e+00
9.849999999999999645e+00
1.130300000000000082e+01
1.258900000000000041e+01
1.473399999999999999e+01
1.674099999999999966e+01
1.949399999999999977e+01
2.215399999999999991e+01
2.562199999999999989e+01
2.935200000000000031e+01
3.428199999999999648e+01
3.908200000000000074e+01
4.557600000000000051e+01
5.413799999999999812e+01
6.345900000000000318e+01
7.806799999999999784e+01
9.594899999999999807e+01
1.159879999999999995e+02
1.404519999999999982e+02
1.732079999999999984e+02
2.117040000000000077e+02
2.556860000000000070e+02
3.131129999999999995e+02
3.827110000000000127e+02
4.622359999999999900e+02
5.740240000000000009e+02
7.220910000000000082e+02
8.962179999999999609e+02
1.123878999999999905e+03
1.414804000000000087e+03
1.792046000000000049e+03
2.207068000000000211e+03
2.756019999999999982e+03
3.358483999999999924e+03
4.139493999999999687e+03
5.160179000000000087e+03
6.429389000000000124e+03
8.015114999999999782e+03
9.848387000000000626e+03
