1.000000000000000000e+00
2.064000000000000057e+00
3.136000000000000121e+00
4.171999999999999709e+00
5.272000000000000242e+00
7.104000000000000092e+00
8.571999999999999176e+00
1.072799999999999976e+01
1.314000000000000057e+01
1.518800000000000061e+01
1.853600000000000136e+01
2.187199999999999989e+01
2.675199999999999889e+01
3.080799999999999983e+01
3.643599999999999994e+01
4.422399999999999665e+01
5.082399999999999807e+01
6.328799999999999670e+01
7.737600000000000477e+01
9.739199999999999591e+01
1.184360000000000070e+02
1.472079999999999984e+02
1.789759999999999991e+02
2.088880000000000052e+02
2.515440000000000111e+02
2.968399999999999750e+02
3.606000000000000227e+02
4.134959999999999809e+02
4.994440000000000168e+02
5.965679999999999836e+02
7.039120000000000346e+02
8.585040000000000191e+02
1.033619999999999891e+03
1.202695999999999913e+03
1.421460000000000036e+03
1.680147999999999911e+03
2.079143999999999778e+03
2.590280000000000200e+03
3.085327999999999975e+03
3.756320000000000164e+03
4.642880000000000109e+03
5.694051999999999680e+03
6.927844000000000051e+03
8.548224000000000160e+03
1.063179199999999946e+04
