1.000000000000000000e+00
2.044000000000000039e+00
3.200000000000000178e+00
4.347999999999999865e+00
5.527999999999999581e+00
7.767999999999999794e+00
9.016000000000000014e+00
1.122400000000000020e+01
1.348000000000000043e+01
1.560399999999999920e+01
1.953600000000000136e+01
2.234400000000000119e+01
2.794399999999999906e+01
3.326400000000000290e+01
3.894400000000000261e+01
4.439999999999999858e+01
5.160399999999999920e+01
5.828799999999999670e+01
6.512000000000000455e+01
7.458400000000000318e+01
8.574399999999999977e+01
9.572799999999999443e+01
1.040960000000000036e+02
1.220160000000000053e+02
1.369919999999999902e+02
1.710240000000000009e+02
1.987680000000000007e+02
2.387920000000000016e+02
2.905679999999999836e+02
3.397520000000000095e+02
4.241080000000000041e+02
5.269840000000000373e+02
6.625280000000000200e+02
8.350399999999999636e+02
1.028451999999999998e+03
1.217243999999999915e+03
1.495112000000000080e+03
1.804327999999999975e+03
2.152784000000000106e+03
2.549936000000000149e+03
3.184159999999999854e+03
4.007608000000000175e+03
5.029252000000000407e+03
6.042307999999999993e+03
7.406939999999999600e+03
