1.000000000000000000e+00
2.004999999999999893e+00
3.259999999999999787e+00
4.323999999999999844e+00
5.410000000000000142e+00
7.370000000000000107e+00
8.230999999999999872e+00
9.727999999999999758e+00
1.126299999999999990e+01
1.253200000000000003e+01
1.432600000000000051e+01
1.615200000000000102e+01
1.842999999999999972e+01
2.131400000000000006e+01
2.484700000000000131e+01
2.815399999999999991e+01
3.222399999999999665e+01
3.828999999999999915e+01
4.383599999999999852e+01
5.260600000000000165e+01
6.258599999999999852e+01
7.629800000000000182e+01
9.167199999999999704e+01
1.136560000000000059e+02
1.333000000000000114e+02
1.633220000000000027e+02
2.070260000000000105e+02
2.516140000000000043e+02
3.105539999999999736e+02
3.838840000000000146e+02
4.722780000000000200e+02
5.791059999999999945e+02
7.087720000000000482e+02
8.884880000000000564e+02
1.108758000000000038e+03
1.379517000000000053e+03
1.766622000000000071e+03
2.217923999999999978e+03
2.791858000000000175e+03
3.446123999999999796e+03
4.263667999999999665e+03
5.273451000000000022e+03
6.461769000000000233e+03
7.770412000000000262e+03
9.486193999999999505e+03
