1.000000000000000000e+00
2.040000000000000036e+00
2.967999999999999972e+00
4.168000000000000149e+00
5.424000000000000377e+00
7.184000000000000163e+00
8.320000000000000284e+00
1.045599999999999952e+01
1.308399999999999963e+01
1.532399999999999984e+01
1.842399999999999949e+01
2.202799999999999869e+01
2.545599999999999952e+01
3.119200000000000017e+01
3.984000000000000341e+01
4.743200000000000216e+01
5.747200000000000131e+01
6.951999999999999602e+01
8.490399999999999636e+01
1.024719999999999942e+02
1.225000000000000000e+02
1.422560000000000002e+02
1.649240000000000066e+02
1.976879999999999882e+02
2.351519999999999868e+02
2.811680000000000064e+02
3.505360000000000014e+02
4.128639999999999759e+02
5.042040000000000077e+02
6.084320000000000164e+02
7.355839999999999463e+02
8.927519999999999527e+02
1.057220000000000027e+03
1.239392000000000053e+03
1.481976000000000113e+03
1.834615999999999985e+03
2.212423999999999978e+03
2.682807999999999993e+03
3.328864000000000033e+03
4.227840000000000146e+03
4.947543999999999869e+03
5.574731999999999971e+03
7.040640000000000327e+03
8.547639999999999418e+03
1.015249200000000019e+04
