1.000000000000000000e+00
1.973000000000000087e+00
3.089999999999999858e+00
4.166999999999999815e+00
5.288000000000000256e+00
7.682000000000000384e+00
8.653999999999999915e+00
1.074399999999999977e+01
1.253700000000000081e+01
1.426699999999999946e+01
1.701599999999999824e+01
1.970899999999999963e+01
2.291300000000000026e+01
2.664799999999999969e+01
3.305599999999999739e+01
3.965599999999999881e+01
4.875200000000000244e+01
6.031799999999999784e+01
7.215399999999999636e+01
8.676200000000000045e+01
1.049740000000000038e+02
1.254599999999999937e+02
1.531140000000000043e+02
1.899480000000000075e+02
2.321599999999999966e+02
2.754300000000000068e+02
3.321499999999999773e+02
4.018539999999999850e+02
4.868550000000000182e+02
5.875499999999999545e+02
7.360510000000000446e+02
8.848980000000000246e+02
1.070328999999999951e+03
1.281933999999999969e+03
1.595854000000000042e+03
1.923030999999999949e+03
2.331954000000000178e+03
2.803360000000000127e+03
3.361954000000000178e+03
4.136337999999999738e+03
4.862018000000000029e+03
5.887238999999999578e+03
7.031578999999999724e+03
8.496532999999999447e+03
1.001562299999999959e+04
