1.000000000000000000e+00
1.979999999999999982e+00
3.140000000000000124e+00
4.147000000000000242e+00
5.317999999999999616e+00
7.282000000000000028e+00
8.086999999999999744e+00
9.830000000000000071e+00
1.153599999999999959e+01
1.293699999999999939e+01
1.514199999999999946e+01
1.715200000000000102e+01
1.994900000000000162e+01
2.307600000000000051e+01
2.732799999999999940e+01
3.120400000000000063e+01
3.628999999999999915e+01
4.149399999999999977e+01
4.771600000000000108e+01
5.754599999999999937e+01
6.839799999999999613e+01
8.330800000000000693e+01
9.939900000000000091e+01
1.179579999999999984e+02
1.422439999999999998e+02
1.743360000000000127e+02
2.147319999999999993e+02
2.661399999999999864e+02
3.238090000000000259e+02
3.811870000000000118e+02
4.669560000000000173e+02
5.758759999999999764e+02
7.265850000000000364e+02
9.091079999999999472e+02
1.154920000000000073e+03
1.449778999999999996e+03
1.806329999999999927e+03
2.273818000000000211e+03
2.736070000000000164e+03
3.342208000000000084e+03
4.101934000000000196e+03
5.195029999999999745e+03
6.542457999999999629e+03
7.867841000000000349e+03
9.514929000000000087e+03
