1.000000000000000000e+00
1.971999999999999975e+00
2.911999999999999922e+00
3.847999999999999865e+00
4.911999999999999922e+00
6.687999999999999723e+00
7.916000000000000369e+00
9.423999999999999488e+00
1.173600000000000065e+01
1.375200000000000067e+01
1.623999999999999844e+01
1.947200000000000131e+01
2.370799999999999841e+01
2.903200000000000003e+01
3.583200000000000074e+01
4.287199999999999989e+01
5.285199999999999676e+01
6.144800000000000040e+01
7.334399999999999409e+01
9.169599999999999795e+01
1.088760000000000048e+02
1.355519999999999925e+02
1.645720000000000027e+02
2.014079999999999870e+02
2.365519999999999925e+02
2.838240000000000123e+02
3.428720000000000141e+02
4.211279999999999859e+02
4.904759999999999991e+02
5.881879999999999882e+02
7.005520000000000209e+02
8.525199999999999818e+02
1.034347999999999956e+03
1.194192000000000007e+03
1.519736000000000104e+03
1.924167999999999893e+03
2.314079999999999927e+03
2.707831999999999880e+03
3.223431999999999789e+03
3.986416000000000167e+03
4.904064000000000306e+03
6.016439999999999600e+03
7.141564000000000306e+03
8.549680000000000291e+03
9.870203999999999724e+03
