1.000000000000000000e+00
2.000999999999999890e+00
3.057999999999999829e+00
4.116999999999999993e+00
5.112000000000000099e+00
7.201999999999999957e+00
8.109999999999999432e+00
1.000600000000000023e+01
1.202599999999999980e+01
1.420400000000000063e+01
1.703800000000000026e+01
2.003800000000000026e+01
2.396999999999999886e+01
2.893199999999999861e+01
3.650800000000000267e+01
4.363799999999999812e+01
5.203799999999999670e+01
6.385199999999999676e+01
7.563599999999999568e+01
8.987600000000000477e+01
1.081929999999999978e+02
1.307520000000000095e+02
1.574389999999999930e+02
1.938600000000000136e+02
2.331980000000000075e+02
2.882280000000000086e+02
3.453820000000000050e+02
4.208940000000000055e+02
5.078530000000000086e+02
6.177440000000000282e+02
7.196309999999999718e+02
8.587100000000000364e+02
1.030212999999999965e+03
1.278930000000000064e+03
1.585067000000000007e+03
1.937085000000000036e+03
2.325898000000000138e+03
2.774257999999999811e+03
3.313467999999999847e+03
3.969282000000000153e+03
4.757015999999999622e+03
5.811949999999999818e+03
7.082796999999999571e+03
8.553029000000000451e+03
1.056228499999999985e+04
