1.000000000000000000e+00
1.907999999999999918e+00
2.986000000000000210e+00
3.919999999999999929e+00
4.921999999999999709e+00
6.948000000000000398e+00
8.041999999999999815e+00
9.935999999999999943e+00
1.191099999999999959e+01
1.373700000000000010e+01
1.690800000000000125e+01
1.970599999999999952e+01
2.332000000000000028e+01
2.755999999999999872e+01
3.402199999999999847e+01
3.985999999999999943e+01
4.872999999999999687e+01
5.876800000000000068e+01
6.977400000000000091e+01
8.821200000000000330e+01
1.061159999999999997e+02
1.307059999999999889e+02
1.541109999999999900e+02
1.840039999999999907e+02
2.227400000000000091e+02
2.626820000000000164e+02
3.206299999999999955e+02
3.933679999999999950e+02
4.824060000000000059e+02
6.008909999999999627e+02
7.123980000000000246e+02
8.593200000000000500e+02
1.038763999999999896e+03
1.247653999999999996e+03
1.499743999999999915e+03
1.818443999999999960e+03
2.157143999999999778e+03
2.567952000000000226e+03
3.168771999999999935e+03
3.872001999999999953e+03
4.725595999999999549e+03
5.682760000000000218e+03
6.865099000000000160e+03
8.443156000000000859e+03
1.029202599999999984e+04
