1.000000000000000000e+00
2.027000000000000135e+00
3.157999999999999918e+00
4.190000000000000391e+00
5.291999999999999815e+00
7.458000000000000185e+00
8.188000000000000611e+00
1.006799999999999962e+01
1.187100000000000044e+01
1.390700000000000003e+01
1.690800000000000125e+01
1.964499999999999957e+01
2.334100000000000108e+01
2.791199999999999903e+01
3.438499999999999801e+01
4.154800000000000182e+01
5.021800000000000352e+01
6.078199999999999648e+01
7.262600000000000477e+01
8.831600000000000250e+01
1.064389999999999930e+02
1.290939999999999941e+02
1.542309999999999945e+02
1.917479999999999905e+02
2.334859999999999900e+02
2.794639999999999986e+02
3.281139999999999759e+02
4.015640000000000214e+02
4.874739999999999895e+02
5.852880000000000109e+02
7.159210000000000491e+02
8.681839999999999691e+02
1.046795000000000073e+03
1.270453999999999951e+03
1.557281999999999925e+03
1.863968000000000075e+03
2.238731999999999971e+03
2.710641999999999825e+03
3.264134000000000015e+03
3.934945999999999913e+03
4.774011999999999716e+03
5.782528000000000247e+03
6.976756000000000313e+03
8.429567999999999302e+03
1.040414500000000044e+04
