1.000000000000000000e+00
1.967000000000000082e+00
2.982000000000000206e+00
4.076999999999999957e+00
4.988000000000000433e+00
6.916000000000000369e+00
7.892999999999999794e+00
9.980999999999999872e+00
1.220500000000000007e+01
1.417200000000000060e+01
1.705399999999999849e+01
2.026500000000000057e+01
2.439699999999999847e+01
2.873400000000000176e+01
3.614000000000000057e+01
4.365599999999999881e+01
5.128399999999999892e+01
6.418399999999999750e+01
7.648000000000000398e+01
9.394199999999999307e+01
1.114650000000000034e+02
1.367539999999999907e+02
1.627230000000000132e+02
1.954339999999999975e+02
2.335039999999999907e+02
2.814660000000000082e+02
3.343079999999999927e+02
4.013620000000000232e+02
4.837400000000000091e+02
5.896749999999999545e+02
7.129930000000000518e+02
8.542119999999999891e+02
1.024505000000000109e+03
1.266849999999999909e+03
1.558788999999999987e+03
1.867441000000000031e+03
2.267753999999999905e+03
2.734737999999999829e+03
3.271047999999999774e+03
4.012903999999999996e+03
4.919444000000000415e+03
5.939342999999999847e+03
6.972882999999999811e+03
8.174082999999999629e+03
9.812949000000000524e+03
