1.000000000000000000e+00
1.987999999999999989e+00
2.967999999999999972e+00
4.075999999999999623e+00
5.016000000000000014e+00
7.208000000000000185e+00
8.628000000000000114e+00
1.013599999999999923e+01
1.201600000000000001e+01
1.434399999999999942e+01
1.816000000000000014e+01
2.147200000000000131e+01
2.478000000000000114e+01
3.135999999999999943e+01
3.865599999999999881e+01
4.626400000000000290e+01
5.584000000000000341e+01
6.592000000000000171e+01
7.945600000000000307e+01
9.495199999999999818e+01
1.176719999999999970e+02
1.462319999999999993e+02
1.821200000000000045e+02
2.188480000000000132e+02
2.650160000000000196e+02
3.218079999999999927e+02
3.754399999999999977e+02
4.643120000000000118e+02
5.192960000000000491e+02
6.387640000000000100e+02
7.363239999999999554e+02
8.849360000000000355e+02
1.039592000000000098e+03
1.276895999999999958e+03
1.487392000000000053e+03
1.818915999999999940e+03
2.231152000000000044e+03
2.683728000000000065e+03
3.190911999999999807e+03
3.867800000000000182e+03
4.676488000000000284e+03
5.483444000000000415e+03
6.510395999999999731e+03
8.084600000000000364e+03
9.990575999999999112e+03
