1.000000000000000000e+00
2.021999999999999797e+00
3.148000000000000131e+00
4.243000000000000327e+00
5.384000000000000341e+00
7.424000000000000377e+00
8.393000000000000682e+00
1.023900000000000077e+01
1.224799999999999933e+01
1.410100000000000087e+01
1.692000000000000171e+01
1.971499999999999986e+01
2.340399999999999991e+01
2.772400000000000020e+01
3.437899999999999778e+01
4.080599999999999739e+01
4.913799999999999812e+01
5.970000000000000284e+01
7.115600000000000591e+01
8.662399999999999523e+01
1.062620000000000005e+02
1.282740000000000009e+02
1.561839999999999975e+02
1.913679999999999950e+02
2.383160000000000025e+02
2.838840000000000146e+02
3.381879999999999882e+02
4.017440000000000282e+02
4.952799999999999727e+02
5.903450000000000273e+02
7.169690000000000509e+02
8.796680000000000064e+02
1.058064000000000078e+03
1.273986000000000104e+03
1.516248000000000047e+03
1.824316000000000031e+03
2.185248000000000047e+03
2.692965999999999894e+03
3.250038000000000011e+03
3.903882000000000062e+03
4.668560000000000400e+03
5.654105999999999767e+03
6.912057999999999993e+03
8.394575000000000728e+03
9.891596999999999753e+03
