1.000000000000000000e+00
1.979999999999999982e+00
3.033999999999999808e+00
4.009999999999999787e+00
5.009999999999999787e+00
7.009999999999999787e+00
8.115000000000000213e+00
1.022700000000000031e+01
1.223499999999999943e+01
1.409399999999999942e+01
1.756599999999999895e+01
2.061499999999999844e+01
2.470400000000000063e+01
2.928399999999999892e+01
3.602199999999999847e+01
4.345400000000000063e+01
5.235300000000000153e+01
6.362800000000000011e+01
7.540000000000000568e+01
9.080800000000000693e+01
1.108629999999999995e+02
1.339619999999999891e+02
1.630900000000000034e+02
1.934259999999999877e+02
2.389379999999999882e+02
2.905120000000000005e+02
3.456179999999999950e+02
4.203319999999999936e+02
5.062620000000000005e+02
6.015679999999999836e+02
7.188559999999999945e+02
8.569640000000000555e+02
1.043665999999999940e+03
1.282561999999999898e+03
1.561296000000000049e+03
1.845721999999999980e+03
2.220728000000000065e+03
2.717262000000000171e+03
3.218903999999999996e+03
3.890570000000000164e+03
4.670840000000000146e+03
5.593436999999999898e+03
6.623234000000000378e+03
7.800742000000000189e+03
9.663132999999999811e+03
