1.000000000000000000e+00
1.993000000000000105e+00
3.188000000000000167e+00
4.171999999999999709e+00
5.246000000000000441e+00
7.153999999999999915e+00
8.064999999999999503e+00
9.736000000000000654e+00
1.133500000000000085e+01
1.286899999999999977e+01
1.524799999999999933e+01
1.674500000000000099e+01
1.883699999999999974e+01
2.189000000000000057e+01
2.599599999999999866e+01
2.907400000000000162e+01
3.367799999999999727e+01
3.893800000000000239e+01
4.497999999999999687e+01
5.409199999999999875e+01
6.482200000000000273e+01
7.914000000000000057e+01
9.567900000000000205e+01
1.201140000000000043e+02
1.449540000000000077e+02
1.762959999999999923e+02
2.094019999999999868e+02
2.577080000000000268e+02
3.158050000000000068e+02
3.920070000000000050e+02
4.858919999999999959e+02
5.971599999999999682e+02
7.378360000000000127e+02
9.123799999999999955e+02
1.131798999999999978e+03
1.430564000000000078e+03
1.844327999999999975e+03
2.285922000000000025e+03
2.819838000000000193e+03
3.537458000000000084e+03
4.400667999999999665e+03
5.430199999999999818e+03
6.524096999999999753e+03
7.917150999999999840e+03
9.802474000000000160e+03
