1.000000000000000000e+00
2.088000000000000078e+00
3.112000000000000099e+00
4.264000000000000234e+00
5.320000000000000284e+00
7.815999999999999837e+00
9.131999999999999673e+00
1.219999999999999929e+01
1.501999999999999957e+01
1.770799999999999841e+01
2.176000000000000156e+01
2.540800000000000125e+01
3.083200000000000074e+01
3.673599999999999710e+01
4.446000000000000085e+01
5.050399999999999778e+01
5.642399999999999949e+01
6.207999999999999829e+01
6.815999999999999659e+01
7.444799999999999329e+01
8.605200000000000671e+01
9.721599999999999397e+01
1.127960000000000065e+02
1.327839999999999918e+02
1.591119999999999948e+02
1.725600000000000023e+02
2.013520000000000039e+02
2.478079999999999927e+02
2.959200000000000159e+02
3.577799999999999727e+02
4.314599999999999795e+02
5.266000000000000227e+02
6.325119999999999436e+02
7.523759999999999764e+02
9.375280000000000200e+02
1.151932000000000016e+03
1.373784000000000106e+03
1.639296000000000049e+03
2.024743999999999915e+03
2.418688000000000102e+03
2.894824000000000069e+03
3.410063999999999851e+03
4.159891999999999825e+03
5.430956000000000131e+03
7.137855999999999767e+03
