1.000000000000000000e+00
1.979999999999999982e+00
3.263999999999999790e+00
4.676000000000000156e+00
6.152000000000000135e+00
8.487999999999999545e+00
9.727999999999999758e+00
1.216399999999999970e+01
1.497600000000000087e+01
1.719200000000000017e+01
2.063200000000000145e+01
2.326399999999999935e+01
2.660399999999999920e+01
3.112000000000000099e+01
3.714800000000000324e+01
4.230400000000000205e+01
4.896000000000000085e+01
5.671200000000000330e+01
6.594400000000000261e+01
7.538400000000000034e+01
8.471200000000000330e+01
9.287199999999999989e+01
1.099680000000000035e+02
1.259120000000000061e+02
1.518240000000000123e+02
1.811519999999999868e+02
2.114799999999999898e+02
2.537839999999999918e+02
3.164320000000000164e+02
4.001159999999999854e+02
4.686639999999999873e+02
5.679439999999999600e+02
6.707319999999999709e+02
7.647039999999999509e+02
8.869959999999999809e+02
1.006899999999999977e+03
1.323496000000000095e+03
1.640279999999999973e+03
2.008983999999999924e+03
2.384512000000000171e+03
2.946447999999999865e+03
3.564152000000000044e+03
4.499131999999999607e+03
6.040667999999999665e+03
7.743420000000000073e+03
