1.000000000000000000e+00
1.955999999999999961e+00
2.911999999999999922e+00
3.855999999999999872e+00
4.862000000000000099e+00
6.735999999999999766e+00
7.812999999999999723e+00
9.631999999999999673e+00
1.177299999999999969e+01
1.404899999999999949e+01
1.646000000000000085e+01
1.907700000000000173e+01
2.309100000000000108e+01
2.822400000000000020e+01
3.510499999999999687e+01
4.286800000000000210e+01
5.175900000000000034e+01
6.208800000000000097e+01
7.464799999999999613e+01
9.271999999999999886e+01
1.094210000000000065e+02
1.286839999999999975e+02
1.527769999999999868e+02
1.806359999999999957e+02
2.233820000000000050e+02
2.774479999999999791e+02
3.347259999999999991e+02
4.005500000000000114e+02
4.739300000000000068e+02
5.789900000000000091e+02
7.017129999999999654e+02
8.352419999999999618e+02
1.000250000000000000e+03
1.231142000000000053e+03
1.500244999999999891e+03
1.827528000000000020e+03
2.207403999999999996e+03
2.672807999999999993e+03
3.201083999999999833e+03
3.881699999999999818e+03
4.744663999999999760e+03
5.690100999999999658e+03
6.825685000000000400e+03
8.233671000000000276e+03
9.857385000000000218e+03
