1.000000000000000000e+00
2.028000000000000025e+00
2.847999999999999865e+00
3.759999999999999787e+00
4.671999999999999709e+00
6.879999999999999893e+00
7.812000000000000277e+00
9.756000000000000227e+00
1.112800000000000011e+01
1.343999999999999950e+01
1.660800000000000054e+01
2.025600000000000023e+01
2.334799999999999898e+01
2.856800000000000139e+01
3.705599999999999739e+01
4.496800000000000352e+01
5.500399999999999778e+01
6.524800000000000466e+01
7.592799999999999727e+01
9.085599999999999454e+01
1.160960000000000036e+02
1.330159999999999911e+02
1.653640000000000043e+02
1.960159999999999911e+02
2.442880000000000109e+02
2.937119999999999891e+02
3.417919999999999732e+02
4.024479999999999791e+02
4.801920000000000073e+02
5.664519999999999982e+02
6.674519999999999982e+02
8.574239999999999782e+02
1.045107999999999947e+03
1.269872000000000071e+03
1.509683999999999969e+03
1.741576000000000022e+03
2.132000000000000000e+03
2.596887999999999920e+03
3.179159999999999854e+03
3.905135999999999967e+03
4.645055999999999585e+03
5.578899999999999636e+03
6.774328000000000429e+03
7.969899999999999636e+03
1.011357200000000012e+04
