1.000000000000000000e+00
2.021999999999999797e+00
2.990000000000000213e+00
3.922000000000000153e+00
4.857999999999999652e+00
6.905999999999999694e+00
7.908999999999999808e+00
9.941000000000000725e+00
1.178599999999999959e+01
1.365399999999999991e+01
1.656800000000000139e+01
1.982499999999999929e+01
2.412399999999999878e+01
2.857799999999999940e+01
3.496699999999999875e+01
4.117199999999999704e+01
5.025399999999999778e+01
6.126200000000000045e+01
7.381600000000000250e+01
8.795199999999999818e+01
1.064090000000000060e+02
1.285920000000000130e+02
1.558319999999999936e+02
1.864420000000000073e+02
2.284819999999999993e+02
2.771399999999999864e+02
3.313740000000000236e+02
4.001960000000000264e+02
4.867549999999999955e+02
5.930480000000000018e+02
7.250639999999999645e+02
8.626580000000000155e+02
1.023523000000000025e+03
1.217387999999999920e+03
1.494296000000000049e+03
1.832182999999999993e+03
2.232313999999999851e+03
2.732597999999999956e+03
3.379925999999999931e+03
4.044257999999999811e+03
4.830963999999999942e+03
5.837020000000000437e+03
6.959600999999999658e+03
8.244436999999999898e+03
9.975113999999999578e+03
