1.000000000000000000e+00
1.959999999999999964e+00
3.169999999999999929e+00
4.278999999999999915e+00
5.386000000000000121e+00
7.458000000000000185e+00
8.451000000000000512e+00
1.013700000000000045e+01
1.152999999999999936e+01
1.302500000000000036e+01
1.490199999999999925e+01
1.690200000000000102e+01
1.932700000000000173e+01
2.248999999999999844e+01
2.751500000000000057e+01
3.153000000000000114e+01
3.579200000000000159e+01
4.088600000000000279e+01
4.675999999999999801e+01
5.566199999999999903e+01
6.551500000000000057e+01
7.918000000000000682e+01
9.781399999999999295e+01
1.208419999999999987e+02
1.446659999999999968e+02
1.724459999999999980e+02
2.130180000000000007e+02
2.592959999999999923e+02
3.161700000000000159e+02
3.917690000000000055e+02
4.902579999999999814e+02
6.014819999999999709e+02
7.207100000000000364e+02
9.065140000000000100e+02
1.117145999999999958e+03
1.406701999999999998e+03
1.768311999999999898e+03
2.236487999999999829e+03
2.804235999999999876e+03
3.497943999999999960e+03
4.313586000000000240e+03
5.233438000000000102e+03
6.530506000000000313e+03
8.115567000000000007e+03
9.696805000000000291e+03
