1.000000000000000000e+00
1.963999999999999968e+00
2.983999999999999986e+00
4.104000000000000092e+00
5.408000000000000362e+00
7.695999999999999730e+00
8.747999999999999332e+00
1.123199999999999932e+01
1.370800000000000018e+01
1.593200000000000038e+01
2.014399999999999835e+01
2.381599999999999895e+01
2.858800000000000097e+01
3.639999999999999858e+01
4.526800000000000068e+01
5.242399999999999949e+01
6.192000000000000171e+01
7.494400000000000261e+01
8.449599999999999511e+01
9.715200000000000102e+01
1.142480000000000047e+02
1.346879999999999882e+02
1.551879999999999882e+02
1.782560000000000002e+02
2.160960000000000036e+02
2.580559999999999832e+02
3.096000000000000227e+02
3.852400000000000091e+02
4.760280000000000200e+02
5.605399999999999636e+02
6.798880000000000337e+02
8.549039999999999964e+02
1.039672000000000025e+03
1.237432000000000016e+03
1.520307999999999993e+03
1.827807999999999993e+03
2.229320000000000164e+03
2.907688000000000102e+03
3.450376000000000204e+03
3.899976000000000113e+03
4.648184000000000196e+03
5.763384000000000015e+03
7.083079999999999927e+03
8.479115999999999985e+03
9.777231999999999971e+03
