1.000000000000000000e+00
2.004000000000000004e+00
3.279999999999999805e+00
4.424000000000000377e+00
5.799999999999999822e+00
8.295999999999999375e+00
9.724000000000000199e+00
1.231199999999999939e+01
1.461599999999999966e+01
1.680799999999999983e+01
2.049599999999999866e+01
2.385200000000000031e+01
2.777599999999999980e+01
3.185600000000000165e+01
3.770799999999999841e+01
4.422399999999999665e+01
5.250000000000000000e+01
5.873599999999999710e+01
6.548000000000000398e+01
7.740800000000000125e+01
8.642400000000000659e+01
9.390399999999999636e+01
1.090759999999999934e+02
1.288000000000000114e+02
1.546719999999999970e+02
1.868319999999999936e+02
2.122880000000000109e+02
2.587200000000000273e+02
2.932799999999999727e+02
3.580360000000000014e+02
4.388120000000000118e+02
5.298640000000000327e+02
6.452200000000000273e+02
7.882160000000000082e+02
9.891559999999999491e+02
1.147231999999999971e+03
1.467599999999999909e+03
1.724056000000000040e+03
2.053952000000000226e+03
2.472423999999999978e+03
3.049728000000000065e+03
3.776068000000000211e+03
4.747944000000000415e+03
5.914568000000000211e+03
7.592971999999999753e+03
