1.000000000000000000e+00
2.028000000000000025e+00
3.112000000000000099e+00
4.323999999999999844e+00
5.216000000000000192e+00
7.400000000000000355e+00
8.288000000000000256e+00
1.045599999999999952e+01
1.210800000000000054e+01
1.426800000000000068e+01
1.807199999999999918e+01
2.094800000000000040e+01
2.540399999999999991e+01
3.207999999999999829e+01
3.760399999999999920e+01
4.452799999999999869e+01
5.205199999999999960e+01
6.480800000000000693e+01
7.895999999999999375e+01
9.714400000000000546e+01
1.230600000000000023e+02
1.471920000000000073e+02
1.825519999999999925e+02
2.266479999999999961e+02
2.643919999999999959e+02
3.132239999999999895e+02
3.639200000000000159e+02
4.384399999999999977e+02
5.373360000000000127e+02
6.335560000000000400e+02
7.405000000000000000e+02
8.671839999999999691e+02
1.126516000000000076e+03
1.372584000000000060e+03
1.619455999999999904e+03
1.921708000000000084e+03
2.368295999999999822e+03
2.837063999999999851e+03
3.396295999999999822e+03
4.104663999999999760e+03
4.920688000000000102e+03
5.998155999999999949e+03
7.093868000000000393e+03
8.472992000000000189e+03
1.011736800000000039e+04
