1.000000000000000000e+00
1.957999999999999963e+00
2.890000000000000124e+00
3.827999999999999847e+00
4.849999999999999645e+00
6.774000000000000021e+00
7.860999999999999766e+00
1.014199999999999946e+01
1.224200000000000088e+01
1.426699999999999946e+01
1.737800000000000011e+01
2.051200000000000045e+01
2.406599999999999895e+01
2.917999999999999972e+01
3.642999999999999972e+01
4.292000000000000171e+01
5.160399999999999920e+01
6.232200000000000273e+01
7.546200000000000330e+01
9.132200000000000273e+01
1.102129999999999939e+02
1.308859999999999957e+02
1.541040000000000134e+02
1.868480000000000132e+02
2.255000000000000000e+02
2.735240000000000009e+02
3.402400000000000091e+02
4.118539999999999850e+02
4.952590000000000146e+02
5.914629999999999654e+02
7.228650000000000091e+02
8.773139999999999645e+02
1.050179000000000087e+03
1.284314000000000078e+03
1.575134999999999991e+03
1.920769000000000005e+03
2.298181999999999789e+03
2.761092000000000098e+03
3.323599999999999909e+03
3.972719999999999800e+03
4.821171999999999571e+03
5.752869999999999891e+03
6.806488999999999578e+03
8.268199000000000524e+03
9.979902000000000044e+03
