1.000000000000000000e+00
1.963999999999999968e+00
2.955999999999999961e+00
3.975000000000000089e+00
5.003999999999999559e+00
7.139999999999999680e+00
8.090999999999999304e+00
9.836999999999999744e+00
1.199399999999999977e+01
1.418900000000000006e+01
1.747400000000000020e+01
2.048400000000000176e+01
2.431500000000000128e+01
2.857000000000000028e+01
3.582099999999999795e+01
4.253000000000000114e+01
5.091100000000000136e+01
6.300000000000000000e+01
7.640800000000000125e+01
9.375600000000000023e+01
1.147270000000000039e+02
1.416459999999999866e+02
1.727170000000000130e+02
2.081459999999999866e+02
2.468919999999999959e+02
3.019399999999999977e+02
3.618940000000000055e+02
4.315860000000000127e+02
5.183220000000000027e+02
6.205900000000000318e+02
7.475689999999999600e+02
8.997939999999999827e+02
1.098678000000000111e+03
1.308450000000000045e+03
1.588291999999999916e+03
1.860394000000000005e+03
2.276530000000000200e+03
2.699679999999999836e+03
3.257429999999999836e+03
3.903094000000000051e+03
4.716944000000000415e+03
5.798422999999999774e+03
7.029820999999999913e+03
8.306051999999999680e+03
9.818097999999999956e+03
