1.000000000000000000e+00
2.028999999999999915e+00
3.080000000000000071e+00
4.000000000000000000e+00
5.057999999999999829e+00
7.120000000000000107e+00
8.093999999999999417e+00
1.000600000000000023e+01
1.229400000000000048e+01
1.435999999999999943e+01
1.682199999999999918e+01
1.963800000000000168e+01
2.357700000000000173e+01
2.800799999999999912e+01
3.474499999999999744e+01
4.225800000000000267e+01
5.043699999999999761e+01
6.108400000000000318e+01
7.296999999999999886e+01
8.845799999999999841e+01
1.060780000000000030e+02
1.293600000000000136e+02
1.533180000000000121e+02
1.879099999999999966e+02
2.266659999999999968e+02
2.759180000000000064e+02
3.420659999999999741e+02
4.023199999999999932e+02
4.854060000000000059e+02
5.883319999999999936e+02
7.144619999999999891e+02
8.744740000000000464e+02
1.029791999999999916e+03
1.230261999999999944e+03
1.488180000000000064e+03
1.807710000000000036e+03
2.237295999999999822e+03
2.721744000000000142e+03
3.306998000000000047e+03
3.980507999999999811e+03
4.865202000000000226e+03
5.827782000000000153e+03
7.077015000000000327e+03
8.604563000000000102e+03
1.022685100000000057e+04
