1.000000000000000000e+00
2.032000000000000028e+00
3.176000000000000156e+00
4.331999999999999851e+00
5.503999999999999559e+00
8.407999999999999474e+00
9.460000000000000853e+00
1.212400000000000055e+01
1.412400000000000055e+01
1.608800000000000097e+01
1.976800000000000068e+01
2.274399999999999977e+01
2.669200000000000017e+01
3.096000000000000085e+01
3.758800000000000097e+01
4.216799999999999926e+01
5.021600000000000108e+01
5.743200000000000216e+01
6.464799999999999613e+01
7.564799999999999613e+01
8.268399999999999750e+01
9.548000000000000398e+01
1.081959999999999980e+02
1.224719999999999942e+02
1.516959999999999980e+02
1.798959999999999866e+02
2.172400000000000091e+02
2.569839999999999804e+02
3.054920000000000186e+02
3.629239999999999782e+02
4.293120000000000118e+02
5.133680000000000518e+02
6.294800000000000182e+02
7.777599999999999909e+02
9.175000000000000000e+02
1.167940000000000055e+03
1.405872000000000071e+03
1.692895999999999958e+03
2.079784000000000106e+03
2.442320000000000164e+03
2.983280000000000200e+03
3.755887999999999920e+03
4.633568000000000211e+03
5.965756000000000313e+03
7.687899999999999636e+03
