1.000000000000000000e+00
1.840000000000000080e+00
3.064000000000000057e+00
3.959999999999999964e+00
5.016000000000000014e+00
7.072000000000000064e+00
8.247999999999999332e+00
1.100000000000000000e+01
1.325200000000000067e+01
1.574399999999999977e+01
2.025600000000000023e+01
2.373999999999999844e+01
2.831599999999999895e+01
3.337599999999999767e+01
4.136399999999999721e+01
5.020000000000000284e+01
6.044800000000000040e+01
6.928799999999999670e+01
8.015999999999999659e+01
9.724800000000000466e+01
1.143400000000000034e+02
1.293839999999999861e+02
1.519840000000000089e+02
1.798400000000000034e+02
2.150000000000000000e+02
2.647919999999999732e+02
3.146879999999999882e+02
3.654399999999999977e+02
4.441720000000000255e+02
5.221159999999999854e+02
6.729120000000000346e+02
8.346240000000000236e+02
9.830679999999999836e+02
1.230423999999999978e+03
1.556044000000000096e+03
1.829728000000000065e+03
2.199335999999999785e+03
2.652655999999999949e+03
3.110152000000000044e+03
3.791679999999999836e+03
4.710416000000000167e+03
5.534060000000000400e+03
6.609028000000000247e+03
8.086847999999999956e+03
9.320420000000000073e+03
