1.000000000000000000e+00
1.991999999999999993e+00
2.943999999999999950e+00
3.895999999999999908e+00
4.903999999999999915e+00
7.168000000000000149e+00
8.596000000000000085e+00
1.124799999999999933e+01
1.390000000000000036e+01
1.603999999999999915e+01
1.906400000000000006e+01
2.218400000000000105e+01
2.673999999999999844e+01
3.141600000000000037e+01
3.799199999999999733e+01
4.406400000000000006e+01
5.381199999999999761e+01
6.225600000000000023e+01
7.432800000000000296e+01
9.025600000000000023e+01
1.083479999999999990e+02
1.279039999999999964e+02
1.564639999999999986e+02
1.830800000000000125e+02
2.258079999999999927e+02
2.523839999999999861e+02
3.107119999999999891e+02
3.713919999999999959e+02
4.625880000000000223e+02
5.883640000000000327e+02
6.966359999999999673e+02
8.113440000000000509e+02
9.771760000000000446e+02
1.202703999999999951e+03
1.435928000000000111e+03
1.741251999999999953e+03
2.095000000000000000e+03
2.508135999999999967e+03
3.203952000000000226e+03
3.806791999999999916e+03
4.484456000000000131e+03
5.243904000000000451e+03
6.478667999999999665e+03
7.895891999999999825e+03
9.826520000000000437e+03
