1.000000000000000000e+00
1.915999999999999925e+00
3.184000000000000163e+00
4.644000000000000128e+00
5.799999999999999822e+00
8.016000000000000014e+00
9.263999999999999346e+00
1.219999999999999929e+01
1.474399999999999977e+01
1.706800000000000139e+01
2.104799999999999827e+01
2.499200000000000088e+01
2.796000000000000085e+01
3.243999999999999773e+01
3.745199999999999818e+01
4.204800000000000182e+01
4.921600000000000108e+01
5.667999999999999972e+01
6.343999999999999773e+01
7.454399999999999693e+01
8.650400000000000489e+01
9.844799999999999329e+01
1.166200000000000045e+02
1.442560000000000002e+02
1.761119999999999948e+02
2.020320000000000107e+02
2.432880000000000109e+02
2.752479999999999905e+02
3.444080000000000155e+02
3.992799999999999727e+02
4.748519999999999754e+02
5.829519999999999982e+02
6.975080000000000382e+02
8.118479999999999563e+02
9.825760000000000218e+02
1.147284000000000106e+03
1.346903999999999996e+03
1.700296000000000049e+03
2.089487999999999829e+03
2.598264000000000124e+03
3.253592000000000098e+03
3.897791999999999916e+03
4.705595999999999549e+03
5.801768000000000029e+03
7.037292000000000371e+03
