1.000000000000000000e+00
1.927999999999999936e+00
3.016000000000000014e+00
4.152000000000000135e+00
5.240000000000000213e+00
7.671999999999999709e+00
8.848000000000000753e+00
1.067200000000000060e+01
1.287599999999999945e+01
1.563199999999999967e+01
1.862399999999999878e+01
2.198000000000000043e+01
2.683200000000000074e+01
3.264000000000000057e+01
4.042799999999999727e+01
4.701599999999999824e+01
5.618800000000000239e+01
6.929600000000000648e+01
7.997599999999999909e+01
9.487999999999999545e+01
1.130960000000000036e+02
1.414159999999999968e+02
1.640279999999999916e+02
1.946399999999999864e+02
2.243760000000000048e+02
2.647440000000000282e+02
3.223439999999999941e+02
3.933919999999999959e+02
4.659080000000000155e+02
5.665119999999999436e+02
6.810040000000000191e+02
8.405919999999999845e+02
9.921879999999999882e+02
1.155271999999999935e+03
1.404887999999999920e+03
1.744852000000000089e+03
2.213248000000000047e+03
2.628016000000000076e+03
3.179311999999999898e+03
3.903943999999999960e+03
4.677927999999999884e+03
5.792608000000000175e+03
6.863807999999999993e+03
8.567796000000000276e+03
1.013668800000000010e+04
