1.000000000000000000e+00
2.036000000000000032e+00
3.096000000000000085e+00
4.136000000000000121e+00
5.392000000000000348e+00
7.496000000000000441e+00
8.791999999999999815e+00
1.105199999999999960e+01
1.378400000000000070e+01
1.657600000000000051e+01
2.021600000000000108e+01
2.310000000000000142e+01
2.723199999999999932e+01
3.103200000000000003e+01
4.083200000000000074e+01
4.979200000000000159e+01
5.899600000000000222e+01
7.307200000000000273e+01
8.467199999999999704e+01
1.025919999999999987e+02
1.195600000000000023e+02
1.367439999999999998e+02
1.573480000000000132e+02
1.903679999999999950e+02
2.233520000000000039e+02
2.746960000000000264e+02
3.333360000000000127e+02
4.129119999999999777e+02
5.133999999999999773e+02
6.304039999999999964e+02
7.443200000000000500e+02
8.568400000000000318e+02
1.064443999999999960e+03
1.300415999999999940e+03
1.560400000000000091e+03
1.838488000000000056e+03
2.257679999999999836e+03
2.675583999999999833e+03
3.173983999999999924e+03
3.824744000000000142e+03
4.619216000000000349e+03
5.343163999999999760e+03
6.681811999999999898e+03
8.229575999999999112e+03
9.959471999999999753e+03
