1.000000000000000000e+00
2.088000000000000078e+00
3.287999999999999812e+00
4.256000000000000227e+00
5.543999999999999595e+00
8.064000000000000057e+00
9.295999999999999375e+00
1.100399999999999956e+01
1.321599999999999930e+01
1.542399999999999949e+01
1.932799999999999940e+01
2.288400000000000034e+01
2.694399999999999906e+01
3.244800000000000040e+01
3.874399999999999977e+01
4.704800000000000182e+01
5.802400000000000091e+01
6.889600000000000080e+01
8.120799999999999841e+01
9.620799999999999841e+01
1.171400000000000006e+02
1.441440000000000055e+02
1.713880000000000052e+02
2.075600000000000023e+02
2.534879999999999995e+02
2.997760000000000105e+02
3.686240000000000236e+02
4.359119999999999777e+02
5.093079999999999927e+02
6.096280000000000427e+02
7.270240000000000009e+02
8.697279999999999518e+02
1.084372000000000071e+03
1.345887999999999920e+03
1.622776000000000067e+03
1.961567999999999984e+03
2.387184000000000196e+03
2.954152000000000044e+03
3.568280000000000200e+03
4.149007999999999811e+03
4.937752000000000407e+03
5.876275999999999840e+03
6.764868000000000393e+03
7.986503999999999905e+03
9.427188000000000102e+03
