1.000000000000000000e+00
1.987999999999999989e+00
3.036000000000000032e+00
4.022000000000000242e+00
5.032000000000000028e+00
6.972000000000000419e+00
7.964000000000000412e+00
9.869999999999999218e+00
1.182900000000000063e+01
1.404499999999999993e+01
1.687199999999999989e+01
1.960800000000000054e+01
2.357000000000000028e+01
2.864999999999999858e+01
3.475699999999999790e+01
4.119800000000000040e+01
5.039099999999999824e+01
6.222800000000000153e+01
7.302800000000000580e+01
9.052400000000000091e+01
1.056460000000000008e+02
1.293540000000000134e+02
1.594869999999999948e+02
1.927620000000000005e+02
2.299639999999999986e+02
2.758740000000000236e+02
3.306259999999999764e+02
4.057400000000000091e+02
4.996410000000000196e+02
6.051589999999999918e+02
7.300119999999999436e+02
8.997599999999999909e+02
1.068701999999999998e+03
1.283667999999999893e+03
1.568972999999999956e+03
1.878663000000000011e+03
2.282552000000000135e+03
2.739365999999999985e+03
3.268630000000000109e+03
3.868804000000000087e+03
4.734090000000000146e+03
5.801536000000000058e+03
7.109386000000000422e+03
8.702369000000000597e+03
1.025989799999999923e+04
