1.000000000000000000e+00
1.991000000000000103e+00
3.085999999999999854e+00
4.102999999999999758e+00
5.233999999999999986e+00
7.365999999999999659e+00
8.355999999999999872e+00
1.023099999999999987e+01
1.212199999999999989e+01
1.449099999999999966e+01
1.729799999999999827e+01
2.038800000000000168e+01
2.425000000000000000e+01
2.875000000000000000e+01
3.578799999999999670e+01
4.167000000000000171e+01
5.027700000000000102e+01
6.066199999999999903e+01
7.203400000000000603e+01
9.038400000000000034e+01
1.111599999999999966e+02
1.337800000000000011e+02
1.577940000000000111e+02
1.887019999999999982e+02
2.293959999999999866e+02
2.793820000000000050e+02
3.353620000000000232e+02
4.034159999999999968e+02
4.873629999999999995e+02
5.805560000000000400e+02
7.119429999999999836e+02
8.453360000000000127e+02
1.003831999999999994e+03
1.211480000000000018e+03
1.446382000000000062e+03
1.781084000000000060e+03
2.122378000000000156e+03
2.588726000000000113e+03
3.159371999999999844e+03
3.741722000000000207e+03
4.479652000000000044e+03
5.525838999999999942e+03
6.605573999999999614e+03
8.062699999999999818e+03
9.625167999999999665e+03
