1.000000000000000000e+00
1.983999999999999986e+00
2.983999999999999986e+00
3.843999999999999861e+00
4.975999999999999979e+00
7.056000000000000050e+00
7.887999999999999901e+00
9.971999999999999531e+00
1.167200000000000060e+01
1.388400000000000034e+01
1.753600000000000136e+01
2.154400000000000048e+01
2.591199999999999903e+01
3.045599999999999952e+01
3.764800000000000324e+01
4.527199999999999847e+01
5.508800000000000097e+01
6.608799999999999386e+01
7.430400000000000205e+01
9.126399999999999579e+01
1.088520000000000039e+02
1.303360000000000127e+02
1.637800000000000011e+02
1.921119999999999948e+02
2.296080000000000041e+02
2.856560000000000059e+02
3.396960000000000264e+02
4.026800000000000068e+02
5.059879999999999995e+02
5.972720000000000482e+02
6.760439999999999827e+02
8.648559999999999945e+02
1.044403999999999996e+03
1.240039999999999964e+03
1.526723999999999933e+03
1.785304000000000087e+03
2.204927999999999884e+03
2.588744000000000142e+03
3.151047999999999774e+03
3.789655999999999949e+03
4.519015999999999622e+03
5.693688000000000102e+03
6.521136000000000422e+03
7.850452000000000226e+03
9.568536000000000058e+03
