1.000000000000000000e+00
2.092999999999999972e+00
3.020000000000000018e+00
4.019000000000000128e+00
4.927999999999999936e+00
6.996000000000000441e+00
7.924000000000000377e+00
9.789999999999999147e+00
1.175300000000000011e+01
1.361800000000000033e+01
1.666600000000000037e+01
1.978800000000000026e+01
2.344399999999999906e+01
2.855600000000000094e+01
3.602000000000000313e+01
4.289000000000000057e+01
5.241299999999999670e+01
6.296600000000000108e+01
7.552800000000000580e+01
9.143000000000000682e+01
1.106989999999999981e+02
1.326560000000000059e+02
1.603720000000000141e+02
1.912940000000000111e+02
2.320240000000000009e+02
2.869959999999999809e+02
3.430980000000000132e+02
4.082699999999999818e+02
4.967950000000000159e+02
6.056059999999999945e+02
7.372390000000000327e+02
9.126259999999999764e+02
1.085030999999999949e+03
1.280137999999999920e+03
1.527365999999999985e+03
1.880532999999999902e+03
2.234117999999999938e+03
2.720469999999999800e+03
3.232760000000000218e+03
3.865827999999999975e+03
4.649123999999999796e+03
5.583729000000000269e+03
6.868810000000000400e+03
8.228015999999999622e+03
9.690495999999999185e+03
