1.000000000000000000e+00
1.955999999999999961e+00
3.040000000000000036e+00
4.083999999999999631e+00
5.120000000000000107e+00
7.472000000000000419e+00
8.727999999999999758e+00
1.094400000000000084e+01
1.319599999999999973e+01
1.561200000000000010e+01
1.922400000000000020e+01
2.242399999999999949e+01
2.554400000000000048e+01
3.070400000000000063e+01
3.713199999999999790e+01
4.529599999999999937e+01
5.601599999999999824e+01
6.893600000000000705e+01
7.976000000000000512e+01
9.707200000000000273e+01
1.143760000000000048e+02
1.375920000000000130e+02
1.552680000000000007e+02
1.879840000000000089e+02
2.232959999999999923e+02
2.794080000000000155e+02
3.208799999999999955e+02
3.799279999999999973e+02
4.680799999999999841e+02
5.668360000000000127e+02
6.730919999999999845e+02
7.969120000000000346e+02
9.425240000000000009e+02
1.176672000000000025e+03
1.431403999999999996e+03
1.775996000000000095e+03
2.168672000000000025e+03
2.723536000000000058e+03
3.366327999999999975e+03
3.855688000000000102e+03
4.808344000000000051e+03
5.873783999999999651e+03
7.074231999999999971e+03
8.361407999999999447e+03
9.513288000000000466e+03
