1.000000000000000000e+00
2.012000000000000011e+00
3.229999999999999982e+00
4.139999999999999680e+00
5.259999999999999787e+00
7.346000000000000085e+00
8.269000000000000128e+00
9.881999999999999673e+00
1.123000000000000043e+01
1.252800000000000047e+01
1.460399999999999920e+01
1.667500000000000071e+01
1.892399999999999949e+01
2.192999999999999972e+01
2.494999999999999929e+01
2.907999999999999829e+01
3.347399999999999665e+01
3.987599999999999767e+01
4.675399999999999778e+01
5.649399999999999977e+01
6.867300000000000182e+01
8.220600000000000307e+01
1.000750000000000028e+02
1.241280000000000001e+02
1.467040000000000077e+02
1.792059999999999889e+02
2.194079999999999870e+02
2.662880000000000109e+02
3.311150000000000091e+02
3.982930000000000064e+02
4.934569999999999936e+02
5.983120000000000118e+02
7.468949999999999818e+02
9.439539999999999509e+02
1.164461999999999989e+03
1.468890000000000100e+03
1.827559999999999945e+03
2.301047999999999774e+03
2.762206000000000131e+03
3.341409999999999854e+03
4.173359999999999673e+03
5.168978000000000065e+03
6.457315999999999804e+03
8.009131000000000313e+03
9.636209999999999127e+03
