1.000000000000000000e+00
1.933000000000000052e+00
2.946000000000000174e+00
4.001000000000000334e+00
5.025999999999999801e+00
7.065999999999999837e+00
7.900999999999999801e+00
9.851000000000000867e+00
1.196899999999999942e+01
1.374399999999999977e+01
1.650000000000000000e+01
1.957700000000000173e+01
2.319200000000000017e+01
2.766199999999999903e+01
3.405199999999999960e+01
4.180799999999999983e+01
5.023899999999999721e+01
6.144400000000000261e+01
7.307800000000000296e+01
8.962399999999999523e+01
1.103629999999999995e+02
1.338600000000000136e+02
1.615039999999999907e+02
1.931040000000000134e+02
2.336659999999999968e+02
2.750400000000000205e+02
3.347939999999999827e+02
4.050860000000000127e+02
4.862959999999999923e+02
5.912119999999999891e+02
6.993060000000000400e+02
8.524539999999999509e+02
1.042429000000000087e+03
1.265140000000000100e+03
1.544354000000000042e+03
1.897069999999999936e+03
2.252615999999999985e+03
2.736228000000000065e+03
3.292606000000000222e+03
4.033856000000000222e+03
4.827247999999999593e+03
5.689421999999999571e+03
6.907942000000000007e+03
8.256091000000000349e+03
1.003267599999999948e+04
