1.000000000000000000e+00
1.919999999999999929e+00
2.943999999999999950e+00
3.923999999999999932e+00
5.072000000000000064e+00
7.112000000000000099e+00
7.983999999999999986e+00
9.971999999999999531e+00
1.213599999999999923e+01
1.437199999999999989e+01
1.761599999999999966e+01
2.012800000000000011e+01
2.436400000000000077e+01
2.967200000000000060e+01
3.720799999999999841e+01
4.322399999999999665e+01
5.201599999999999824e+01
6.421599999999999397e+01
7.284799999999999898e+01
9.066400000000000148e+01
1.090360000000000014e+02
1.242399999999999949e+02
1.488839999999999861e+02
1.839919999999999902e+02
2.172319999999999993e+02
2.596879999999999882e+02
3.075919999999999845e+02
3.833120000000000118e+02
4.602119999999999891e+02
5.789279999999999973e+02
6.963719999999999573e+02
8.336079999999999472e+02
9.795560000000000400e+02
1.162632000000000062e+03
1.421692000000000007e+03
1.830175999999999931e+03
2.149384000000000015e+03
2.719480000000000018e+03
3.401192000000000007e+03
4.063384000000000015e+03
5.215047999999999774e+03
6.318024000000000342e+03
7.884648000000000138e+03
9.279968000000000757e+03
1.067426800000000003e+04
