1.000000000000000000e+00
1.832000000000000073e+00
2.855999999999999872e+00
4.035999999999999588e+00
5.104000000000000092e+00
7.695999999999999730e+00
8.967999999999999972e+00
1.086800000000000033e+01
1.333200000000000074e+01
1.588000000000000078e+01
1.907199999999999918e+01
2.183599999999999852e+01
2.672800000000000153e+01
3.215200000000000102e+01
3.953199999999999648e+01
4.605599999999999739e+01
5.373599999999999710e+01
6.537600000000000477e+01
7.568800000000000239e+01
9.015999999999999659e+01
1.080919999999999987e+02
1.320320000000000107e+02
1.586999999999999886e+02
1.801519999999999868e+02
2.272079999999999984e+02
2.765840000000000032e+02
3.353999999999999773e+02
3.914239999999999782e+02
4.894200000000000159e+02
5.958360000000000127e+02
7.556240000000000236e+02
9.092720000000000482e+02
1.106304000000000087e+03
1.335407999999999902e+03
1.600192000000000007e+03
1.899548000000000002e+03
2.246856000000000222e+03
2.686679999999999836e+03
3.199295999999999822e+03
3.869032000000000153e+03
4.644576000000000022e+03
5.564268000000000029e+03
6.537199999999999818e+03
7.763659999999999854e+03
9.371427999999999884e+03
