1.000000000000000000e+00
1.828000000000000069e+00
3.096000000000000085e+00
4.168000000000000149e+00
5.607999999999999652e+00
8.096000000000000085e+00
9.368000000000000327e+00
1.147199999999999953e+01
1.375999999999999979e+01
1.580799999999999983e+01
1.904799999999999827e+01
2.178399999999999892e+01
2.567599999999999838e+01
2.907199999999999918e+01
3.441199999999999903e+01
4.140800000000000125e+01
4.635999999999999943e+01
5.359199999999999875e+01
6.433599999999999852e+01
7.312800000000000011e+01
8.281999999999999318e+01
9.264799999999999613e+01
1.032039999999999935e+02
1.208479999999999990e+02
1.375920000000000130e+02
1.602319999999999993e+02
1.858240000000000123e+02
2.288880000000000052e+02
2.755720000000000027e+02
3.446159999999999854e+02
4.140199999999999818e+02
5.074239999999999782e+02
6.190839999999999463e+02
7.442000000000000455e+02
9.042519999999999527e+02
1.075496000000000095e+03
1.336943999999999960e+03
1.625912000000000035e+03
1.930183999999999969e+03
2.401807999999999993e+03
2.882016000000000076e+03
3.469724000000000160e+03
4.503140000000000327e+03
5.967615999999999985e+03
7.449000000000000000e+03
