1.000000000000000000e+00
1.971999999999999975e+00
3.049999999999999822e+00
4.035999999999999588e+00
5.049999999999999822e+00
7.190000000000000391e+00
8.163999999999999702e+00
1.005000000000000071e+01
1.191000000000000014e+01
1.388299999999999912e+01
1.683599999999999852e+01
1.941400000000000148e+01
2.286599999999999966e+01
2.760999999999999943e+01
3.418699999999999761e+01
3.967999999999999972e+01
4.900099999999999767e+01
5.713600000000000279e+01
6.848600000000000421e+01
8.343399999999999750e+01
1.021710000000000065e+02
1.254399999999999977e+02
1.527290000000000134e+02
1.865360000000000014e+02
2.240800000000000125e+02
2.733380000000000223e+02
3.305899999999999750e+02
3.975740000000000123e+02
4.884900000000000091e+02
5.845489999999999782e+02
7.145280000000000200e+02
8.620080000000000382e+02
1.045981999999999971e+03
1.243903999999999996e+03
1.504019999999999982e+03
1.818585000000000036e+03
2.198510000000000218e+03
2.658956000000000131e+03
3.214536000000000058e+03
3.843288000000000011e+03
4.638050000000000182e+03
5.499005000000000109e+03
6.621507999999999811e+03
7.885515000000000327e+03
9.467003000000000611e+03
