1.000000000000000000e+00
1.967999999999999972e+00
3.224000000000000199e+00
4.147999999999999687e+00
5.304000000000000270e+00
7.232000000000000206e+00
8.172000000000000597e+00
1.022000000000000064e+01
1.253599999999999959e+01
1.469200000000000017e+01
1.824800000000000111e+01
2.151999999999999957e+01
2.608399999999999963e+01
3.192800000000000082e+01
3.911999999999999744e+01
4.434400000000000119e+01
5.364800000000000324e+01
6.451200000000000045e+01
7.400799999999999557e+01
8.948799999999999955e+01
1.106400000000000006e+02
1.313120000000000118e+02
1.548799999999999955e+02
1.855759999999999934e+02
2.193760000000000048e+02
2.816000000000000227e+02
3.410319999999999823e+02
3.969200000000000159e+02
5.041440000000000055e+02
6.046720000000000255e+02
7.240040000000000191e+02
8.527599999999999909e+02
1.006868000000000052e+03
1.154096000000000004e+03
1.454296000000000049e+03
1.869571999999999889e+03
2.294775999999999840e+03
2.744248000000000047e+03
3.337519999999999982e+03
4.198304000000000087e+03
4.987319999999999709e+03
5.916195999999999913e+03
7.246060000000000400e+03
8.905780000000000655e+03
1.065656400000000031e+04
