1.000000000000000000e+00
1.929999999999999938e+00
3.148000000000000131e+00
4.246999999999999886e+00
5.322000000000000064e+00
7.426000000000000156e+00
8.419999999999999929e+00
1.023199999999999932e+01
1.180000000000000071e+01
1.328700000000000081e+01
1.517999999999999972e+01
1.710399999999999920e+01
2.010500000000000043e+01
2.337800000000000011e+01
2.687699999999999889e+01
3.102599999999999980e+01
3.527900000000000347e+01
4.081400000000000006e+01
4.617000000000000171e+01
5.452400000000000091e+01
6.331300000000000239e+01
7.611199999999999477e+01
8.720699999999999363e+01
1.048979999999999961e+02
1.312100000000000080e+02
1.607740000000000009e+02
2.004039999999999964e+02
2.549519999999999982e+02
3.077649999999999864e+02
3.660470000000000255e+02
4.552939999999999827e+02
5.737060000000000173e+02
7.147889999999999873e+02
9.084420000000000073e+02
1.133031999999999925e+03
1.421248000000000047e+03
1.795685999999999922e+03
2.227400000000000091e+03
2.766193999999999960e+03
3.423840000000000146e+03
4.167576000000000022e+03
5.166386000000000422e+03
6.252983000000000175e+03
7.799514000000000124e+03
9.576055000000000291e+03
