1.000000000000000000e+00
2.080000000000000071e+00
3.255999999999999783e+00
4.432000000000000384e+00
5.791999999999999815e+00
8.144000000000000128e+00
9.507999999999999119e+00
1.247600000000000087e+01
1.478800000000000026e+01
1.744000000000000128e+01
2.147200000000000131e+01
2.462000000000000099e+01
2.914000000000000057e+01
3.362400000000000233e+01
3.975999999999999801e+01
4.573599999999999710e+01
5.060399999999999920e+01
5.956000000000000227e+01
7.009600000000000364e+01
8.027200000000000557e+01
9.222400000000000375e+01
1.058239999999999981e+02
1.207999999999999972e+02
1.351119999999999948e+02
1.473040000000000020e+02
1.688559999999999945e+02
2.099600000000000080e+02
2.412800000000000011e+02
2.933879999999999768e+02
3.671440000000000055e+02
4.493000000000000114e+02
5.374959999999999809e+02
6.232559999999999718e+02
7.884080000000000155e+02
9.982960000000000491e+02
1.211940000000000055e+03
1.474544000000000096e+03
1.879503999999999905e+03
2.318480000000000018e+03
2.843960000000000036e+03
3.621807999999999993e+03
4.195671999999999571e+03
5.003984000000000378e+03
6.052880000000000109e+03
7.946895999999999731e+03
