1.000000000000000000e+00
2.028000000000000025e+00
3.000000000000000000e+00
4.104000000000000092e+00
5.296000000000000263e+00
7.488000000000000433e+00
8.619999999999999218e+00
1.068800000000000061e+01
1.291200000000000081e+01
1.506799999999999962e+01
1.818400000000000105e+01
2.085200000000000031e+01
2.438800000000000168e+01
2.892000000000000171e+01
3.648400000000000176e+01
4.480799999999999983e+01
5.372399999999999665e+01
6.173599999999999710e+01
7.435999999999999943e+01
9.134399999999999409e+01
1.050160000000000053e+02
1.326560000000000059e+02
1.498000000000000114e+02
1.852400000000000091e+02
2.350960000000000036e+02
2.750480000000000018e+02
3.300240000000000009e+02
4.186639999999999873e+02
4.969759999999999991e+02
5.811520000000000437e+02
7.084120000000000346e+02
8.420000000000000000e+02
9.979959999999999809e+02
1.264968000000000075e+03
1.574571999999999889e+03
1.906220000000000027e+03
2.262744000000000142e+03
2.607304000000000087e+03
2.955423999999999978e+03
3.796911999999999807e+03
4.628104000000000269e+03
5.587376000000000204e+03
6.576988000000000284e+03
8.063380000000000109e+03
9.789703999999999724e+03
