1.000000000000000000e+00
1.947999999999999954e+00
2.903999999999999915e+00
4.091999999999999638e+00
5.663999999999999702e+00
8.359999999999999432e+00
9.775999999999999801e+00
1.196799999999999997e+01
1.450799999999999912e+01
1.664399999999999835e+01
2.009600000000000009e+01
2.378399999999999892e+01
2.791600000000000037e+01
3.363199999999999790e+01
4.150399999999999778e+01
4.920000000000000284e+01
5.698799999999999955e+01
6.659199999999999875e+01
7.656000000000000227e+01
8.891200000000000614e+01
1.067000000000000028e+02
1.289679999999999893e+02
1.495240000000000009e+02
1.780240000000000009e+02
2.124879999999999995e+02
2.360159999999999911e+02
2.853519999999999754e+02
3.605679999999999836e+02
4.404759999999999991e+02
5.449560000000000173e+02
6.901760000000000446e+02
8.180240000000000009e+02
9.775119999999999436e+02
1.195536000000000058e+03
1.482943999999999960e+03
1.851256000000000085e+03
2.257023999999999887e+03
2.718655999999999949e+03
3.243159999999999854e+03
3.827456000000000131e+03
4.585608000000000175e+03
5.630815999999999804e+03
6.799804000000000087e+03
7.990564000000000306e+03
9.472136000000000422e+03
