1.000000000000000000e+00
1.957999999999999963e+00
3.184000000000000163e+00
4.384999999999999787e+00
5.532000000000000028e+00
7.416000000000000369e+00
8.288000000000000256e+00
9.958000000000000185e+00
1.163899999999999935e+01
1.286100000000000065e+01
1.474799999999999933e+01
1.700900000000000034e+01
1.949200000000000088e+01
2.267000000000000171e+01
2.608500000000000085e+01
2.981599999999999895e+01
3.403900000000000148e+01
3.887199999999999989e+01
4.435000000000000142e+01
5.435999999999999943e+01
6.336599999999999966e+01
7.542199999999999704e+01
9.166800000000000637e+01
1.086740000000000066e+02
1.349279999999999973e+02
1.638919999999999959e+02
2.029000000000000057e+02
2.456819999999999879e+02
3.006730000000000018e+02
3.769399999999999977e+02
4.580710000000000264e+02
5.824479999999999791e+02
7.090539999999999736e+02
8.855779999999999745e+02
1.089911000000000058e+03
1.412536000000000058e+03
1.787167999999999893e+03
2.210976000000000113e+03
2.788746000000000095e+03
3.440092000000000098e+03
4.184032000000000153e+03
5.230164999999999964e+03
6.619761000000000422e+03
8.172988999999999578e+03
9.936250000000000000e+03
