1.000000000000000000e+00
1.935999999999999943e+00
3.136000000000000121e+00
4.104000000000000092e+00
5.280000000000000249e+00
7.895999999999999908e+00
9.204000000000000625e+00
1.185200000000000031e+01
1.418800000000000061e+01
1.669999999999999929e+01
2.062399999999999878e+01
2.439600000000000080e+01
2.783599999999999852e+01
3.463199999999999790e+01
4.106799999999999784e+01
4.900000000000000000e+01
5.923599999999999710e+01
6.836799999999999500e+01
8.317600000000000193e+01
9.923199999999999932e+01
1.195600000000000023e+02
1.463839999999999861e+02
1.691399999999999864e+02
1.913919999999999959e+02
2.447520000000000095e+02
2.855360000000000014e+02
3.471759999999999877e+02
4.049519999999999982e+02
5.101800000000000068e+02
6.338959999999999582e+02
7.542319999999999709e+02
9.332319999999999709e+02
1.051160000000000082e+03
1.272928000000000111e+03
1.532571999999999889e+03
1.931211999999999989e+03
2.299016000000000076e+03
2.669840000000000146e+03
3.142960000000000036e+03
3.877119999999999891e+03
4.840927999999999884e+03
5.666068000000000211e+03
6.957224000000000160e+03
8.438255999999999403e+03
1.021443200000000070e+04
