1.000000000000000000e+00
1.887999999999999901e+00
2.951999999999999957e+00
4.195999999999999730e+00
5.264000000000000234e+00
7.527999999999999581e+00
8.836000000000000298e+00
1.085200000000000031e+01
1.329199999999999982e+01
1.519999999999999929e+01
1.841600000000000037e+01
2.120799999999999841e+01
2.476000000000000156e+01
2.996799999999999997e+01
3.979999999999999716e+01
4.798400000000000176e+01
6.134400000000000119e+01
7.168800000000000239e+01
8.371200000000000330e+01
1.002399999999999949e+02
1.139879999999999995e+02
1.353280000000000030e+02
1.650999999999999943e+02
1.953439999999999941e+02
2.318160000000000025e+02
2.750319999999999823e+02
3.418319999999999936e+02
4.167200000000000273e+02
5.053000000000000114e+02
6.051760000000000446e+02
6.960879999999999654e+02
8.567200000000000273e+02
1.015543999999999983e+03
1.262352000000000089e+03
1.555955999999999904e+03
1.827392000000000053e+03
2.242623999999999796e+03
2.571376000000000204e+03
3.169527999999999793e+03
3.716016000000000076e+03
4.526064000000000306e+03
5.714960000000000036e+03
6.941176000000000386e+03
8.337476000000000568e+03
9.742631999999999607e+03
