1.000000000000000000e+00
1.925000000000000044e+00
2.991999999999999993e+00
3.963000000000000078e+00
4.969999999999999751e+00
7.011999999999999567e+00
8.076999999999999957e+00
1.008000000000000007e+01
1.226600000000000001e+01
1.427899999999999991e+01
1.711199999999999832e+01
2.000000000000000000e+01
2.384199999999999875e+01
2.805999999999999872e+01
3.481700000000000017e+01
4.177000000000000313e+01
5.094899999999999807e+01
6.145199999999999818e+01
7.391599999999999682e+01
9.216599999999999682e+01
1.137019999999999982e+02
1.391939999999999884e+02
1.622069999999999936e+02
1.973480000000000132e+02
2.323480000000000132e+02
2.836759999999999877e+02
3.360299999999999727e+02
4.110380000000000109e+02
4.907010000000000218e+02
5.904519999999999982e+02
7.051820000000000164e+02
8.601140000000000327e+02
1.046434999999999945e+03
1.271655999999999949e+03
1.543792999999999893e+03
1.823361000000000104e+03
2.218197999999999865e+03
2.786797999999999774e+03
3.334592000000000098e+03
3.966762000000000171e+03
4.831390000000000327e+03
5.845368000000000393e+03
7.034819000000000415e+03
8.458984000000000378e+03
1.000415899999999965e+04
