1.000000000000000000e+00
1.953999999999999959e+00
3.152000000000000135e+00
4.225999999999999979e+00
5.322000000000000064e+00
7.373999999999999666e+00
8.483000000000000540e+00
1.061899999999999977e+01
1.285100000000000087e+01
1.463799999999999990e+01
1.737000000000000099e+01
2.003600000000000136e+01
2.381200000000000117e+01
2.880199999999999960e+01
3.466400000000000148e+01
4.139000000000000057e+01
5.035399999999999920e+01
6.043599999999999994e+01
7.180599999999999739e+01
8.709000000000000341e+01
1.052129999999999939e+02
1.238760000000000048e+02
1.487589999999999861e+02
1.805440000000000111e+02
2.204679999999999893e+02
2.704479999999999791e+02
3.283519999999999754e+02
3.990160000000000196e+02
4.836410000000000196e+02
5.750220000000000482e+02
7.028310000000000173e+02
8.429700000000000273e+02
1.013376999999999953e+03
1.225700000000000045e+03
1.501741999999999962e+03
1.846400000000000091e+03
2.212795999999999822e+03
2.669621999999999844e+03
3.248469999999999800e+03
3.919135999999999967e+03
4.760542000000000371e+03
5.773920000000000073e+03
6.902475000000000364e+03
8.259115999999999985e+03
1.001571299999999974e+04
