1.000000000000000000e+00
1.907999999999999918e+00
3.097999999999999865e+00
4.195999999999999730e+00
5.296000000000000263e+00
7.405999999999999694e+00
8.435000000000000497e+00
1.011700000000000088e+01
1.198900000000000077e+01
1.349499999999999922e+01
1.596799999999999997e+01
1.764799999999999969e+01
2.019500000000000028e+01
2.319800000000000040e+01
2.679100000000000037e+01
2.957400000000000162e+01
3.420700000000000074e+01
3.921000000000000085e+01
4.428799999999999670e+01
5.224600000000000222e+01
6.197999999999999687e+01
7.460999999999999943e+01
8.990200000000000102e+01
1.116299999999999955e+02
1.360180000000000007e+02
1.630320000000000107e+02
2.006220000000000141e+02
2.469420000000000073e+02
3.127259999999999991e+02
3.892719999999999914e+02
4.779359999999999786e+02
5.888319999999999936e+02
7.223329999999999700e+02
9.393859999999999673e+02
1.164463999999999942e+03
1.507381000000000085e+03
1.891089999999999918e+03
2.387320000000000164e+03
2.932347999999999956e+03
3.635577999999999975e+03
4.390735999999999876e+03
5.395671999999999571e+03
6.481564000000000306e+03
8.010533999999999651e+03
9.597333000000000538e+03
