1.000000000000000000e+00
1.993000000000000105e+00
3.109999999999999876e+00
4.152999999999999581e+00
5.240000000000000213e+00
7.458000000000000185e+00
8.464000000000000412e+00
1.043699999999999939e+01
1.245199999999999996e+01
1.435699999999999932e+01
1.685600000000000165e+01
1.978399999999999892e+01
2.349399999999999977e+01
2.759799999999999898e+01
3.395300000000000296e+01
4.113400000000000034e+01
4.951400000000000290e+01
5.912199999999999989e+01
7.000600000000000023e+01
8.494599999999999795e+01
1.033229999999999933e+02
1.272319999999999993e+02
1.546759999999999877e+02
1.844360000000000070e+02
2.287479999999999905e+02
2.801879999999999882e+02
3.298960000000000150e+02
3.985020000000000095e+02
4.749639999999999986e+02
5.590349999999999682e+02
6.744579999999999700e+02
8.213799999999999955e+02
9.866849999999999454e+02
1.202776000000000067e+03
1.461458000000000084e+03
1.768271999999999935e+03
2.102264000000000124e+03
2.559909999999999854e+03
3.125643999999999778e+03
3.804510000000000218e+03
4.531457999999999629e+03
5.577417000000000371e+03
6.643921999999999571e+03
7.976954999999999927e+03
9.707228999999999360e+03
