1.000000000000000000e+00
1.927999999999999936e+00
3.279999999999999805e+00
4.516000000000000014e+00
5.791999999999999815e+00
8.384000000000000341e+00
9.448000000000000398e+00
1.135200000000000031e+01
1.380000000000000071e+01
1.613200000000000145e+01
1.971199999999999974e+01
2.310800000000000054e+01
2.800400000000000134e+01
3.193599999999999994e+01
3.902000000000000313e+01
4.367199999999999704e+01
5.207600000000000051e+01
5.918399999999999750e+01
6.623999999999999488e+01
7.531199999999999761e+01
8.959600000000000364e+01
1.019519999999999982e+02
1.166800000000000068e+02
1.360560000000000116e+02
1.581440000000000055e+02
1.866959999999999980e+02
2.175999999999999943e+02
2.664159999999999968e+02
3.219039999999999964e+02
4.021279999999999859e+02
5.028679999999999950e+02
6.052319999999999709e+02
7.387200000000000273e+02
8.663600000000000136e+02
1.064336000000000013e+03
1.243316000000000031e+03
1.523384000000000015e+03
1.831640000000000100e+03
2.145103999999999814e+03
2.547168000000000120e+03
2.901856000000000222e+03
3.633467999999999847e+03
4.486467999999999847e+03
5.619024000000000342e+03
7.052920000000000073e+03
