1.000000000000000000e+00
2.032000000000000028e+00
3.335999999999999854e+00
4.660000000000000142e+00
5.719999999999999751e+00
8.416000000000000369e+00
9.683999999999999275e+00
1.166000000000000014e+01
1.419599999999999973e+01
1.701599999999999824e+01
2.128000000000000114e+01
2.520400000000000063e+01
3.034400000000000119e+01
3.382399999999999807e+01
4.062400000000000233e+01
4.647999999999999687e+01
5.318800000000000239e+01
6.300000000000000000e+01
7.055200000000000671e+01
8.079200000000000159e+01
8.731999999999999318e+01
9.486400000000000432e+01
1.094959999999999951e+02
1.258479999999999990e+02
1.443839999999999861e+02
1.652560000000000002e+02
1.987760000000000105e+02
2.332640000000000100e+02
2.923840000000000146e+02
3.469159999999999968e+02
4.348600000000000136e+02
4.758159999999999741e+02
5.753840000000000146e+02
7.303840000000000146e+02
8.973920000000000528e+02
1.135324000000000069e+03
1.417231999999999971e+03
1.723096000000000004e+03
2.133423999999999978e+03
2.642927999999999884e+03
3.193335999999999785e+03
3.961699999999999818e+03
4.785891999999999825e+03
5.945859999999999673e+03
7.401952000000000226e+03
