1.000000000000000000e+00
1.969999999999999973e+00
3.136000000000000121e+00
4.182999999999999829e+00
5.328000000000000291e+00
7.171999999999999709e+00
8.118999999999999773e+00
9.662000000000000810e+00
1.151299999999999990e+01
1.289199999999999946e+01
1.500399999999999956e+01
1.708699999999999974e+01
1.968199999999999861e+01
2.285000000000000142e+01
2.680900000000000105e+01
3.142399999999999949e+01
3.607900000000000063e+01
4.158599999999999852e+01
4.854999999999999716e+01
5.743399999999999750e+01
6.921299999999999386e+01
8.324599999999999511e+01
9.825499999999999545e+01
1.213520000000000039e+02
1.471179999999999950e+02
1.835999999999999943e+02
2.257239999999999895e+02
2.744820000000000277e+02
3.363249999999999886e+02
3.960529999999999973e+02
4.956290000000000191e+02
6.153980000000000246e+02
7.482740000000000009e+02
9.362279999999999518e+02
1.186592000000000098e+03
1.521825000000000045e+03
1.865160000000000082e+03
2.351005999999999858e+03
2.933581999999999880e+03
3.565746000000000095e+03
4.369899999999999636e+03
5.389100999999999658e+03
6.591634000000000015e+03
8.022253999999999905e+03
9.781787000000000262e+03
