1.000000000000000000e+00
1.812000000000000055e+00
2.823999999999999844e+00
3.807999999999999829e+00
4.799999999999999822e+00
6.639999999999999680e+00
7.636000000000000121e+00
1.017600000000000016e+01
1.216799999999999926e+01
1.400000000000000000e+01
1.626399999999999935e+01
1.971600000000000108e+01
2.348799999999999955e+01
2.721600000000000108e+01
3.380799999999999983e+01
4.171200000000000330e+01
5.129599999999999937e+01
6.058400000000000318e+01
7.192000000000000171e+01
8.329600000000000648e+01
9.727599999999999625e+01
1.189120000000000061e+02
1.423919999999999959e+02
1.688079999999999927e+02
2.083360000000000127e+02
2.485279999999999916e+02
3.058240000000000123e+02
3.627760000000000105e+02
4.616519999999999868e+02
5.557640000000000100e+02
7.027039999999999509e+02
8.188239999999999554e+02
9.458880000000000337e+02
1.204288000000000011e+03
1.487523999999999887e+03
1.875112000000000080e+03
2.365280000000000200e+03
2.935088000000000193e+03
3.407103999999999814e+03
3.944384000000000015e+03
4.622872000000000298e+03
5.551287999999999556e+03
6.657996000000000095e+03
8.146252000000000407e+03
9.998075999999999112e+03
