1.000000000000000000e+00
1.911999999999999922e+00
3.192000000000000171e+00
4.155999999999999694e+00
5.456000000000000405e+00
7.799999999999999822e+00
8.967999999999999972e+00
1.140399999999999991e+01
1.424399999999999977e+01
1.625199999999999889e+01
1.948000000000000043e+01
2.216400000000000148e+01
2.672800000000000153e+01
3.064000000000000057e+01
3.607600000000000051e+01
4.132000000000000028e+01
4.576800000000000068e+01
5.678399999999999892e+01
6.547199999999999420e+01
7.459199999999999875e+01
8.491599999999999682e+01
9.067199999999999704e+01
1.040960000000000036e+02
1.142480000000000047e+02
1.301119999999999948e+02
1.568559999999999945e+02
1.797760000000000105e+02
2.102079999999999984e+02
2.488160000000000025e+02
3.143679999999999950e+02
3.986879999999999882e+02
5.181760000000000446e+02
6.453640000000000327e+02
7.693759999999999764e+02
9.442039999999999509e+02
1.184759999999999991e+03
1.445407999999999902e+03
1.824751999999999953e+03
2.236440000000000055e+03
2.785063999999999851e+03
3.312391999999999825e+03
4.028115999999999985e+03
5.149252000000000407e+03
6.521680000000000291e+03
8.238932000000000698e+03
