1.000000000000000000e+00
1.947999999999999954e+00
2.966000000000000192e+00
4.001000000000000334e+00
5.030000000000000249e+00
7.139999999999999680e+00
8.179000000000000270e+00
1.020100000000000051e+01
1.219599999999999973e+01
1.388499999999999979e+01
1.669600000000000151e+01
1.974200000000000088e+01
2.358899999999999864e+01
2.916400000000000148e+01
3.525699999999999790e+01
4.260000000000000142e+01
5.195799999999999841e+01
6.309000000000000341e+01
7.584799999999999898e+01
9.184799999999999898e+01
1.109369999999999976e+02
1.314979999999999905e+02
1.561459999999999866e+02
1.878019999999999925e+02
2.256080000000000041e+02
2.724920000000000186e+02
3.292900000000000205e+02
3.913079999999999927e+02
4.678509999999999991e+02
5.566810000000000400e+02
6.875049999999999955e+02
8.217880000000000109e+02
1.013844000000000051e+03
1.204864000000000033e+03
1.465046000000000049e+03
1.784990000000000009e+03
2.140001999999999953e+03
2.527096000000000004e+03
3.069123999999999796e+03
3.702088000000000193e+03
4.658532000000000153e+03
5.681088999999999942e+03
6.852362000000000080e+03
8.368259000000000015e+03
1.000374799999999959e+04
