1.000000000000000000e+00
2.088000000000000078e+00
3.152000000000000135e+00
4.096000000000000085e+00
5.296000000000000263e+00
7.879999999999999893e+00
8.624000000000000554e+00
1.053200000000000003e+01
1.313199999999999967e+01
1.438799999999999990e+01
1.767200000000000060e+01
2.094000000000000128e+01
2.554799999999999827e+01
3.045599999999999952e+01
3.604800000000000182e+01
4.053600000000000136e+01
5.004800000000000182e+01
6.141599999999999682e+01
7.260800000000000409e+01
8.973600000000000421e+01
1.055400000000000063e+02
1.245840000000000032e+02
1.472119999999999891e+02
1.764000000000000057e+02
2.197119999999999891e+02
2.587919999999999732e+02
3.212320000000000277e+02
4.044399999999999977e+02
4.857040000000000077e+02
5.802000000000000455e+02
7.192920000000000300e+02
8.461599999999999682e+02
1.034824000000000069e+03
1.231215999999999894e+03
1.542599999999999909e+03
1.918612000000000080e+03
2.286719999999999800e+03
2.747791999999999916e+03
3.302447999999999865e+03
3.956824000000000069e+03
4.756728000000000065e+03
5.503136000000000422e+03
6.816796000000000276e+03
7.852104000000000269e+03
9.565456000000000131e+03
