1.000000000000000000e+00
1.975999999999999979e+00
3.064000000000000057e+00
3.879999999999999893e+00
4.967999999999999972e+00
7.040000000000000036e+00
8.039999999999999147e+00
1.010399999999999920e+01
1.268800000000000061e+01
1.481600000000000072e+01
1.759199999999999875e+01
2.053999999999999915e+01
2.487199999999999989e+01
2.939199999999999946e+01
3.744800000000000040e+01
4.400000000000000000e+01
5.359599999999999653e+01
6.352000000000000313e+01
7.529600000000000648e+01
9.051999999999999602e+01
1.119879999999999995e+02
1.364480000000000075e+02
1.615480000000000018e+02
1.968480000000000132e+02
2.326800000000000068e+02
2.835600000000000023e+02
3.479920000000000186e+02
4.227839999999999918e+02
5.053279999999999745e+02
5.880960000000000036e+02
7.041159999999999854e+02
8.485280000000000200e+02
1.005480000000000018e+03
1.203175999999999931e+03
1.440688000000000102e+03
1.741655999999999949e+03
2.034776000000000067e+03
2.394648000000000138e+03
2.984983999999999924e+03
3.627583999999999833e+03
4.352359999999999673e+03
5.470832000000000335e+03
6.790032000000000153e+03
7.964952000000000226e+03
9.663012000000000626e+03
