1.000000000000000000e+00
2.024999999999999911e+00
3.097999999999999865e+00
4.126000000000000334e+00
5.235999999999999766e+00
7.355999999999999872e+00
8.412000000000000810e+00
1.042500000000000071e+01
1.234800000000000075e+01
1.447199999999999953e+01
1.686199999999999832e+01
1.961299999999999955e+01
2.360999999999999943e+01
2.815800000000000125e+01
3.395700000000000074e+01
3.976200000000000045e+01
4.767600000000000193e+01
5.681600000000000250e+01
6.860599999999999454e+01
8.389600000000000080e+01
9.960699999999999932e+01
1.229560000000000031e+02
1.505070000000000050e+02
1.811519999999999868e+02
2.234739999999999895e+02
2.702980000000000018e+02
3.317099999999999795e+02
4.001360000000000241e+02
4.899569999999999936e+02
5.896779999999999973e+02
7.136520000000000437e+02
8.540499999999999545e+02
1.033404999999999973e+03
1.251011999999999944e+03
1.540843000000000075e+03
1.828522999999999911e+03
2.188054000000000087e+03
2.653378000000000156e+03
3.219722000000000207e+03
3.929847999999999956e+03
4.650463999999999942e+03
5.758932999999999993e+03
7.005208999999999833e+03
8.308492000000000189e+03
1.029157500000000073e+04
