1.000000000000000000e+00
1.985999999999999988e+00
3.056000000000000050e+00
4.137999999999999901e+00
5.296000000000000263e+00
7.283999999999999808e+00
8.362000000000000099e+00
1.026800000000000068e+01
1.226500000000000057e+01
1.431600000000000072e+01
1.725600000000000023e+01
2.042699999999999960e+01
2.463100000000000023e+01
2.937399999999999878e+01
3.614399999999999835e+01
4.335199999999999676e+01
5.228499999999999659e+01
6.303600000000000136e+01
7.474399999999999977e+01
9.142799999999999727e+01
1.113070000000000022e+02
1.352220000000000084e+02
1.629389999999999930e+02
2.007319999999999993e+02
2.390540000000000020e+02
2.917579999999999814e+02
3.518999999999999773e+02
4.218079999999999927e+02
5.075559999999999832e+02
6.190119999999999436e+02
7.360979999999999563e+02
8.928559999999999945e+02
1.057717000000000098e+03
1.270084000000000060e+03
1.546403000000000020e+03
1.863201000000000022e+03
2.277739999999999782e+03
2.810480000000000018e+03
3.414664000000000215e+03
4.059902000000000044e+03
4.930202000000000226e+03
5.832935000000000400e+03
6.992778000000000247e+03
8.393861999999999171e+03
9.930087999999999738e+03
