1.000000000000000000e+00
1.949999999999999956e+00
3.157999999999999918e+00
4.221000000000000085e+00
5.376000000000000334e+00
7.389999999999999680e+00
8.092000000000000526e+00
9.704000000000000625e+00
1.109600000000000009e+01
1.236999999999999922e+01
1.402200000000000024e+01
1.593299999999999983e+01
1.861599999999999966e+01
2.082199999999999918e+01
2.441400000000000148e+01
2.769399999999999906e+01
3.206600000000000250e+01
3.712400000000000233e+01
4.240999999999999659e+01
5.071800000000000352e+01
6.230199999999999960e+01
7.604200000000000159e+01
8.974399999999999977e+01
1.106080000000000041e+02
1.360200000000000102e+02
1.643979999999999961e+02
2.017980000000000018e+02
2.506759999999999877e+02
3.111549999999999727e+02
3.857230000000000132e+02
4.800710000000000264e+02
5.906539999999999964e+02
7.260130000000000337e+02
9.311739999999999782e+02
1.169298000000000002e+03
1.453779999999999973e+03
1.813599999999999909e+03
2.314538000000000011e+03
2.874514000000000124e+03
3.634324000000000069e+03
4.444188000000000102e+03
5.473279000000000451e+03
6.777756999999999607e+03
8.207977000000000771e+03
1.006302499999999964e+04
