1.000000000000000000e+00
1.961000000000000076e+00
3.032000000000000028e+00
3.987000000000000099e+00
5.097999999999999865e+00
7.225999999999999979e+00
8.272999999999999687e+00
1.032699999999999996e+01
1.255300000000000082e+01
1.467500000000000071e+01
1.809199999999999875e+01
2.115500000000000114e+01
2.498100000000000165e+01
3.014600000000000080e+01
3.718999999999999773e+01
4.278999999999999915e+01
5.222399999999999665e+01
6.206000000000000227e+01
7.391400000000000148e+01
9.062800000000000011e+01
1.119969999999999999e+02
1.339060000000000059e+02
1.596479999999999961e+02
1.905780000000000030e+02
2.343019999999999925e+02
2.801680000000000064e+02
3.367980000000000018e+02
4.104859999999999900e+02
4.922040000000000077e+02
5.771459999999999582e+02
7.025480000000000018e+02
8.631680000000000064e+02
1.035289999999999964e+03
1.241342000000000098e+03
1.500253999999999905e+03
1.814201999999999998e+03
2.208074000000000069e+03
2.583648000000000138e+03
3.115699999999999818e+03
3.721568000000000211e+03
4.607282000000000153e+03
5.594989999999999782e+03
6.739658000000000357e+03
8.094204999999999927e+03
9.690031000000000859e+03
