1.000000000000000000e+00
2.047000000000000153e+00
2.998000000000000220e+00
3.956999999999999851e+00
4.974000000000000199e+00
6.980000000000000426e+00
8.034000000000000696e+00
1.001600000000000001e+01
1.211899999999999977e+01
1.393999999999999950e+01
1.733800000000000097e+01
2.054500000000000171e+01
2.373799999999999955e+01
2.872400000000000020e+01
3.583800000000000097e+01
4.131799999999999784e+01
4.978300000000000125e+01
6.019599999999999795e+01
7.101600000000000534e+01
8.697199999999999420e+01
1.063400000000000034e+02
1.268640000000000043e+02
1.554929999999999950e+02
1.916819999999999879e+02
2.334900000000000091e+02
2.761299999999999955e+02
3.373720000000000141e+02
4.009399999999999977e+02
4.899830000000000041e+02
5.910750000000000455e+02
6.949479999999999791e+02
8.228300000000000409e+02
1.016437999999999988e+03
1.224713999999999942e+03
1.481547000000000025e+03
1.808747000000000071e+03
2.148023999999999887e+03
2.630923999999999978e+03
3.207519999999999982e+03
3.943862000000000080e+03
4.792090000000000146e+03
5.821427999999999884e+03
7.014444000000000415e+03
8.633627000000000407e+03
1.038947999999999956e+04
