1.000000000000000000e+00
2.048000000000000043e+00
3.240000000000000213e+00
4.532000000000000028e+00
5.815999999999999837e+00
8.080000000000000071e+00
9.428000000000000824e+00
1.144400000000000084e+01
1.356799999999999962e+01
1.504800000000000004e+01
1.777599999999999980e+01
2.090800000000000125e+01
2.495200000000000173e+01
3.008800000000000097e+01
3.735199999999999676e+01
4.617600000000000193e+01
5.560399999999999920e+01
6.661599999999999966e+01
7.781600000000000250e+01
9.204000000000000625e+01
1.101959999999999980e+02
1.289679999999999893e+02
1.528839999999999861e+02
1.879679999999999893e+02
2.313280000000000030e+02
2.666960000000000264e+02
3.121999999999999886e+02
3.818879999999999768e+02
4.720559999999999832e+02
5.606559999999999491e+02
6.856319999999999482e+02
8.659519999999999982e+02
1.028968000000000075e+03
1.234599999999999909e+03
1.475528000000000020e+03
1.827587999999999965e+03
2.249072000000000116e+03
2.735016000000000076e+03
3.292224000000000160e+03
4.022527999999999793e+03
4.858863999999999578e+03
5.931252000000000407e+03
7.176503999999999905e+03
8.601120000000000800e+03
1.020015200000000004e+04
