1.000000000000000000e+00
1.939999999999999947e+00
3.016000000000000014e+00
3.951999999999999957e+00
5.392000000000000348e+00
7.416000000000000369e+00
8.708000000000000185e+00
1.080400000000000027e+01
1.281600000000000072e+01
1.543200000000000038e+01
1.920799999999999841e+01
2.173600000000000065e+01
2.512000000000000099e+01
2.931200000000000117e+01
3.492000000000000171e+01
4.422399999999999665e+01
5.374399999999999977e+01
6.688800000000000523e+01
7.734399999999999409e+01
9.473600000000000421e+01
1.171640000000000015e+02
1.388559999999999945e+02
1.613280000000000030e+02
1.954879999999999995e+02
2.341759999999999877e+02
3.032400000000000091e+02
3.560880000000000223e+02
4.193199999999999932e+02
4.895319999999999823e+02
6.044679999999999609e+02
7.729080000000000155e+02
9.255199999999999818e+02
1.065008000000000038e+03
1.265167999999999893e+03
1.604200000000000045e+03
1.873471999999999980e+03
2.303231999999999971e+03
2.746487999999999829e+03
3.488952000000000226e+03
4.174536000000000058e+03
5.121391999999999825e+03
6.028904000000000451e+03
7.429823999999999614e+03
8.666587999999999738e+03
1.030234799999999996e+04
