1.000000000000000000e+00
1.971999999999999975e+00
2.918000000000000149e+00
3.875000000000000000e+00
4.788000000000000256e+00
6.692000000000000171e+00
7.735000000000000320e+00
9.583000000000000185e+00
1.129800000000000004e+01
1.349300000000000033e+01
1.653399999999999892e+01
1.934100000000000108e+01
2.345799999999999841e+01
2.856800000000000139e+01
3.507800000000000296e+01
4.217600000000000193e+01
5.159199999999999875e+01
6.399000000000000199e+01
7.486400000000000432e+01
9.060399999999999920e+01
1.080829999999999984e+02
1.289900000000000091e+02
1.568969999999999914e+02
1.926459999999999866e+02
2.359420000000000073e+02
2.875160000000000196e+02
3.429399999999999977e+02
4.191340000000000146e+02
5.031589999999999918e+02
6.079059999999999491e+02
7.312519999999999527e+02
8.804339999999999691e+02
1.043796000000000049e+03
1.254768000000000029e+03
1.486894000000000005e+03
1.804563000000000102e+03
2.174538000000000011e+03
2.628112000000000080e+03
3.223846000000000004e+03
3.889661999999999807e+03
4.734694000000000415e+03
5.858981999999999971e+03
7.122605999999999767e+03
8.562961999999999534e+03
1.032074799999999959e+04
