1.000000000000000000e+00
1.935999999999999943e+00
3.040000000000000036e+00
3.947999999999999954e+00
4.703999999999999737e+00
6.655999999999999694e+00
7.551999999999999602e+00
9.948000000000000398e+00
1.208399999999999963e+01
1.403599999999999959e+01
1.773600000000000065e+01
2.095200000000000173e+01
2.479599999999999937e+01
3.047200000000000131e+01
3.621200000000000330e+01
4.411999999999999744e+01
5.381199999999999761e+01
6.121600000000000108e+01
7.479999999999999716e+01
9.178400000000000603e+01
1.080960000000000036e+02
1.308240000000000123e+02
1.538520000000000039e+02
1.891200000000000045e+02
2.260560000000000116e+02
2.806480000000000246e+02
3.314320000000000164e+02
3.960640000000000214e+02
4.902760000000000105e+02
5.913640000000000327e+02
7.283279999999999745e+02
8.835520000000000209e+02
1.094336000000000013e+03
1.333672000000000025e+03
1.582768000000000029e+03
1.847596000000000004e+03
2.256512000000000171e+03
2.745608000000000175e+03
3.448800000000000182e+03
4.105039999999999964e+03
4.886231999999999971e+03
5.669163999999999760e+03
6.694684000000000196e+03
8.097304000000000087e+03
1.021962800000000061e+04
