1.000000000000000000e+00
1.941000000000000059e+00
3.020000000000000018e+00
4.040000000000000036e+00
5.025999999999999801e+00
7.019999999999999574e+00
8.053000000000000824e+00
1.006400000000000006e+01
1.189499999999999957e+01
1.361599999999999966e+01
1.639199999999999946e+01
1.880900000000000105e+01
2.228600000000000136e+01
2.669200000000000017e+01
3.336299999999999955e+01
3.972399999999999665e+01
4.754599999999999937e+01
5.867600000000000193e+01
7.052200000000000557e+01
8.508199999999999363e+01
1.038400000000000034e+02
1.273080000000000069e+02
1.527800000000000011e+02
1.835140000000000100e+02
2.214219999999999970e+02
2.692099999999999795e+02
3.281700000000000159e+02
3.953820000000000050e+02
4.689889999999999759e+02
5.727369999999999663e+02
6.906580000000000155e+02
8.574759999999999991e+02
1.045340999999999894e+03
1.287849999999999909e+03
1.557644999999999982e+03
1.864843000000000075e+03
2.253155999999999949e+03
2.681599999999999909e+03
3.251565999999999804e+03
3.847119999999999891e+03
4.683637999999999920e+03
5.655485999999999876e+03
6.970966999999999643e+03
8.399147999999999229e+03
1.026596800000000076e+04
