1.000000000000000000e+00
1.987999999999999989e+00
3.204000000000000181e+00
4.253999999999999559e+00
5.368000000000000327e+00
7.508000000000000007e+00
8.268000000000000682e+00
1.014199999999999946e+01
1.156499999999999950e+01
1.304100000000000037e+01
1.485200000000000031e+01
1.667800000000000082e+01
1.896499999999999986e+01
2.146600000000000108e+01
2.474800000000000111e+01
2.772800000000000153e+01
3.167500000000000071e+01
3.704399999999999693e+01
4.307999999999999829e+01
5.244400000000000261e+01
6.318099999999999739e+01
7.461400000000000432e+01
8.775000000000000000e+01
1.090300000000000011e+02
1.368499999999999943e+02
1.694639999999999986e+02
2.073000000000000114e+02
2.540459999999999923e+02
3.107309999999999945e+02
3.837090000000000032e+02
4.752810000000000059e+02
5.845520000000000209e+02
7.199610000000000127e+02
9.225800000000000409e+02
1.159634999999999991e+03
1.490118999999999915e+03
1.902832000000000107e+03
2.367956000000000131e+03
2.913557999999999993e+03
3.618293999999999869e+03
4.360061999999999898e+03
5.408119999999999891e+03
6.517006999999999607e+03
7.957179000000000087e+03
9.750972999999999956e+03
