1.000000000000000000e+00
1.933000000000000052e+00
3.112000000000000099e+00
4.189000000000000057e+00
5.258000000000000007e+00
7.272000000000000242e+00
8.192999999999999616e+00
1.008099999999999952e+01
1.221499999999999986e+01
1.430199999999999960e+01
1.713200000000000145e+01
1.969999999999999929e+01
2.328999999999999915e+01
2.770799999999999841e+01
3.415400000000000347e+01
4.124199999999999733e+01
5.021200000000000330e+01
6.158800000000000097e+01
7.170000000000000284e+01
8.826800000000000068e+01
1.068979999999999961e+02
1.278719999999999999e+02
1.543100000000000023e+02
1.878739999999999952e+02
2.283820000000000050e+02
2.782200000000000273e+02
3.386460000000000150e+02
4.047139999999999986e+02
4.830199999999999818e+02
5.833790000000000191e+02
7.195090000000000146e+02
8.532440000000000282e+02
1.030133000000000038e+03
1.227468000000000075e+03
1.483248000000000047e+03
1.828431000000000040e+03
2.187257999999999811e+03
2.604534000000000106e+03
3.076362000000000080e+03
3.749157999999999902e+03
4.572536000000000058e+03
5.555494999999999891e+03
6.644784999999999854e+03
8.085551000000000386e+03
9.763091000000000349e+03
