1.000000000000000000e+00
1.961999999999999966e+00
3.041999999999999815e+00
3.960999999999999854e+00
5.072000000000000064e+00
7.131999999999999673e+00
7.956999999999999851e+00
1.022700000000000031e+01
1.215700000000000003e+01
1.439600000000000080e+01
1.728399999999999892e+01
2.047299999999999898e+01
2.458200000000000074e+01
2.968400000000000105e+01
3.639500000000000313e+01
4.282999999999999829e+01
5.224900000000000233e+01
6.390200000000000102e+01
7.656799999999999784e+01
9.391400000000000148e+01
1.098859999999999957e+02
1.324259999999999877e+02
1.612470000000000141e+02
1.894279999999999973e+02
2.304399999999999977e+02
2.811139999999999759e+02
3.459279999999999973e+02
4.220459999999999923e+02
5.143150000000000546e+02
6.247440000000000282e+02
7.493709999999999809e+02
9.309020000000000437e+02
1.126851000000000113e+03
1.336443999999999960e+03
1.570542999999999893e+03
1.903837999999999965e+03
2.303349999999999909e+03
2.758094000000000051e+03
3.415461999999999989e+03
4.115546000000000276e+03
4.960655999999999949e+03
5.977990999999999985e+03
7.264454999999999927e+03
8.775599000000000160e+03
1.066859699999999975e+04
