1.000000000000000000e+00
1.875999999999999890e+00
3.104000000000000092e+00
4.395999999999999908e+00
5.559999999999999609e+00
7.671999999999999709e+00
8.743999999999999773e+00
1.124000000000000021e+01
1.399200000000000088e+01
1.635600000000000165e+01
1.982400000000000162e+01
2.355199999999999960e+01
2.879200000000000159e+01
3.501599999999999824e+01
4.067999999999999972e+01
4.731199999999999761e+01
4.995600000000000307e+01
5.841599999999999682e+01
6.959999999999999432e+01
7.874399999999999977e+01
9.141200000000000614e+01
1.007600000000000051e+02
1.128799999999999955e+02
1.255120000000000005e+02
1.477280000000000086e+02
1.742319999999999993e+02
2.058880000000000052e+02
2.565040000000000191e+02
3.324560000000000173e+02
3.889680000000000177e+02
4.522520000000000095e+02
5.367759999999999536e+02
6.225159999999999627e+02
7.604880000000000564e+02
9.682079999999999700e+02
1.197516000000000076e+03
1.411615999999999985e+03
1.700592000000000098e+03
2.034215999999999894e+03
2.591056000000000040e+03
3.109103999999999814e+03
3.657956000000000131e+03
4.681956000000000131e+03
5.799007999999999811e+03
7.463264000000000124e+03
