1.000000000000000000e+00
2.112000000000000099e+00
3.303999999999999826e+00
4.171999999999999709e+00
5.288000000000000256e+00
7.480000000000000426e+00
8.752000000000000668e+00
1.131199999999999939e+01
1.328400000000000070e+01
1.618799999999999883e+01
2.028800000000000026e+01
2.308800000000000097e+01
2.654799999999999827e+01
3.226400000000000290e+01
3.857200000000000273e+01
4.600000000000000000e+01
5.387599999999999767e+01
6.400000000000000000e+01
7.707200000000000273e+01
9.093600000000000705e+01
1.088719999999999999e+02
1.330480000000000018e+02
1.536759999999999877e+02
1.763280000000000030e+02
2.041279999999999859e+02
2.421599999999999966e+02
2.847359999999999900e+02
3.377919999999999732e+02
4.229399999999999977e+02
5.334519999999999982e+02
6.768440000000000509e+02
8.434719999999999800e+02
1.020851999999999975e+03
1.285960000000000036e+03
1.577900000000000091e+03
1.906480000000000018e+03
2.267487999999999829e+03
2.753384000000000015e+03
3.363856000000000222e+03
4.165256000000000313e+03
5.269127999999999702e+03
6.424355999999999767e+03
7.443539999999999964e+03
8.735304000000000087e+03
1.055962000000000080e+04
