1.000000000000000000e+00
2.016000000000000014e+00
3.232000000000000206e+00
4.564000000000000057e+00
5.911999999999999922e+00
8.592000000000000526e+00
9.896000000000000796e+00
1.233200000000000074e+01
1.458799999999999919e+01
1.725199999999999889e+01
2.113599999999999923e+01
2.502400000000000091e+01
2.887600000000000122e+01
3.479999999999999716e+01
4.167999999999999972e+01
5.008800000000000097e+01
5.627199999999999847e+01
6.294400000000000261e+01
7.095999999999999375e+01
7.985599999999999454e+01
8.982800000000000296e+01
1.036560000000000059e+02
1.197759999999999962e+02
1.348160000000000025e+02
1.563040000000000020e+02
1.813600000000000136e+02
2.132719999999999914e+02
2.554799999999999898e+02
2.986080000000000041e+02
3.600040000000000191e+02
4.334039999999999964e+02
5.388479999999999563e+02
6.491280000000000427e+02
7.513279999999999745e+02
9.315960000000000036e+02
1.151827999999999975e+03
1.452440000000000055e+03
1.776296000000000049e+03
2.175079999999999927e+03
2.742056000000000040e+03
3.199704000000000178e+03
3.975300000000000182e+03
5.086807999999999993e+03
6.287463999999999942e+03
8.229208000000000538e+03
