1.000000000000000000e+00
1.933000000000000052e+00
2.995999999999999996e+00
3.967999999999999972e+00
5.062000000000000277e+00
7.155999999999999694e+00
8.118000000000000327e+00
9.832000000000000739e+00
1.181900000000000084e+01
1.387500000000000000e+01
1.659400000000000119e+01
1.926200000000000045e+01
2.353800000000000026e+01
2.868599999999999994e+01
3.509499999999999886e+01
4.211999999999999744e+01
5.076299999999999812e+01
6.263199999999999790e+01
7.491200000000000614e+01
8.782200000000000273e+01
1.069959999999999951e+02
1.310560000000000116e+02
1.602969999999999970e+02
1.902019999999999982e+02
2.255860000000000127e+02
2.751440000000000055e+02
3.290099999999999909e+02
4.062939999999999827e+02
4.850330000000000155e+02
5.876689999999999827e+02
6.998740000000000236e+02
8.416879999999999882e+02
1.007169999999999959e+03
1.237892000000000053e+03
1.491801999999999907e+03
1.843317000000000007e+03
2.228628000000000156e+03
2.707456000000000131e+03
3.278536000000000058e+03
3.893630000000000109e+03
4.761358000000000175e+03
5.687881999999999607e+03
6.895701000000000022e+03
8.205054000000000087e+03
9.871684999999999491e+03
