1.000000000000000000e+00
2.128000000000000114e+00
3.311999999999999833e+00
4.475999999999999979e+00
5.559999999999999609e+00
7.807999999999999829e+00
8.795999999999999375e+00
1.153200000000000003e+01
1.424799999999999933e+01
1.671199999999999974e+01
2.010399999999999920e+01
2.328000000000000114e+01
2.866000000000000014e+01
3.467199999999999704e+01
4.156400000000000006e+01
4.864800000000000324e+01
5.536399999999999721e+01
6.665600000000000591e+01
7.963200000000000500e+01
9.304000000000000625e+01
1.097000000000000028e+02
1.285519999999999925e+02
1.536920000000000073e+02
1.786560000000000059e+02
2.141599999999999966e+02
2.495039999999999907e+02
3.098399999999999750e+02
3.821200000000000045e+02
4.425400000000000205e+02
5.630040000000000191e+02
7.156680000000000064e+02
8.661359999999999673e+02
1.034635999999999967e+03
1.253983999999999924e+03
1.588551999999999907e+03
1.897599999999999909e+03
2.321751999999999953e+03
2.790920000000000073e+03
3.334447999999999865e+03
4.094320000000000164e+03
4.825064000000000306e+03
6.063131999999999607e+03
7.039112000000000080e+03
8.868708000000000538e+03
1.046699200000000019e+04
