1.000000000000000000e+00
1.955000000000000071e+00
3.140000000000000124e+00
4.102000000000000313e+00
5.222000000000000419e+00
7.096000000000000085e+00
8.041999999999999815e+00
9.522999999999999687e+00
1.119400000000000084e+01
1.280899999999999928e+01
1.480599999999999916e+01
1.673499999999999943e+01
1.859199999999999875e+01
2.133800000000000097e+01
2.520799999999999841e+01
2.881200000000000117e+01
3.278600000000000136e+01
3.851200000000000045e+01
4.399600000000000222e+01
5.154200000000000159e+01
6.194400000000000261e+01
7.423799999999999955e+01
8.905599999999999739e+01
1.096320000000000050e+02
1.362199999999999989e+02
1.699099999999999966e+02
2.081239999999999952e+02
2.586200000000000045e+02
3.119250000000000114e+02
3.899610000000000127e+02
4.687880000000000109e+02
5.869800000000000182e+02
7.201739999999999782e+02
9.100080000000000382e+02
1.153910000000000082e+03
1.449465999999999894e+03
1.815127999999999929e+03
2.310181999999999789e+03
2.870827999999999975e+03
3.572331999999999880e+03
4.285524000000000342e+03
5.162903000000000247e+03
6.267248999999999796e+03
7.721569999999999709e+03
9.440191999999999098e+03
