4.666666666666665630e-01
1.133333333333333526e+00
7.333333333333333925e-01
1.133333333333333304e+00
6.666666666666669627e-01
2.399999999999999467e+00
1.199999999999999289e+00
1.066666666666668206e+00
1.066666666666666430e+00
2.566666666666666430e+00
3.333333333333321491e-01
9.333333333333335702e-01
1.466666666666668561e+00
1.999999999999992895e-01
1.866666666666667140e+00
1.466666666666666785e+00
1.366666666666667140e+00
9.666666666666667851e-01
-4.444444444444452524e-01
1.333333333333333925e+00
2.088888888888889905e+00
1.466666666666666785e+00
2.222222222222221433e+00
2.733333333333332504e+00
1.166666666666666075e+00
1.800000000000000044e+00
1.560000000000002274e+00
2.199999999999997957e+00
4.666666666666685614e-01
1.111111111111109606e+00
3.000000000000007105e-01
1.866666666666667140e+00
4.740740740740739811e-01
4.740740740740739811e-01
