9.399999999999997247e-01
9.229999999999998206e-01
9.050000000000000266e-01
8.900000000000000133e-01
8.780000000000001137e-01
8.659999999999999920e-01
8.529999999999999805e-01
8.389999999999998570e-01
8.279999999999999583e-01
8.190000000000001723e-01
8.050000000000000488e-01
7.949999999999999289e-01
7.880000000000000338e-01
7.800000000000000266e-01
7.710000000000001297e-01
7.660000000000000142e-01
7.540000000000001146e-01
7.470000000000001084e-01
7.429999999999999938e-01
7.339999999999999858e-01
7.249999999999999778e-01
7.150000000000000799e-01
7.119999999999999662e-01
7.100000000000000755e-01
7.090000000000000746e-01
7.070000000000000728e-01
6.999999999999999556e-01
6.969999999999999529e-01
6.889999999999999458e-01
6.850000000000000533e-01
6.799999999999999378e-01
6.710000000000000409e-01
6.680000000000000382e-01
6.659999999999999254e-01
