1.000000000000000000e+00
1.466666666666666563e+00
2.600000000000000089e+00
3.333333333333333481e+00
4.466666666666666785e+00
5.133333333333333748e+00
7.533333333333333215e+00
8.733333333333332504e+00
9.800000000000000711e+00
1.086666666666666714e+01
1.600000000000000000e+01
1.633333333333333215e+01
1.726666666666666572e+01
1.873333333333333428e+01
1.913333333333333286e+01
2.100000000000000000e+01
2.393333333333333357e+01
2.666666666666666785e+01
2.860000000000000142e+01
2.726666666666666572e+01
2.993333333333333357e+01
3.620000000000000284e+01
4.206666666666666998e+01
4.873333333333333428e+01
5.966666666666666430e+01
6.433333333333332860e+01
7.333333333333332860e+01
8.113333333333333997e+01
9.433333333333332860e+01
9.713333333333333997e+01
1.037999999999999972e+02
1.062000000000000028e+02
1.211333333333333400e+02
1.254000000000000057e+02
