1.000000000000000000e+00
1.983999999999999986e+00
3.016000000000000014e+00
4.176000000000000156e+00
5.008000000000000007e+00
6.879999999999999893e+00
7.823999999999999844e+00
9.900000000000000355e+00
1.150000000000000000e+01
1.348799999999999955e+01
1.683200000000000074e+01
2.019200000000000017e+01
2.398799999999999955e+01
2.783999999999999986e+01
3.452400000000000091e+01
4.135999999999999943e+01
5.011200000000000188e+01
6.193599999999999994e+01
7.604800000000000182e+01
8.863200000000000500e+01
1.064639999999999986e+02
1.325600000000000023e+02
1.596680000000000064e+02
1.953760000000000048e+02
2.371200000000000045e+02
2.868799999999999955e+02
3.438319999999999936e+02
4.125840000000000032e+02
4.894479999999999791e+02
5.919080000000000155e+02
7.208759999999999764e+02
8.858160000000000309e+02
1.125008000000000038e+03
1.367887999999999920e+03
1.588695999999999913e+03
1.831251999999999953e+03
2.204175999999999931e+03
2.635416000000000167e+03
3.144487999999999829e+03
3.748096000000000004e+03
4.396471999999999753e+03
5.397507999999999811e+03
6.062644000000000233e+03
7.704228000000000065e+03
8.919152000000000044e+03
