1.000000000000000000e+00
1.987999999999999989e+00
2.871999999999999886e+00
3.879999999999999893e+00
5.024000000000000021e+00
6.863999999999999879e+00
7.612000000000000099e+00
9.912000000000000810e+00
1.248399999999999999e+01
1.499600000000000044e+01
1.778399999999999892e+01
2.128000000000000114e+01
2.518400000000000105e+01
3.324000000000000199e+01
3.797599999999999909e+01
4.446399999999999864e+01
4.899600000000000222e+01
6.022399999999999665e+01
7.173600000000000421e+01
8.895199999999999818e+01
1.073080000000000069e+02
1.296399999999999864e+02
1.519079999999999870e+02
1.825279999999999916e+02
2.276560000000000059e+02
2.731440000000000055e+02
3.273360000000000127e+02
3.993840000000000146e+02
4.796320000000000050e+02
5.987680000000000291e+02
7.165240000000000009e+02
8.639759999999999991e+02
9.976399999999999864e+02
1.208079999999999927e+03
1.457279999999999973e+03
1.724779999999999973e+03
2.109903999999999996e+03
2.720599999999999909e+03
3.234527999999999793e+03
3.656943999999999960e+03
4.285551999999999680e+03
5.564055999999999585e+03
6.651591999999999643e+03
8.061659999999999854e+03
9.820647999999999229e+03
