1.000000000000000000e+00
2.012000000000000011e+00
3.184000000000000163e+00
4.519999999999999574e+00
6.016000000000000014e+00
9.119999999999999218e+00
1.060399999999999920e+01
1.335999999999999943e+01
1.556000000000000050e+01
1.790399999999999991e+01
2.197599999999999909e+01
2.464799999999999969e+01
3.035999999999999943e+01
3.592000000000000171e+01
4.157600000000000051e+01
4.905599999999999739e+01
5.520799999999999841e+01
6.394400000000000261e+01
7.116800000000000637e+01
7.976800000000000068e+01
8.830800000000000693e+01
9.891200000000000614e+01
1.143960000000000008e+02
1.297839999999999918e+02
1.497680000000000007e+02
1.745680000000000121e+02
2.018720000000000141e+02
2.411200000000000045e+02
2.803759999999999764e+02
3.367040000000000077e+02
4.034920000000000186e+02
4.872239999999999895e+02
5.926000000000000227e+02
7.451599999999999682e+02
9.237640000000000100e+02
1.127612000000000080e+03
1.440511999999999944e+03
1.683167999999999893e+03
2.209775999999999840e+03
2.666248000000000047e+03
3.317552000000000135e+03
3.932844000000000051e+03
4.953851999999999862e+03
6.097159999999999854e+03
7.753923999999999978e+03
