1.000000000000000000e+00
1.864000000000000101e+00
2.895999999999999908e+00
4.203999999999999737e+00
5.064000000000000057e+00
7.040000000000000036e+00
8.288000000000000256e+00
1.090399999999999991e+01
1.308799999999999919e+01
1.509200000000000053e+01
1.794399999999999906e+01
2.121999999999999886e+01
2.523600000000000065e+01
2.993599999999999994e+01
3.741199999999999903e+01
4.399199999999999733e+01
5.341599999999999682e+01
6.545600000000000307e+01
7.847199999999999420e+01
9.515999999999999659e+01
1.105720000000000027e+02
1.316800000000000068e+02
1.535320000000000107e+02
1.867839999999999918e+02
2.266399999999999864e+02
2.777200000000000273e+02
3.451440000000000055e+02
4.262320000000000277e+02
5.251079999999999472e+02
6.530520000000000209e+02
7.678440000000000509e+02
8.981119999999999663e+02
1.103359999999999900e+03
1.328056000000000040e+03
1.567480000000000018e+03
1.875115999999999985e+03
2.240815999999999804e+03
2.644831999999999880e+03
3.273063999999999851e+03
3.970112000000000080e+03
4.764391999999999825e+03
5.530747999999999593e+03
6.814855999999999767e+03
8.320924000000000888e+03
1.036501599999999962e+04
