1.000000000000000000e+00
2.005999999999999783e+00
3.081999999999999851e+00
4.019000000000000128e+00
5.142000000000000348e+00
7.282000000000000028e+00
8.223000000000000753e+00
1.025999999999999979e+01
1.231600000000000072e+01
1.426200000000000045e+01
1.701200000000000045e+01
1.987199999999999989e+01
2.338800000000000168e+01
2.860399999999999920e+01
3.415200000000000102e+01
4.054399999999999693e+01
4.829399999999999693e+01
5.801800000000000068e+01
6.953199999999999648e+01
8.481799999999999784e+01
1.032309999999999945e+02
1.260759999999999934e+02
1.560620000000000118e+02
1.880440000000000111e+02
2.325860000000000127e+02
2.843519999999999754e+02
3.475960000000000036e+02
4.249719999999999800e+02
4.934739999999999895e+02
5.963239999999999554e+02
7.163220000000000027e+02
8.516079999999999472e+02
1.046798999999999978e+03
1.256602000000000089e+03
1.481895999999999958e+03
1.825196999999999889e+03
2.227329999999999927e+03
2.655027999999999793e+03
3.318416000000000167e+03
3.993706000000000131e+03
4.815782000000000153e+03
5.796943000000000211e+03
6.935536000000000058e+03
8.345816000000000713e+03
1.013333899999999994e+04
