1.000000000000000000e+00
1.921000000000000041e+00
3.060000000000000053e+00
4.035999999999999588e+00
5.072000000000000064e+00
7.032000000000000028e+00
7.865000000000000213e+00
9.545999999999999375e+00
1.091000000000000014e+01
1.245500000000000007e+01
1.453599999999999959e+01
1.594500000000000028e+01
1.832499999999999929e+01
2.078600000000000136e+01
2.459499999999999886e+01
2.822800000000000153e+01
3.275800000000000267e+01
3.717999999999999972e+01
4.339000000000000057e+01
5.083800000000000097e+01
6.049300000000000210e+01
7.365999999999999659e+01
9.069299999999999784e+01
1.093299999999999983e+02
1.310140000000000100e+02
1.598839999999999861e+02
1.954699999999999989e+02
2.436659999999999968e+02
3.024800000000000182e+02
3.818639999999999759e+02
4.753919999999999959e+02
5.841699999999999591e+02
7.058630000000000564e+02
9.058300000000000409e+02
1.140897999999999911e+03
1.413228000000000065e+03
1.785374000000000024e+03
2.192775999999999840e+03
2.792621999999999844e+03
3.565090000000000146e+03
4.339974000000000160e+03
5.408359000000000378e+03
6.592291000000000167e+03
8.024155999999999949e+03
9.817195999999999913e+03
