1.000000000000000000e+00
1.844000000000000083e+00
2.807999999999999829e+00
3.716000000000000192e+00
4.647999999999999687e+00
7.232000000000000206e+00
8.500000000000000000e+00
1.068800000000000061e+01
1.271599999999999930e+01
1.490399999999999991e+01
1.828800000000000026e+01
2.021999999999999886e+01
2.427599999999999980e+01
2.903200000000000003e+01
3.640400000000000347e+01
4.420799999999999841e+01
5.455199999999999960e+01
6.876000000000000512e+01
8.393600000000000705e+01
9.795199999999999818e+01
1.117360000000000042e+02
1.349840000000000089e+02
1.579799999999999898e+02
1.927439999999999998e+02
2.281440000000000055e+02
2.855040000000000191e+02
3.299599999999999795e+02
4.039519999999999982e+02
4.896639999999999873e+02
5.722240000000000464e+02
7.042839999999999918e+02
8.570720000000000027e+02
1.014456000000000017e+03
1.252423999999999978e+03
1.456736000000000104e+03
1.857907999999999902e+03
2.265128000000000156e+03
2.728943999999999960e+03
3.375072000000000116e+03
4.026896000000000186e+03
5.046207999999999629e+03
6.031579999999999927e+03
7.096520000000000437e+03
8.871335999999999331e+03
1.083794399999999951e+04
