1.000000000000000000e+00
2.084000000000000075e+00
3.224000000000000199e+00
4.347999999999999865e+00
5.472000000000000419e+00
7.759999999999999787e+00
8.795999999999999375e+00
1.135200000000000031e+01
1.380000000000000071e+01
1.550799999999999912e+01
1.956800000000000139e+01
2.317599999999999838e+01
2.826800000000000068e+01
3.507200000000000273e+01
4.189600000000000080e+01
5.156000000000000227e+01
5.932800000000000296e+01
6.738400000000000034e+01
7.848799999999999955e+01
9.584799999999999898e+01
1.176880000000000024e+02
1.406399999999999864e+02
1.667479999999999905e+02
2.006639999999999873e+02
2.384720000000000084e+02
2.879519999999999982e+02
3.380480000000000018e+02
4.159839999999999804e+02
5.114359999999999786e+02
6.292400000000000091e+02
7.494439999999999600e+02
9.077039999999999509e+02
1.045112000000000080e+03
1.287319999999999936e+03
1.563912000000000035e+03
1.915208000000000084e+03
2.317735999999999876e+03
2.728056000000000040e+03
3.081047999999999774e+03
3.901815999999999804e+03
4.844055999999999585e+03
5.700347999999999956e+03
6.965203999999999724e+03
8.885656000000000859e+03
1.087185200000000077e+04
