1.000000000000000000e+00
2.032000000000000028e+00
3.343999999999999861e+00
4.408000000000000362e+00
5.496000000000000441e+00
7.815999999999999837e+00
9.551999999999999602e+00
1.204800000000000004e+01
1.481600000000000072e+01
1.735600000000000165e+01
2.094399999999999906e+01
2.482799999999999940e+01
2.978399999999999892e+01
3.530400000000000205e+01
4.276400000000000290e+01
4.939999999999999858e+01
5.412400000000000233e+01
6.338400000000000034e+01
7.259199999999999875e+01
8.132800000000000296e+01
9.061599999999999966e+01
9.996800000000000352e+01
1.155280000000000058e+02
1.370320000000000107e+02
1.537040000000000077e+02
1.842160000000000082e+02
2.135039999999999907e+02
2.517119999999999891e+02
3.057040000000000077e+02
3.631759999999999877e+02
4.309119999999999777e+02
5.177200000000000273e+02
6.163360000000000127e+02
7.586000000000000227e+02
9.122119999999999891e+02
1.107951999999999998e+03
1.295415999999999940e+03
1.581448000000000093e+03
1.963367999999999938e+03
2.341496000000000095e+03
2.975255999999999858e+03
3.564195999999999913e+03
4.307608000000000175e+03
5.476539999999999964e+03
6.974368000000000393e+03
