1.000000000000000000e+00
2.016000000000000014e+00
3.160000000000000142e+00
4.331999999999999851e+00
5.559999999999999609e+00
7.703999999999999737e+00
8.448000000000000398e+00
1.093999999999999950e+01
1.286400000000000077e+01
1.528400000000000070e+01
1.868799999999999883e+01
2.149200000000000088e+01
2.536799999999999855e+01
3.060000000000000142e+01
3.903600000000000136e+01
4.582399999999999807e+01
5.365999999999999659e+01
6.060000000000000142e+01
6.635200000000000387e+01
7.856799999999999784e+01
8.990399999999999636e+01
1.055919999999999987e+02
1.166599999999999966e+02
1.314159999999999968e+02
1.501759999999999877e+02
1.734960000000000093e+02
1.990399999999999920e+02
2.343679999999999950e+02
2.885480000000000018e+02
3.392200000000000273e+02
4.268399999999999750e+02
5.222640000000000100e+02
6.628360000000000127e+02
7.641359999999999673e+02
9.261280000000000427e+02
1.187531999999999925e+03
1.461135999999999967e+03
1.676816000000000031e+03
2.187704000000000178e+03
2.552911999999999807e+03
3.297744000000000142e+03
4.011019999999999982e+03
4.696891999999999825e+03
6.089188000000000102e+03
7.969239999999999782e+03
