0.95519600000000
1.09396400000000
0.85014400000000
0.87471200000000
0.69886000000000
0.76249200000000
0.61756000000000
0.62946800000000
0.64451200000000
0.57771600000000
0.56552000000000
0.54734000000000
0.53626800000000
0.52478266666667
0.53460300000000
0.53931733333333
0.54925520000000
0.56373040000000
0.57756266666667
0.59193371428571
0.61516400000000
0.63159911111111
0.65308320000000
0.65818666666667
0.68738742857143
0.69909900000000
0.70459866666667
0.72481409523809
0.73019966666667
0.74369014285714
0.77484900000000
0.79940572972973
0.83110288372093
0.85454334693878
0.88425585714286
0.91516190769231
0.94934576000000
0.97864641860465
0.98618125252525
0.99681627826087
0.99075166412214
0.99075166412214
