0.41763500000000
0.37484700000000
0.35169600000000
0.34193900000000
0.33473700000000
0.32975100000000
0.32531800000000
0.32146000000000
0.31454700000000
0.31139700000000
0.30526300000000
0.29935600000000
0.29375600000000
0.28827200000000
0.28033000000000
0.27016000000000
0.26310000000000
0.25169300000000
0.24110800000000
0.22916400000000
0.21614500000000
0.20256800000000
0.18873000000000
0.17491300000000
0.15997100000000
0.14470800000000
0.12935400000000
0.11444900000000
0.09915100000000
0.08454700000000
0.07010400000000
0.05669400000000
0.04401700000000
0.03259100000000
0.02285800000000
0.01511500000000
0.00913600000000
0.00481900000000
0.00223900000000
0.00089400000000
0.00030500000000
0.00007300000000
