1.00000000000000
1.95519600000000
3.04916000000000
3.89930400000000
4.77401600000000
5.47287600000000
6.23536800000000
6.85292800000000
8.11186400000000
8.75637600000000
9.91180800000000
11.04284800000001
12.13752800000000
13.21006400000000
14.78441200000000
16.92282400000000
18.54077600000000
21.28705200000001
24.10570400000000
27.57107999999999
31.71461600000001
36.63592800000001
42.32032000000001
48.85115199999998
56.74939200000001
66.37281600000006
77.55839999999999
90.24117600000001
105.46227199999997
122.98706400000005
143.81038800000007
168.60555599999995
198.18356799999995
233.92099200000007
275.79361600000010
325.31194399999987
384.79746799999987
455.99839999999995
540.16199199999994
637.79393599999992
752.42780799999991
882.21627599999931
