1.000000000000000000e+00
1.989999999999999991e+00
3.085999999999999854e+00
4.128000000000000114e+00
5.059999999999999609e+00
7.022000000000000242e+00
8.103999999999999204e+00
9.880000000000000782e+00
1.181400000000000006e+01
1.395500000000000007e+01
1.727400000000000091e+01
2.026899999999999835e+01
2.452599999999999980e+01
2.923999999999999844e+01
3.617600000000000193e+01
4.367999999999999972e+01
5.170600000000000307e+01
6.346999999999999886e+01
7.577400000000000091e+01
9.457200000000000273e+01
1.119399999999999977e+02
1.335260000000000105e+02
1.608410000000000082e+02
1.938640000000000043e+02
2.306519999999999868e+02
2.746419999999999959e+02
3.282660000000000196e+02
3.994340000000000259e+02
4.873319999999999936e+02
5.901979999999999791e+02
7.300309999999999491e+02
8.785180000000000291e+02
1.068169000000000096e+03
1.268809999999999945e+03
1.525686999999999898e+03
1.844493999999999915e+03
2.219423999999999978e+03
2.707594000000000051e+03
3.190155999999999949e+03
3.790436000000000149e+03
4.599340000000000146e+03
5.467012999999999920e+03
6.637764000000000124e+03
7.988420000000000073e+03
9.857311999999999898e+03
