1.000000000000000000e+00
1.955999999999999961e+00
3.128000000000000114e+00
4.083999999999999631e+00
5.416000000000000369e+00
7.943999999999999950e+00
9.067999999999999616e+00
1.192800000000000082e+01
1.417600000000000016e+01
1.714000000000000057e+01
2.037600000000000122e+01
2.323999999999999844e+01
2.734799999999999898e+01
3.148799999999999955e+01
3.770000000000000284e+01
4.524000000000000199e+01
5.198400000000000176e+01
5.877600000000000335e+01
6.613599999999999568e+01
7.583199999999999363e+01
8.502800000000000580e+01
9.631199999999999761e+01
1.126719999999999970e+02
1.348319999999999936e+02
1.594399999999999977e+02
1.834000000000000057e+02
2.179679999999999893e+02
2.507119999999999891e+02
2.973559999999999945e+02
3.836039999999999850e+02
4.620880000000000223e+02
5.640080000000000382e+02
6.962640000000000100e+02
8.422640000000000100e+02
9.900119999999999436e+02
1.210663999999999987e+03
1.420928000000000111e+03
1.744223999999999933e+03
2.136976000000000113e+03
2.552119999999999891e+03
3.140447999999999865e+03
3.926472000000000207e+03
4.950587999999999738e+03
6.311003999999999905e+03
8.055043999999999869e+03
