1.000000000000000000e+00
1.997999999999999998e+00
2.990000000000000213e+00
3.952999999999999847e+00
4.897999999999999687e+00
6.847999999999999865e+00
7.633000000000000007e+00
9.637999999999999901e+00
1.146899999999999942e+01
1.367999999999999972e+01
1.659600000000000009e+01
1.944999999999999929e+01
2.303399999999999892e+01
2.788200000000000145e+01
3.510000000000000142e+01
4.186999999999999744e+01
5.070300000000000296e+01
6.153199999999999648e+01
7.427200000000000557e+01
9.229000000000000625e+01
1.131539999999999964e+02
1.346620000000000061e+02
1.636529999999999916e+02
1.979459999999999980e+02
2.350080000000000098e+02
2.817019999999999982e+02
3.487500000000000000e+02
4.273100000000000023e+02
5.141649999999999636e+02
6.018460000000000036e+02
7.185320000000000391e+02
8.712599999999999909e+02
1.054342000000000098e+03
1.270597999999999956e+03
1.531377999999999929e+03
1.877784000000000106e+03
2.232940000000000055e+03
2.723601999999999862e+03
3.294150000000000091e+03
3.918036000000000058e+03
4.714555999999999585e+03
5.768063000000000102e+03
6.808029000000000451e+03
8.395274999999999636e+03
1.028247099999999955e+04
