1.000000000000000000e+00
1.943999999999999950e+00
3.024000000000000021e+00
4.192000000000000171e+00
5.496000000000000441e+00
8.016000000000000014e+00
8.939999999999999503e+00
1.160800000000000054e+01
1.387199999999999989e+01
1.629599999999999937e+01
1.838400000000000034e+01
2.169200000000000017e+01
2.517599999999999838e+01
3.020799999999999841e+01
3.645199999999999818e+01
4.146399999999999864e+01
4.956799999999999784e+01
5.759199999999999875e+01
6.685599999999999454e+01
7.572799999999999443e+01
8.350000000000000000e+01
9.218399999999999750e+01
1.061039999999999992e+02
1.212879999999999967e+02
1.414559999999999889e+02
1.646719999999999970e+02
1.965039999999999907e+02
2.321920000000000073e+02
2.743000000000000114e+02
3.318840000000000146e+02
4.241840000000000259e+02
5.185919999999999845e+02
5.975800000000000409e+02
7.377920000000000300e+02
9.467480000000000473e+02
1.110692000000000007e+03
1.376791999999999916e+03
1.731008000000000038e+03
2.015736000000000104e+03
2.534416000000000167e+03
2.960288000000000011e+03
3.516943999999999960e+03
4.423984000000000378e+03
6.036123999999999796e+03
7.561268000000000029e+03
