1.000000000000000000e+00
2.024000000000000021e+00
3.040000000000000036e+00
3.915999999999999925e+00
4.767999999999999794e+00
6.871999999999999886e+00
8.204000000000000625e+00
1.064000000000000057e+01
1.223199999999999932e+01
1.426399999999999935e+01
1.681599999999999895e+01
2.022800000000000153e+01
2.415599999999999881e+01
2.937600000000000122e+01
3.748400000000000176e+01
4.446399999999999864e+01
5.623599999999999710e+01
6.631999999999999318e+01
7.645600000000000307e+01
9.566400000000000148e+01
1.131080000000000041e+02
1.341440000000000055e+02
1.637199999999999989e+02
1.994720000000000084e+02
2.340639999999999930e+02
2.815760000000000218e+02
3.463519999999999754e+02
4.165679999999999836e+02
5.074879999999999995e+02
5.959959999999999809e+02
6.905800000000000409e+02
8.691680000000000064e+02
1.039683999999999969e+03
1.235976000000000113e+03
1.472011999999999944e+03
1.716816000000000031e+03
2.185503999999999905e+03
2.696192000000000007e+03
3.213559999999999945e+03
3.940175999999999931e+03
4.754503999999999905e+03
5.581815999999999804e+03
6.641863999999999578e+03
8.111332000000000335e+03
9.732959999999999127e+03
