1.000000000000000000e+00
2.032999999999999918e+00
3.177999999999999936e+00
4.181000000000000050e+00
5.241999999999999993e+00
7.177999999999999936e+00
8.410999999999999588e+00
1.018200000000000038e+01
1.200300000000000011e+01
1.396599999999999930e+01
1.683800000000000097e+01
1.946999999999999886e+01
2.336599999999999966e+01
2.784400000000000119e+01
3.311699999999999733e+01
3.957600000000000051e+01
4.710199999999999676e+01
5.842999999999999972e+01
7.050199999999999534e+01
8.585800000000000409e+01
1.043209999999999980e+02
1.256899999999999977e+02
1.505759999999999934e+02
1.825759999999999934e+02
2.270560000000000116e+02
2.746859999999999786e+02
3.364499999999999886e+02
4.103940000000000055e+02
4.969139999999999873e+02
6.085480000000000018e+02
7.322599999999999909e+02
8.687540000000000191e+02
1.049659000000000106e+03
1.259579999999999927e+03
1.534661000000000058e+03
1.823280999999999949e+03
2.235545999999999822e+03
2.680206000000000131e+03
3.247876000000000204e+03
3.990461999999999989e+03
4.778689999999999600e+03
5.666168999999999869e+03
6.658182999999999993e+03
8.154166000000000167e+03
9.816959000000000742e+03
