1.000000000000000000e+00
1.927999999999999936e+00
3.024000000000000021e+00
4.155999999999999694e+00
5.464000000000000412e+00
7.519999999999999574e+00
8.832000000000000739e+00
1.126800000000000068e+01
1.369599999999999973e+01
1.644399999999999906e+01
2.012000000000000099e+01
2.377599999999999980e+01
2.787199999999999989e+01
3.344800000000000040e+01
4.111200000000000188e+01
4.848799999999999955e+01
5.788799999999999812e+01
6.705599999999999739e+01
7.570399999999999352e+01
8.956000000000000227e+01
1.049839999999999947e+02
1.232879999999999967e+02
1.506560000000000059e+02
1.798640000000000043e+02
2.159519999999999982e+02
2.666080000000000041e+02
3.126960000000000264e+02
3.677359999999999900e+02
4.408000000000000114e+02
5.351200000000000045e+02
6.700359999999999445e+02
8.280480000000000018e+02
9.779719999999999800e+02
1.197231999999999971e+03
1.448423999999999978e+03
1.822632000000000062e+03
2.226936000000000149e+03
2.631559999999999945e+03
3.094807999999999993e+03
3.632760000000000218e+03
4.372800000000000182e+03
5.157176000000000386e+03
6.194996000000000095e+03
7.813876000000000204e+03
9.444244000000000597e+03
