1.000000000000000000e+00
2.008000000000000007e+00
3.040000000000000036e+00
4.152000000000000135e+00
5.607999999999999652e+00
7.519999999999999574e+00
8.907999999999999474e+00
1.146000000000000085e+01
1.353599999999999959e+01
1.544800000000000040e+01
1.861599999999999966e+01
2.120799999999999841e+01
2.621999999999999886e+01
3.044000000000000128e+01
3.784799999999999898e+01
4.556000000000000227e+01
5.367999999999999972e+01
6.471999999999999886e+01
7.440000000000000568e+01
8.770399999999999352e+01
1.122399999999999949e+02
1.282880000000000109e+02
1.573160000000000025e+02
1.949679999999999893e+02
2.190960000000000036e+02
2.469039999999999964e+02
3.071840000000000259e+02
3.742400000000000091e+02
4.563559999999999945e+02
5.623719999999999573e+02
7.083519999999999754e+02
8.544560000000000173e+02
1.059855999999999995e+03
1.292448000000000093e+03
1.562960000000000036e+03
1.894008000000000038e+03
2.241911999999999807e+03
2.792728000000000065e+03
3.456655999999999949e+03
4.225800000000000182e+03
5.118703999999999724e+03
6.291579999999999927e+03
7.535956000000000131e+03
8.776968000000000757e+03
1.030631600000000071e+04
