1.000000000000000000e+00
1.927999999999999936e+00
2.815999999999999837e+00
3.815999999999999837e+00
4.799999999999999822e+00
6.823999999999999844e+00
8.119999999999999218e+00
1.024399999999999977e+01
1.224799999999999933e+01
1.398000000000000043e+01
1.630399999999999849e+01
1.889199999999999946e+01
2.292399999999999949e+01
2.817599999999999838e+01
3.599600000000000222e+01
4.291199999999999903e+01
4.917199999999999704e+01
6.067199999999999704e+01
7.355200000000000671e+01
8.894400000000000261e+01
1.109639999999999986e+02
1.339840000000000089e+02
1.552280000000000086e+02
1.905920000000000130e+02
2.335039999999999907e+02
2.866480000000000246e+02
3.363439999999999941e+02
4.030960000000000036e+02
4.937559999999999718e+02
6.010639999999999645e+02
7.168400000000000318e+02
8.327039999999999509e+02
1.035627999999999929e+03
1.293880000000000109e+03
1.637500000000000000e+03
1.984703999999999951e+03
2.251023999999999887e+03
2.852184000000000196e+03
3.342576000000000022e+03
3.956559999999999945e+03
4.660551999999999680e+03
5.658212000000000444e+03
6.861131999999999607e+03
8.317711999999999534e+03
9.885427999999999884e+03
