1.000000000000000000e+00
1.973999999999999977e+00
3.028000000000000025e+00
4.158999999999999808e+00
5.160000000000000142e+00
7.187999999999999723e+00
8.185999999999999943e+00
1.008500000000000085e+01
1.222000000000000064e+01
1.388799999999999990e+01
1.689199999999999946e+01
1.934499999999999886e+01
2.314399999999999835e+01
2.748600000000000065e+01
3.362199999999999989e+01
4.027000000000000313e+01
4.875300000000000011e+01
5.765200000000000102e+01
6.931799999999999784e+01
8.312999999999999545e+01
9.903100000000000591e+01
1.190480000000000018e+02
1.452450000000000045e+02
1.793839999999999861e+02
2.193420000000000130e+02
2.608559999999999945e+02
3.235480000000000018e+02
3.976019999999999754e+02
4.865860000000000127e+02
5.927680000000000291e+02
7.273239999999999554e+02
8.802899999999999636e+02
1.066957000000000107e+03
1.260942000000000007e+03
1.528960000000000036e+03
1.863814000000000078e+03
2.285552000000000135e+03
2.762405999999999949e+03
3.282242000000000189e+03
3.986784000000000106e+03
4.810481999999999971e+03
5.766020000000000437e+03
6.968225000000000364e+03
8.292337999999999738e+03
9.758541999999999462e+03
