1.000000000000000000e+00
1.975999999999999979e+00
2.895999999999999908e+00
3.843999999999999861e+00
4.959999999999999964e+00
7.112000000000000099e+00
8.144000000000000128e+00
1.054800000000000004e+01
1.293999999999999950e+01
1.577200000000000024e+01
1.984799999999999898e+01
2.311599999999999966e+01
2.807999999999999829e+01
3.411200000000000188e+01
4.235999999999999943e+01
4.940800000000000125e+01
5.798400000000000176e+01
6.867199999999999704e+01
7.937600000000000477e+01
9.099200000000000443e+01
1.090120000000000005e+02
1.205439999999999969e+02
1.402439999999999998e+02
1.627359999999999900e+02
2.028720000000000141e+02
2.432719999999999914e+02
2.925919999999999845e+02
3.559200000000000159e+02
4.214920000000000186e+02
5.101680000000000064e+02
6.597960000000000491e+02
8.062960000000000491e+02
1.004080000000000041e+03
1.189304000000000087e+03
1.463488000000000056e+03
1.806731999999999971e+03
2.179664000000000215e+03
2.652592000000000098e+03
3.270711999999999989e+03
3.932927999999999884e+03
4.559423999999999978e+03
5.474868000000000393e+03
6.499344000000000051e+03
7.788771999999999935e+03
9.845059999999999491e+03
