1.000000000000000000e+00
2.000000000000000000e+00
3.136000000000000121e+00
4.139999999999999680e+00
5.288000000000000256e+00
7.807999999999999829e+00
9.080000000000000071e+00
1.102800000000000047e+01
1.349200000000000088e+01
1.573199999999999932e+01
1.936799999999999855e+01
2.292800000000000082e+01
2.764000000000000057e+01
3.257600000000000051e+01
3.857600000000000051e+01
4.418399999999999750e+01
5.374000000000000199e+01
6.353600000000000136e+01
7.268800000000000239e+01
8.547199999999999420e+01
1.067879999999999967e+02
1.281040000000000134e+02
1.538760000000000048e+02
1.779519999999999982e+02
2.102160000000000082e+02
2.677679999999999723e+02
3.138319999999999936e+02
3.921440000000000055e+02
4.738999999999999773e+02
5.745919999999999845e+02
6.743799999999999955e+02
8.319759999999999991e+02
9.563079999999999927e+02
1.154599999999999909e+03
1.382584000000000060e+03
1.666107999999999947e+03
2.001503999999999905e+03
2.488599999999999909e+03
2.982927999999999884e+03
3.797976000000000113e+03
4.511024000000000342e+03
5.681684000000000196e+03
7.001555999999999585e+03
8.400752000000000407e+03
1.014155600000000049e+04
