1.000000000000000000e+00
2.036000000000000032e+00
2.943999999999999950e+00
3.967999999999999972e+00
5.104000000000000092e+00
7.368000000000000327e+00
8.039999999999999147e+00
1.046799999999999997e+01
1.262400000000000055e+01
1.493999999999999950e+01
1.870400000000000063e+01
2.267599999999999838e+01
2.671199999999999974e+01
3.135999999999999943e+01
4.113199999999999790e+01
4.920000000000000284e+01
5.706799999999999784e+01
6.564799999999999613e+01
7.807200000000000273e+01
9.430400000000000205e+01
1.107120000000000033e+02
1.336080000000000041e+02
1.665200000000000102e+02
2.037680000000000007e+02
2.488000000000000114e+02
2.967919999999999732e+02
3.569440000000000168e+02
4.286159999999999854e+02
5.110600000000000023e+02
6.141520000000000437e+02
7.372759999999999536e+02
8.519199999999999591e+02
1.024372000000000071e+03
1.249175999999999931e+03
1.489500000000000000e+03
1.799839999999999918e+03
2.210079999999999927e+03
2.592119999999999891e+03
3.160360000000000127e+03
3.822288000000000011e+03
4.595735999999999876e+03
5.696452000000000226e+03
6.947368000000000393e+03
8.521987999999999374e+03
9.902523999999999432e+03
