1.000000000000000000e+00
2.009999999999999787e+00
3.044000000000000039e+00
3.971000000000000085e+00
4.935999999999999943e+00
6.932000000000000384e+00
8.070000000000000284e+00
9.983999999999999986e+00
1.208500000000000085e+01
1.415799999999999947e+01
1.715399999999999991e+01
2.029700000000000060e+01
2.445100000000000051e+01
2.911199999999999832e+01
3.646900000000000119e+01
4.307399999999999807e+01
5.153399999999999892e+01
6.271600000000000108e+01
7.517400000000000659e+01
8.904600000000000648e+01
1.066959999999999980e+02
1.304399999999999977e+02
1.579250000000000114e+02
1.894960000000000093e+02
2.238060000000000116e+02
2.691560000000000059e+02
3.195400000000000205e+02
3.905880000000000223e+02
4.716370000000000005e+02
5.664829999999999472e+02
6.835700000000000500e+02
8.237160000000000082e+02
1.001744000000000028e+03
1.222556000000000040e+03
1.479528999999999996e+03
1.758619999999999891e+03
2.123251999999999953e+03
2.574288000000000011e+03
3.144648000000000138e+03
3.785338000000000193e+03
4.632641999999999825e+03
5.530810000000000400e+03
6.713287000000000262e+03
7.992689000000000306e+03
1.001895199999999932e+04
