1.000000000000000000e+00
2.072000000000000064e+00
3.295999999999999819e+00
4.243999999999999773e+00
5.328000000000000291e+00
7.655999999999999694e+00
9.215999999999999304e+00
1.184800000000000075e+01
1.438799999999999990e+01
1.639199999999999946e+01
2.017599999999999838e+01
2.285600000000000165e+01
2.717999999999999972e+01
3.209599999999999653e+01
3.905599999999999739e+01
4.682399999999999807e+01
5.938799999999999812e+01
7.276000000000000512e+01
8.551200000000000045e+01
9.660800000000000409e+01
1.126560000000000059e+02
1.319840000000000089e+02
1.561479999999999961e+02
1.870320000000000107e+02
2.181440000000000055e+02
2.532479999999999905e+02
3.114639999999999986e+02
3.909119999999999777e+02
4.806399999999999864e+02
5.640720000000000027e+02
6.904959999999999809e+02
8.489919999999999618e+02
1.047503999999999905e+03
1.275183999999999969e+03
1.527435999999999922e+03
1.812928000000000111e+03
2.084728000000000065e+03
2.606119999999999891e+03
3.298351999999999862e+03
3.916032000000000153e+03
4.791768000000000029e+03
5.890627999999999702e+03
7.337444000000000415e+03
8.860195999999999913e+03
1.069642400000000089e+04
