1.000000000000000000e+00
2.028999999999999915e+00
3.064000000000000057e+00
4.131999999999999673e+00
5.193999999999999950e+00
7.019999999999999574e+00
7.862000000000000099e+00
9.702999999999999403e+00
1.168999999999999950e+01
1.359699999999999953e+01
1.636599999999999966e+01
1.917999999999999972e+01
2.309400000000000119e+01
2.837399999999999878e+01
3.503199999999999648e+01
4.161800000000000210e+01
5.030799999999999983e+01
6.094200000000000017e+01
7.210399999999999920e+01
8.818999999999999773e+01
1.042429999999999950e+02
1.293280000000000030e+02
1.576399999999999864e+02
1.872340000000000089e+02
2.285099999999999909e+02
2.730000000000000000e+02
3.337339999999999804e+02
4.035020000000000095e+02
4.908360000000000127e+02
5.875760000000000218e+02
7.139840000000000373e+02
8.413700000000000045e+02
1.028861000000000104e+03
1.256602000000000089e+03
1.526041999999999916e+03
1.812611000000000104e+03
2.211230000000000018e+03
2.688134000000000015e+03
3.259045999999999822e+03
3.966905999999999949e+03
4.747256000000000313e+03
5.838729999999999563e+03
6.988556999999999789e+03
8.425218000000000757e+03
1.015798199999999997e+04
