1.000000000000000000e+00
2.036999999999999922e+00
3.089999999999999858e+00
4.078999999999999737e+00
5.051999999999999602e+00
6.980000000000000426e+00
7.934000000000000163e+00
9.910999999999999588e+00
1.173799999999999955e+01
1.378400000000000070e+01
1.691600000000000037e+01
2.016000000000000014e+01
2.363299999999999912e+01
2.850799999999999912e+01
3.521200000000000330e+01
4.246600000000000108e+01
5.113700000000000045e+01
6.135600000000000165e+01
7.587600000000000477e+01
9.114400000000000546e+01
1.108799999999999955e+02
1.342860000000000014e+02
1.610759999999999934e+02
1.947500000000000000e+02
2.399679999999999893e+02
2.873980000000000246e+02
3.518899999999999864e+02
4.247959999999999923e+02
5.221689999999999827e+02
6.296860000000000355e+02
7.604460000000000264e+02
9.224679999999999609e+02
1.094393000000000029e+03
1.301117999999999938e+03
1.570560999999999922e+03
1.858900000000000091e+03
2.259523999999999887e+03
2.717974000000000160e+03
3.235998000000000047e+03
3.959518000000000029e+03
4.805840000000000146e+03
5.766367000000000189e+03
6.885140000000000327e+03
8.216730999999999767e+03
9.984858000000000175e+03
