1.000000000000000000e+00
1.905000000000000027e+00
3.129999999999999893e+00
4.142000000000000348e+00
5.290000000000000036e+00
7.464000000000000412e+00
8.449999999999999289e+00
1.030700000000000038e+01
1.158399999999999963e+01
1.300099999999999945e+01
1.505799999999999983e+01
1.694900000000000162e+01
1.890700000000000003e+01
2.185999999999999943e+01
2.531800000000000139e+01
2.843799999999999883e+01
3.249699999999999989e+01
3.762599999999999767e+01
4.376400000000000290e+01
5.082200000000000273e+01
6.167099999999999937e+01
7.359799999999999898e+01
8.903700000000000614e+01
1.097039999999999935e+02
1.350780000000000030e+02
1.632940000000000111e+02
2.090759999999999934e+02
2.569859999999999900e+02
3.073050000000000068e+02
3.765219999999999914e+02
4.526820000000000164e+02
5.541660000000000537e+02
6.892119999999999891e+02
8.652440000000000282e+02
1.107269999999999982e+03
1.398939000000000078e+03
1.750746000000000095e+03
2.184769999999999982e+03
2.715032000000000153e+03
3.344057999999999993e+03
4.168735999999999876e+03
5.198753999999999905e+03
6.245528000000000247e+03
7.609287000000000262e+03
9.574165999999999258e+03
