1.000000000000000000e+00
2.068000000000000060e+00
3.216000000000000192e+00
4.483999999999999986e+00
5.807999999999999829e+00
8.208000000000000185e+00
9.227999999999999758e+00
1.104800000000000004e+01
1.386800000000000033e+01
1.541600000000000037e+01
1.851200000000000045e+01
2.165200000000000102e+01
2.530399999999999849e+01
2.970400000000000063e+01
3.589200000000000301e+01
4.174399999999999977e+01
4.878799999999999670e+01
5.839999999999999858e+01
6.568800000000000239e+01
7.454399999999999693e+01
8.840000000000000568e+01
9.782399999999999807e+01
1.136479999999999961e+02
1.266479999999999961e+02
1.513760000000000048e+02
1.824159999999999968e+02
2.089679999999999893e+02
2.474960000000000093e+02
2.861759999999999877e+02
3.478240000000000123e+02
4.194759999999999991e+02
5.043999999999999773e+02
6.284600000000000364e+02
7.763600000000000136e+02
9.456760000000000446e+02
1.174980000000000018e+03
1.351983999999999924e+03
1.695655999999999949e+03
2.004912000000000035e+03
2.449679999999999836e+03
3.118264000000000124e+03
4.046891999999999825e+03
4.824984000000000378e+03
5.943579999999999927e+03
7.132144000000000233e+03
